,0,1,2,3,4,5,6,7,8,9,10,11,12,13,14,15,16,17,18,19,20,21,22,23,24,25,26,27,28,29,30,31,32,33,34,35,36,37,38,39,40,41,42,43,44,45
10_1,0.003695460167699632,-0.010225355794877584,-0.002346743036816511,-0.0029044986558484165,0.014338304661328845,-0.005944079263295963,-0.009176632251775011,-0.005329345086162936,0.03512255988238357,0.6547495044123457,0.4590069100291948,0.5001589930880308,-0.004792343847970989,-0.01322148596214812,0.013499726451165275,-0.00035628597300406905,-0.001682209239129446,0.006081393017231008,-0.0034626026373302432,-0.00955503029713893,-0.02112322147832746,0.02663093521048502,0.04289084438708456,0.4438197666173114,-0.007586363465569882,0.13928836074191495,0.1721190847964404,0.01941807280751648,-0.021198313543061925,0.009420317118790175,0.011828848589791292,0.03560468598201443,0.004429274303357767,-0.019550114257969042,0.1747947125239004,-0.0033544133400832915,0.123831272999124,0.007312801032116316,0.0078567242138879,-0.0005249684172525283,-0.0041288858330225916,0.014760972606876682,-0.00112070443633771,-0.002884605210278192,-0.0021484134289614263,0.009985509383240278
10_2,0.004400433318943741,-0.009249974542650688,-0.003728793946845282,-0.0015021761940061983,0.018505032567225955,-0.00029269476370502015,-0.009052095460163102,-0.007050811555188276,0.03887429740694711,0.6623632407844852,0.49796116765527576,0.5220910038722228,0.011616050302996186,0.015874712638453144,0.012738021104257554,0.0029984650468636628,0.011980201612858662,0.015998193967942508,0.003796439430304252,0.008462081138911169,-0.00649806241459289,0.030126392450680068,0.06133093620730545,0.46810585903803154,0.006362971251795063,0.14815149127993132,0.18044102031222395,0.02193582412653073,-0.018577246682327585,0.010445971418478379,0.013899343917282942,0.03949073352112634,0.005706832354378949,0.009431336912739594,0.1768262555673607,-0.003780809354070379,0.12487911679825282,0.007734122947181634,0.007560416947828351,-0.0018689405408808689,-0.004220028426091408,0.016029940652132,-0.0015720570304047325,-0.006472413635662762,-0.004419693317735238,0.014668340386526589
10_3,0.00720211351774171,-0.010379742858884277,-0.0035886255765762826,-0.0014977681820462488,0.014647487047384325,-0.005420291948474266,2.570952041225182e-05,-0.0033208780286623986,0.03955022682409712,0.48478878492542316,0.27778767374760566,0.49329020762584763,-0.045142933396891675,-0.011783249005192276,-0.009842426560296668,-0.008312948501495767,-0.01860005845353105,-0.15021424018651286,-0.004394778299561969,0.006728521611307813,-0.015769937173952732,0.035691678009204496,0.01965487563392463,0.3507818239990617,-0.012347090426570837,0.13946135940450752,0.1813208221308862,0.02967941739783213,-0.009309509744957332,0.008056860993765772,-0.014863729318527058,0.026967715377037144,0.002670025498775968,0.027887653680203,0.15187263043880272,-0.0009178789337689872,0.11673877829597988,0.008484719595848499,0.0081595921707746,0.002292008282285793,-0.0036669640332163333,0.010107353415869262,-0.0005590948873344004,-0.0012842723198933685,-0.0032368554448423143,0.021048156106250535
10_4,0.004107243631688169,0.006702623004692587,0.005695025995359868,0.0044777601410035195,0.020121756714937065,0.009479762095658775,0.002407886235388139,0.005506114894540588,0.033489860690287684,0.6943174206096671,0.5398624468844179,0.5241706340345511,0.013642570357249686,0.01870579846076279,0.013931431465976972,0.00643893804736461,0.015966472731574703,0.018389129676382718,0.005657079978812684,0.007462354016846183,-0.003231829549724606,0.03304692661227967,0.06255052442577838,0.4882359777749421,-0.010690093995597139,0.15366218857499958,0.17911132643523192,0.03742251530715512,-0.04331981128477203,0.014009220570180182,0.014291580713092857,0.027269835930450424,0.0004154202363583649,-0.018664514005899913,0.15868272034036238,-0.004171456843715969,0.11015467290149511,0.01375344482848138,0.008907581723022707,0.0013780123062909063,-0.002852699240935947,0.024360852423703006,0.002708843471634347,0.004006928129842489,0.0019085055335810583,0.01747350020619662
11_1,-0.0190995289982079,-0.009662289621098743,-0.00412536505430266,-0.003259863788511692,-0.046550979055039514,-0.004460432675994485,-0.009436491022553723,-0.006605342141387614,-0.053250045288601555,0.41596897972750496,0.3878242475793827,0.43396224359201835,0.007985918006013497,0.006871265221819279,0.005590363479204093,0.0035112171849438906,0.006598256351544641,0.00566633719871538,0.0030871641462675596,0.013635889061319692,-0.009657185120321949,0.027334214817520377,0.039166946835614315,0.37620509358875304,-0.011364055238890497,0.09862300714986014,0.12305282202259692,0.022135741997427766,-0.024913204744982674,-0.0671798006100014,-0.017194610208305306,-0.1187229969312263,-0.0542703884176331,0.02444440634911453,0.16879863810517753,-0.002445278686867831,0.11600769289329008,-0.04047145591754967,-0.014863108763063024,-0.0019884330816499476,-0.0043822815674498215,-0.06621164248846953,-0.0013013070215141692,-0.004587328173171027,-0.004407149960648686,0.004914760490635901
11_2,-0.012438653851970079,-0.010231850118823571,-0.00326489112731727,-0.0004377941089569042,-0.03264806815619184,-0.0005167605664581564,-0.007323187503321839,-0.005409778378742869,-0.03702804215691091,0.38460637306743883,0.19780555680530054,0.43786474073594894,0.0010391571140295254,-0.0034507975517461807,0.010433399515612085,0.0008619696790749993,0.00389421943830388,0.014080086282678475,0.00238779447075215,0.00840085342732117,-0.014518861154473893,0.0003554531182387667,0.0057783009479282586,0.36040731594847586,-0.01153507213646428,0.10760270996982213,0.12873894610775677,0.025105580786026316,-0.008017479449524828,0.005807359753172169,-0.034949167528583985,-0.10306072836769578,-0.041067066932445155,0.026631344546944675,0.14886729151129693,-0.0040561000849256065,0.11708398890796261,-0.02947545177071285,0.007749896896621681,-0.00027957052591561226,-0.0003774441879135105,-0.056179932557414165,0.00051456839623245,-0.003162554804055639,-0.004405215679902621,0.004857787867997017
11_3,-0.008492798421881302,-0.008490672730523594,-0.004417292251872187,-0.002758908729630232,-0.04290890487794125,-0.026340496894019096,-0.009133749568680334,-0.005003299129162807,-0.04848003713149682,0.35896964602984993,0.19866409742497224,0.43341004809342504,-0.00038014329675616044,-0.006699249327365028,-0.007932097211050987,-0.0026964545333700036,8.721273388176835e-05,0.011368445730926042,-0.0038469149325898,-0.014161496652679273,-0.011088467537795032,0.034971354801329464,0.03649183997048738,0.35452879540493354,-0.010699583897973292,0.11153149803181231,0.13190545781777374,0.017546669233712692,-0.023626375384056916,-0.0022556137417023324,-0.03696987616416952,-0.11804541861666276,-0.0536834114134638,0.029465138928268686,0.16400913330512787,-0.0029281857926308622,0.10704019469794009,-0.03259875936758539,-0.02243588632350334,-0.0013214743645915037,-0.004187117288586066,-0.07007408180307559,-0.0008382221344423544,-0.004384399214928939,-0.003736797363799977,0.015320842296930329
11_4,-0.0038967608944153087,-0.010769435045165528,-0.0032163634697507403,-0.0022976977819279504,-0.030477878857513116,-0.02210796732457069,-0.0022726365373522336,-0.004783999632314772,-0.029368462488247114,0.37175785739986483,0.23177728300970013,0.42932172637933314,-0.016056044241476795,-0.006722479008563673,-0.006599940929739623,-0.0034093970618816706,-0.01711710463128247,-0.16801372864512298,-0.00540455349780697,0.004040324011758569,-0.014683461092655059,0.024918451651777276,0.033616263127912,0.12980863679052088,-0.0107203053874335,0.10103217646325253,0.1525700720665314,0.0415610176424105,0.00903367860669023,0.013257990345005004,-0.037962935550628504,-0.08303419863378116,-0.048492566997293436,0.03966701384509941,0.13327260801058288,-0.005611260487965945,0.11669920188621649,-0.02887098181051615,-0.011966598224646784,0.00190218169921064,-0.002322416244238537,-0.049626852455935705,-8.490718751278195e-05,-0.004161620882734548,-0.0036610007716819546,0.02269813545306185
12_1,-0.0007772485408032767,0.00578139036277295,0.003058030652452043,0.0022863043317884065,0.012532013652744976,0.0028955335049148986,0.0026794864279789743,-0.00024900232651478034,0.009039385482145914,0.663814449206409,0.5179273738533402,0.46600211225442384,-0.02209108342710726,-0.010498303685364729,-0.01109809936786738,-0.0016650436368121843,-0.017025202694430593,-0.1063285411096043,-0.0054405471313767936,-0.01083998504920433,-0.011648904923353224,-0.07475066374590424,-0.004695859956575283,0.4499303555820221,-0.00621006913906525,0.1194908503052087,0.1903947725935272,0.020810668721714578,-0.057034380108590556,-0.07963592904695663,0.0008806423195236579,0.025935755875592735,0.0028480100170577474,-0.0023229777155087347,0.11458920609948484,-0.0004685432497095569,0.10394186151409782,0.003676382737136563,0.005542091394485618,-0.003772553336246284,-0.0008458492548438634,0.011494331474551795,-0.0014456766737616312,0.0002506586059202549,0.0016368564876889273,-0.011666883831864086
12_2,5.8682750441460714e-05,0.0027726344499070066,0.0038788282973599084,-0.0011700422956520214,0.014521129417901244,0.0050719295576089505,-0.0007871504038796284,-0.00029299509653502785,0.019916631718123485,0.6620536129032237,0.4909888419167582,0.46608439418431113,-0.00034616314113445506,-0.009101008308109082,0.013704330946476329,0.0020319171230729367,-0.0013217734363118656,0.0068271968509612466,0.003253906321641209,0.0078002871623348196,-0.030071905542787245,-0.06766498559352925,-0.003993478266939172,0.4379090969916606,0.007785267852455947,0.1254362412798008,0.1535105080675962,0.02052295618173551,-0.0559302629695472,-0.07487422796901778,0.01366300705863464,0.002724925781221863,0.006081782138407861,-0.018569462507920426,0.13435465741275665,-0.0019201779538468582,0.10522428007445005,0.006087071862173505,0.0074446640954492,-0.0025502765139415215,-0.0023433456987531453,0.01635227685866737,-0.0019475094191519847,-0.0033822365097245536,-0.0037590589769387122,-0.010869590293511422
12_3,-0.0007500819544860841,0.005941608432344537,0.0024432858667869377,0.0031015587929631924,0.014388620422847788,0.006930731822527508,-0.0015632552965770682,0.002379474190231221,0.005296694102967488,0.6706664136478709,0.4741407339366715,0.4634443981331834,0.007013073394675485,0.017903562198110158,0.007724722331494323,0.0033175372797815215,0.010611220522463603,0.008558664211495324,0.001973733158732213,0.011398331788143371,-0.02779873313522206,-0.08025705454168973,-0.01855205314287187,0.4427688731912869,-0.0021542707262246557,0.11109204015407126,0.15540328125860034,0.021949020069906847,-0.06951533135576644,-0.09170888613263056,-0.013218414852744066,0.038011934316536156,0.01030390601624189,0.0033866779119111922,0.1207496508451109,-0.0030492163500963295,0.10338849777238236,0.008042877872334993,0.0061979711060782695,0.00034421476654294893,-0.001640403787505012,0.015772304057125663,0.0018415814261134255,0.005228982306530336,0.0011772941190890157,-0.01273472614033925
12_4,-0.0010173937429534018,0.004382185036574324,0.0020682805054248643,0.0030191678974542183,0.014868450004975898,0.006539309026456567,-0.0016442364335787377,0.002443643818196643,0.005290005662000206,0.6523571769696032,0.4567720974063351,0.4594850596477536,0.00737549125271204,0.015594249804837866,0.007029045593131491,0.002399956193488478,0.008166430588349727,0.010701757478660713,0.0013871593991350317,0.010523890166714182,-0.025290503288753426,-0.08021082963283599,-0.016052731236978052,0.45000704301029343,-0.0053345185521011034,0.11835856473891491,0.14702765454905983,0.021467013261897618,-0.03514644727800919,-0.08232138443805054,-0.012226352271923356,0.02807720475875083,0.008388883084646801,0.00162809761435886,0.1181557327867776,-0.001872780878622674,0.10013452157999443,0.00621436562134296,0.006155684090291244,0.00020276842269545284,-0.0014758161060888886,0.01587544235175345,0.0016086763248422808,0.0030015573626214075,0.0012994044262754725,-0.013197775240006726
13_1,-0.00022836889102147137,0.0029494327979667752,0.002665164731931227,0.000333023938265504,0.003857796255184053,0.00402058979738518,7.80103938988105e-05,0.0006637469602094998,-0.010036968650604345,0.13611236923036055,-0.07482909979223377,0.144075027709323,0.007432404696439398,0.004563571881683501,0.012520760402986714,0.004490496623224417,0.01532683965437762,0.020532553438487006,0.007561795315520773,0.017421465579996385,0.0076324346700862924,0.04281344837240509,0.004894807258247208,-0.09274213299034306,-0.011386992548316727,0.005435597410778389,0.018734017003510524,0.030345471930144405,-0.06088327421002846,0.016362910933673445,-0.008570076018711632,0.06573342327087757,0.02858557356452335,0.007591333926390469,0.11893206803132109,-0.0035852742939555603,0.0812608771243629,-0.00245231900773729,0.0010508652098719837,0.0017647608486658424,-0.0030906322037049477,0.006695069570762108,0.00011615392597575573,0.001107226974771497,0.0019371321485129262,0.04248649678934484
13_2,-0.00313456671627983,0.0023791368565773377,0.0021568027288265588,0.0006833545201120311,0.0022719064431491512,0.0028559608412704017,-0.0012376785803371016,-0.00338211583836001,0.007066207962805996,0.16762196831835413,-0.07505083425113675,0.15706619138295494,0.00554025339615645,0.011571262070692794,0.011623922410466331,0.004246490514806651,0.01043052375707438,0.021901487153854215,0.013524765618191914,0.03627360829934031,0.012435982979106072,0.04638672674970923,0.021807001149362005,-0.09197883271629705,0.014205881030217074,-0.02120855065160801,0.017075107111696665,0.024137323104340722,-0.057217754184968876,0.018669592152179136,-0.010236416660571762,0.05355356141102202,0.018025146479987035,0.00461304094870102,0.1391898457440507,-0.006011607281335344,0.09209034946464655,0.0006305660419869131,0.0019441083140218096,-0.0010590697668586713,-0.003196922893849294,0.0037984209384751277,-0.0009816017553858092,-0.0012934380100927117,-0.005238398499673332,0.025296168707303862
13_3,0.0033064935931445506,0.0033139079342187423,0.0026913994562553956,0.0005776503656738732,0.0006168183447719772,0.0032661816226205245,-8.571368645316606e-05,-0.0017001543653797305,-0.016835204135068085,0.14611267031200176,-0.0752493112552412,0.1514884310758776,0.0025801047478601134,-0.004537845182697669,0.015147104263620405,0.004375462445582598,0.003999638701434086,0.020821200204316437,0.01066233381329296,0.028996261449116094,0.009997684355898612,0.04252920564935596,-0.10679188919816734,-0.09269806974916772,-0.01154530759091283,0.011511034496336907,0.023329017611320772,-0.30463032410294255,-0.11552599909546056,0.005804484815631732,-0.008499917776015824,0.07098568178612043,-0.002448517055958603,0.010517167027255215,0.1408902639428607,-0.0035730006356866914,0.07741698761144092,0.0004567056903824683,0.0016531463905855809,0.0013775260514644198,0.0008530942670265416,0.0034156741449120646,-0.0006875575438475621,-0.004550285371161135,0.0030757522590252983,0.03643791588978813
13_4,-0.0015771062718375947,0.006407061734241954,0.002967923276706286,0.00021358585818460947,0.00312544624969325,0.005748963075780329,-2.0927007956810014e-05,0.0006907041508090132,-0.007862369153057658,0.13739092747375575,-0.07533962557313086,0.1464932025252597,0.006314313120738428,-0.0032195157731445545,0.00895992167135837,0.0032054852084321926,0.014025561039591197,0.022269657120243508,0.001814281540038253,0.02072103420761206,0.0075284400446267545,0.042961819714702316,0.02070096579205265,-0.0887887173289245,-0.012033641900142512,-0.0019520926521361674,-0.029156448546747746,0.027238671339287257,-0.04311133185208462,0.016033875907754118,-0.005962414133946623,0.023203971436726787,0.030403839009079777,0.0049032225816146215,0.11383311577217922,-0.0030019260904793122,0.08532477711897064,0.0012757595177390238,-0.002103082579076202,0.001428428754414553,-0.001690036847510808,0.00940062348046294,0.0004468660361613583,0.00421898969436574,0.0020715743264276662,0.029456847342357637
14_1,-0.01721999035302843,-0.004345389920202419,0.0026270332099563184,-0.001269809967261336,-0.011596851984366297,-0.0004239306707378533,0.0007706518769594107,0.0009764561075159019,-0.03866354777646879,-0.434672528657733,-0.10034643402670414,0.10486205553630272,0.006069272295462048,0.007131766628157394,-0.016047814894408912,-0.008063830566021316,0.011566307844997535,0.007684491131967559,-0.02122304645690909,-0.0358317932604597,-0.06641639101347725,-0.14836201716020314,0.014230268710824518,-0.10298632082368384,0.049973173540005564,-0.017590353651961217,-0.03956097311242532,-0.07456510618005809,-0.1791566674216808,-0.15877467425328493,-0.046538346722509054,0.0400094765907145,-0.004032398249944905,-0.008777030720353449,0.09518389348956811,-0.0017161336150136076,0.05505770772945556,-0.015673676136801266,0.0014638328146258754,0.0005045789510729578,-0.015875525585747726,-0.00030417270813914196,-0.005487152721727083,-0.010355188948834203,0.003106437827915251,0.011468151093464031
14_2,-0.017854107503845477,0.0056546765843699205,0.0029241239729875376,-0.0005226704574093873,-0.017312008701830407,-0.0007965925376921534,-0.0016763719793019432,-0.0050518102501731586,0.0028889704203131205,-0.8379874498967396,-0.10732534571956975,0.0851683592811018,0.004853836037720257,0.0015640868999737937,-0.015512832438076293,9.80634238670065e-05,0.002350870566030314,0.011577507978874324,-0.016391509397451504,-0.03285606251938377,-0.06928811266905115,0.055525146188624995,0.011480888992215643,-0.1201936948955858,-0.02283703644186941,-0.06668581823814779,-0.05131074266156156,-0.05963928927590004,-0.08998896779196318,-0.13782727043421925,-0.04582168606370885,0.015338527144439939,-0.0026702531097401,-0.03889423079537703,0.0921170013379104,-0.010017468624265858,0.05581675229105118,-0.013132653997239807,-0.013513308706987092,0.001053182286644724,-0.007562370502726301,-0.001001548315272838,-0.0030057559517952057,-0.010767646568216377,0.00406761050963227,0.01735713637389546
14_3,-0.017267552029247336,0.003217842219479439,0.0024642400135696766,-0.002063753834104511,-0.015654705110632522,0.007127199039080892,0.001068517824703855,-0.004441546717532826,-0.0005427779387247793,-0.844206314473668,-0.14734606255478197,0.0807424224404748,-0.11268532765344892,-0.014227630825413512,-0.013860104211434928,-0.005302126010321964,-0.032542497736709294,-0.24152893036046746,-0.012866115845864558,-0.03900934253396548,-0.03360596201070203,-0.15406257979016738,0.006395245192108082,-0.10244432618780952,-0.020478384673786373,-0.050611557597373145,-0.025259743377407322,0.030594277037044357,-0.11812747330423273,0.0030226296131790173,-0.02854141467721636,0.020679391542052457,-0.0038961768427549187,-0.03856734046938791,0.0649144527187741,-0.006862663839958405,0.06043560992141625,-0.01106325452138438,-0.010371037674209882,0.0017999365238942967,-0.0033320877756448245,0.00549205940875757,-0.0011757280936526638,0.0012911335633081604,0.003963665398057422,0.02054940925330454
14_4,-0.01845638857671896,0.0016550573716941658,-0.0020682723313842884,-0.006831894605623841,-0.012745275558903911,-0.005731637926601828,0.004184993379076811,-0.002789220484388692,0.00073554844654276,-0.7560570591997414,-0.1391828959224182,0.03960521962276856,-0.11370564625822784,-0.014504935299888175,-0.014509895229659476,-0.004766215250499256,-0.048046037823118615,-0.2710522281465228,-0.012939047523286812,-0.028781878244921854,-0.027145215093461048,-0.15291970078350564,0.03413141301601193,-0.08656287489029789,-0.004779721955945014,-0.05342824563050221,-0.05010787175305647,0.031487530591397334,-0.12673262733068946,0.0010674304246384725,-0.003763751868927326,0.0122317561030672,-0.007359272234458699,0.013942767195619994,0.07419849646161814,0.006651489218056599,0.06445016549371381,-0.011015955193556581,-0.005381004323176243,-0.007337714675176245,-0.0048902205846956814,0.004821029241062229,-0.0017516858993971186,-0.002698629094893175,-0.00371907901369257,0.018627356138527448
15_1,-0.001231517363146804,0.009798998306879317,0.004605112636976297,0.0003207000976841221,0.006683919518040189,0.005159985070148946,-0.00045420601066430805,0.001217002173613683,0.03183463944437218,0.1796994138164817,-0.0727798909344849,0.1386332426206902,0.0069301620802465595,-0.0004007552598111573,0.015907084905822804,0.004000546286034077,-0.04214835765566032,0.021953743133216852,0.010511100790308444,0.025765016261480884,-0.03079147513155622,-0.10621333453024914,0.016324632723185125,-0.08543059824452832,-0.01173977917389513,0.0036572087622006007,0.023182828319615052,0.03655659621867581,-0.08261350445698594,0.007679100599768658,0.01612246848609619,0.07939429451690319,0.03356018247850765,-0.011254862510393539,0.10814195682758429,-0.0014155816321498478,0.08458264116179899,-0.0011266897261245326,-0.0004247264405123368,-8.755907815897294e-05,-0.0028092524478997975,0.010980891086579233,0.0008868328077330352,0.004730043953258051,0.0022503870868740756,0.0032382324679497655
15_2,-0.0011305139512101299,0.012408052779188496,0.0025915139890691496,-0.0001407368128322743,0.003424868566553838,0.00528739787310438,-0.00021140559980562998,0.0014374153202774867,0.030611031579317008,0.2085543670332794,-0.06418631267862232,0.1540841514909587,-0.00036319724056929555,-0.0024669699527661367,0.011133111066519576,0.005228849984402466,0.005283843977095163,0.023400020792565833,0.01510572209186521,0.05397741932785307,0.014407909888280595,0.0313197735303522,0.022292992877038634,-0.07577388367761223,0.011135371816673933,0.024428019368956985,0.035230847937119274,0.024577639929225924,0.0354199990433848,0.007928269100455947,0.0382966937116802,0.07999763897141908,0.04101075308565915,-0.011845985695662265,0.1296759583555942,0.011613582738427483,0.08942666392988413,0.0015891333831451158,-0.0006625856781827301,0.0005573060480738858,-0.0024982619662617853,0.010114452636859433,0.001418006322936297,0.003073612925034797,0.0024598920624903753,0.00017484113625688562
15_3,-0.0017049082486976321,0.012384948304929274,0.0031100243040362713,0.00037130756108775956,0.004221587216217051,0.00458209814889421,0.0003177389383089065,0.0007481143227805535,0.006784237343744036,0.18740951001813422,-0.07092767557309121,0.15017542613186183,0.005409534929319713,-0.0028024415919557827,0.011175255691583365,0.0038036042367244447,0.013304190747379268,0.023242171793830167,0.007549737498792657,0.045089491208046284,0.011521861457223812,0.034917604171788234,0.024977827595373557,-0.07974459626435482,-0.004292845897011271,0.00694396430565905,0.017800147239986904,0.04098909337663603,0.035460800854947676,0.014142892944940902,-0.009815053796146219,0.03018930522384817,0.036476258259483314,0.0047094269611542405,0.12673161772908553,0.016913312114357898,0.0834163245518426,0.001130320098841864,-0.0005971777101412936,0.0005772376011806893,-0.004990937865018147,0.009168088859410993,0.0009431107301078897,0.003387044335020823,0.0014192313978602783,-0.0012434880917919634
15_4,-0.00023642547687062736,0.003584096134915307,0.004167869816748487,0.0001589936121904081,0.006906622296827069,0.005049697936424009,-0.000753321325749461,0.001425783525265408,0.046446789961469885,0.18448405489127884,-0.06746088611217804,0.14781447364003164,0.004595926470863659,0.0012631592342429014,0.0167219173837348,0.0030862122740957774,0.0078046016980133125,0.02497497491279893,0.013903821284168295,0.02543481056235948,-0.008894003911732413,-0.10176352169284394,0.0187778921555025,-0.07705738453438427,-0.011494861176165173,0.030906390827631962,0.02978361332411807,0.04296373273433303,0.043926612073906676,0.006042202744413741,0.04077795141604553,0.0851454066742224,0.04476793467056214,-0.011262141557901445,0.09479738807344246,-6.892693721507333e-05,0.08640475005974363,0.00499737770487545,0.0012187411561624568,0.0009548408682982359,-0.0006586010602885618,0.013359210682974828,0.0012312219416215284,0.008521444403047975,0.0028490932727851573,-0.000719658663173429
16_1,0.01037263840555824,-0.008021868698354397,-0.004007912130798046,0.002730127119422827,-0.0030131237269847605,-0.010092612297311298,-0.0043921540219740715,-0.0020229994492595104,-0.036458475285358186,0.061349992089373064,-0.058988305025289706,0.15258131611257553,0.008429872681063575,-0.002324918799027497,-0.019720916831492664,-0.0025415651294673613,0.015398945338859577,0.025747520760527397,-0.013935426051116308,-0.01571484570240871,0.011248855412553525,0.03238762023168021,0.053453431313536366,-0.06729512951472794,-0.02193867465821116,-0.032522125523118374,-0.009477260450260877,0.041578118734518194,0.032873364550232875,0.01595165666468968,-0.020365628536437058,-0.04584830246297737,-0.03185950645722206,0.006613948910993938,0.12138410122831797,-0.003315689301891578,0.10932175535999909,-0.0023932975535910558,0.0021982717910046475,0.003814501822590777,0.003206681354999882,-0.016897641401651026,0.002195371072499077,-0.005606441822749467,0.0029013892644346364,-0.011532826759412116
16_2,0.010237568450664996,-0.010549672246362524,0.005825571549036999,-0.010142908589392239,-0.021759224169233888,-0.013863761136574618,-0.005207428514198009,-0.001255934263509468,-0.05256175089999872,0.048245403051234724,-0.06490871859863681,0.1398397369518148,0.0077699517232277275,-0.005813842542855416,-0.01815717976651728,-0.00795464858654834,0.0007064408947327907,0.020744217371645775,-0.018463586059304083,-0.023055201253777552,0.00545895567123989,0.027365307178793125,0.03471659122314353,-0.07800110990555234,-0.027678386371405028,-0.0418019903396677,-0.20647573059853266,0.029536084634405792,0.029877092273527882,0.007962139927312192,-0.021994419027874357,-0.07372500736498651,-0.03571883814172227,0.0035461190077226575,0.09886439833770592,-0.010652416488114918,0.10419833692477246,0.00015287039107729548,0.0015038933933622842,-0.004334320963368361,-0.003130204983841161,-0.015266140590105648,-0.0010957306146766467,-0.007850776938682802,-0.003386353715861214,-0.01768821536316673
16_3,0.014499998399478407,-0.008191323295127739,-0.0029751968824504003,0.00487937507616111,-0.0027707882900026653,-0.013853064580316913,-0.004651363598161869,-0.0005713838665535726,-0.03199670073761189,0.06884929803857606,-0.0567794097255952,0.1556087512389637,0.006247383541218465,-0.0021691844766132088,-0.009536749806626775,-0.002581910999036775,0.016473320185688322,0.028666854025126327,-0.011297859555556967,-0.015440320508838812,0.023179608318264794,0.03775893136257596,0.05510274691646916,-0.06457037020145268,-0.01744328816883074,-0.029132503497214562,0.003504878591443355,0.043097598606948506,0.03513320667541208,0.018820741144556327,-0.018105309543115726,-0.038251802986645746,-0.029813921145478633,0.007485221897623693,0.12471778185005972,-0.0021201588960700997,0.10994280993308152,-0.0023302241275746853,0.002941872076485562,0.0076454035123372024,0.004357029669227938,-0.011929454006788862,-0.0008546325687035691,-0.005591724554089677,0.005601140082953464,-0.0081039266428706
16_4,0.01385633425880989,-0.008427230095014605,0.005382924630298626,0.0009402870859913918,0.0008822072121068248,-0.0070118792936978164,-0.002177982708460554,-0.0021102569736167307,-0.03627939824590774,0.058688624752735126,-0.05657140714485216,0.14891612886981928,0.010598019428299804,-0.002295179218922144,-0.025574043896368828,-0.0011221555123880583,0.016458701952865827,0.024299494712263524,-0.014073596364425402,-0.014896444953682381,0.010854696165869548,0.0340066373670124,0.05113022761352791,-0.07459429450006966,-0.021204634439846243,-0.030293132097277624,-0.27807631727641285,0.038643979216367356,0.0268957890215444,0.018021842629122077,-0.025408432586435277,-0.04339767282927557,-0.03489281284180236,0.00417726072009154,0.11232423693423915,-0.0035395451879311436,0.10831075323116353,0.0005344447227854614,0.0010512513367378893,9.912062412430696e-05,0.0035757811259341,-0.015844978952560655,0.002820117873890333,-0.004795963609683955,-0.0025168235724396795,-0.011890067420560188
17_1,-0.015880362184569757,-0.0004485035334133231,0.0027820238310604668,-0.002782968774884188,0.0041300039376307345,-0.00371420670474934,0.0005750919909529832,-0.005360861094065527,0.0005109766997012676,-0.6171892891464691,-0.11878792695984622,0.1117829842745948,0.006081653111375447,0.002300010948304948,-0.015981397648538162,-0.0028856122023984553,0.01164387184448404,0.020841597434858194,-0.0032702045150465003,-0.027077531474807303,-0.035420507155383585,-0.1362406558280918,-0.001983993663996543,-0.09421160757621717,-0.016804511069978757,-0.06304013508745898,-0.026075290905463882,0.03672371599373426,0.06577694383152385,-0.04709996771942744,0.001853960853538066,-0.0379252082628538,-0.011518420348083125,-0.06022597113847698,0.11430428965113264,-0.016221872201340026,0.06981821922053195,-0.009463033196385768,0.0024381771691880565,-0.002653201799307439,-0.006058339743087717,-0.007419599852259217,-0.004750520489449738,-0.0018070007565477771,-0.002923148862996571,0.019182844711279613
17_2,-0.005354280867242323,0.0027316321332450876,-0.00031470914401109774,-0.0042142107416502685,-0.0028081042105350166,0.0004451518530799085,-0.0009331972088070431,-0.0028614558330435406,-0.02289735194554265,-0.5892053501091754,-0.12413454605022818,0.07213900955672377,0.008287334050389384,0.0023945099825945166,-0.011349226865526212,-0.0060290055501275265,0.0113904476655221,0.012958384918919858,-0.009309851063323542,-0.029499694032014696,0.030236549839713328,-0.1288029969504664,-0.003269272003961239,-0.08205874765206182,-0.01165404802135875,-0.0686169846935102,-0.022621658650974697,0.0298972110502784,0.06458182987953597,-0.0069080465912915055,0.000632326533612029,-0.040942582022752874,-0.02376308013411665,-0.045589495353686615,0.07221229895772077,-0.0010581977130003856,0.07646892876971585,-0.016622840982736753,-0.0011247010866733632,0.0023847855556572936,-0.011355062100576541,-0.00040374669386094696,-0.005443867265979277,0.0017290755301611201,-0.0018764727729639775,0.01487566670897446
17_3,-0.009406548194457843,0.002711883124356485,0.001824742895225936,-0.0027556368927723397,-0.009539040181100253,0.0036082698692387937,-0.0020855636147410783,-0.008034327748804344,-0.03459917223261758,-0.5457304548394584,-0.11843495804994957,0.10789563623272738,-0.05250222377389307,0.0022146794204256476,-0.005994584442473861,-0.003180059448283461,0.0031317543662857947,0.01640062541463924,-0.011858969904351504,-0.019719683684199293,0.029298832523100362,-0.11022822386176855,-0.0019257738273035876,-0.09108706308906594,-0.023266623750042428,-0.03602128768973755,-0.003630339933142859,0.030723110977503264,0.07919258203802051,-0.08666145036137762,0.003527455132545415,-0.03134498137154381,-0.014521935988677482,0.029368587806109406,0.06514845055314779,-0.0007475130210074012,0.08670609755416547,-0.017703530810389632,-0.0030101634058776663,-0.0006545958735341172,-0.007515498785286927,-0.000596284281433991,-0.0010229040498717262,0.005344151036811557,-0.0037389479233273363,0.011115101684900621
17_4,-0.007499423968489024,-0.007567573032871082,-0.004104412388797697,-0.003534951520074252,-0.007442110501847718,-0.006574042245143191,0.0010902524699157002,-0.0027313968969093355,-0.0006851109809961409,0.022682009603722582,-0.08675809670211221,0.1325062316238899,0.003973384940185288,-0.0026795316378780518,-0.01862384865793226,-0.020307979425454713,-0.03787049247013725,0.02109536151876128,-0.0229165728172581,-0.021469754007525873,0.010439867385994193,-0.08985218875339017,-0.013195926706511618,-0.09014795257115174,-0.0225085062460357,-0.03633133272712942,-0.030434939257408845,0.03339235793090072,0.04799179508029158,-0.007657255034493923,-0.012968658923720351,-0.05694998489789913,-0.037695050586808464,-0.02847622209544462,0.10866769543405995,-0.003700885030959507,0.09981343355827801,-0.009050960090961983,-0.0008706042893418712,-0.004148359448678168,-0.004646683361628798,-0.014503551689778753,-0.0003568679852868966,-0.004742336652804443,-0.005272323133515617,-0.012562723469763224
18_1,-0.007958840025116513,0.0006313660573067538,-0.002020319169316404,-0.008755017722592575,-0.001365438941999267,0.0019269791289503898,-0.0036134054642108894,-0.006715523993403233,-0.05208054571176068,0.07668059850655037,-0.07643853548488476,0.142999380293603,0.002513210998311081,-0.0018611032853301699,0.011140338281708342,0.0021058158844050002,0.004798640757414945,0.02248486052454268,0.009211241193801204,-0.00342050709012372,0.0055766987961791414,-0.11061251159895448,-0.001402831991123263,-0.09427904973201601,-0.02814541404011261,-0.03843371548846716,-0.011439507032782358,0.041296102724865336,0.044667866370632664,-0.011972122788777562,-0.023843153915943056,-0.07470286717437366,-0.03785729491724652,-0.021394922523267943,0.0946641426907173,-0.007569131106210313,0.09221789405611168,-0.003948696139113368,0.003154325916778854,-0.0027345059098445915,-0.006045315586600063,-0.008097211679839629,-0.0009420010751673108,-0.0020277740306713023,-0.005387699608674397,-0.012046902388237135
18_2,-0.004888861368965894,-0.004914281940930833,0.00199644770687104,-0.0019379487938768053,-0.0015959559193211858,-0.00296833611739332,-0.001989541064573593,0.0005584892312465556,-0.04642544139432634,0.07993347109577943,-0.08634107916391409,0.1357970425997635,0.00965005142031351,0.000628256017502547,-0.018837818138317836,-0.009544036391584822,0.010248975840896112,0.01415307000828145,-0.014030658328179827,-0.02214848114725011,0.010047363422524361,-0.09021938849223596,-0.005557551977940101,-0.09204399474870725,-0.022441035141648108,-0.03367367137582012,-0.018238122802170593,0.041685437812017924,0.04301911905851427,-0.004484878507583621,-0.021605483521155575,-0.06573792336030862,-0.03841914343837904,-0.025009670868025333,0.0850176057551649,-0.0007918730188471269,0.08958871445012237,-0.0077829538858259105,-0.0017261800659685454,-0.004989806989730965,-0.005459925844846779,-0.008281984753325285,0.0006554113448389084,-0.0021056278498459485,-0.0017349154970281878,-0.011490551713941474
18_3,-0.004865146124287323,0.0034642954179617083,0.00030593356045323795,-0.00033544015145572367,0.0074698490579823895,0.006239648187791801,-0.0012565411032351217,-8.996448513479255e-05,-0.055753530027226716,0.09066804731582859,-0.0845305757177539,0.1321241493033786,0.007318268187397773,0.0014736244110431509,0.00149272623143246,0.003259796563098335,0.009915843061112664,0.01607137723272626,0.008183652356018213,0.02024570061516215,0.008314846538502044,-0.11177800794615005,0.003994692997239703,-0.09195225554277495,-0.01769776177862596,0.0013149263619623083,-0.006182198629227075,0.03763024728797691,0.051724255948314424,-0.1226123779260989,-0.012895846246764864,-0.06952634236929771,-0.03926511588662668,-0.015812213148072095,0.06588377870571138,-0.004871141373342575,0.07996430972982739,-0.0016603614787561232,-0.0013524059407769534,-0.0014785352105140292,-0.005775054743736135,0.008650022754998706,-0.0011014805090794181,0.002542765281398626,-0.0014721045296513823,-0.017189189872960146
18_4,-0.005587262948401637,-0.007623454331839197,-0.004036706954813223,-0.0030030683459324648,-0.005059484502297518,-0.006923533270731807,0.0005112351309099929,-0.007836637739230972,-0.040428202192164836,0.08385432695617598,-0.07566610629437506,0.14233608640291706,-0.0001036209750192851,0.00046395856646156504,-0.007321207160680918,0.003706520679054128,-0.026422003759918544,0.023349127544108214,-0.006079627002231847,-0.015472671285799345,0.003768485001698166,-0.09397661494721853,-0.0035973135611494186,-0.09443319814560365,-0.01900111919220542,0.014700826279188704,-0.009052716989761263,0.03952396063243437,0.048593306939505074,-0.004170375126512277,-0.020444139134122474,-0.05902648162580741,-0.038682507183310594,-0.022565064587450726,0.10837277100097566,-0.016179656705875265,0.10156376893389406,0.0004033058639396775,-0.0015467581675949848,-0.0032477946521994798,-0.005095530863020653,-0.006787021798708144,-0.0012555660226097342,-0.004804371270531883,-0.007157614826302452,-0.009983860404142548
19_1,-0.0019009296719415762,-0.0024199860199687877,0.002810305566894375,-0.0031381737074202966,-0.005063725859017019,0.001134275970057721,0.000752155720921379,-0.0005875783048145945,0.03260997898143518,0.034890350236459616,-0.08781243216865332,0.1274270634679558,0.003395362451865833,-0.0039705184091219006,-0.01237548615850361,-0.007856803178706103,-0.0296494456769765,0.020796104824066377,-0.019669241454800958,-0.02185920587716418,0.012126872705592612,-0.06904312072993724,0.038534007936647754,-0.08735081866386489,-0.021359225036948273,-0.040334028692939304,-0.027453129723819913,0.04199337540170738,0.031533667101281054,0.014738230434990935,-0.011722916474498555,-0.029708521444287483,-0.02686941025273142,0.016999682612431975,0.08767712029149068,0.008324547935538398,0.09137980816318728,-0.0005962023529455599,-0.0010141422125278196,-0.0029926518180388912,-0.0038317526238715,-0.011831526902032492,-0.00063559458721023,0.001130962906451196,-0.00018981494039266132,-0.009703196580931764
19_2,-0.00308145553278251,-0.0023133832676853947,0.0028096508864652718,-0.0020179485401030733,-0.004421084662940357,0.000733898514429303,0.00045150858952100394,-0.0003789031532134,0.019802381467320468,0.07948777304095907,-0.08897393082369935,0.08763727925546066,-0.006555190970828629,-0.01664420935174123,-0.014206830723438783,-0.004579225056904341,-0.03334674484998681,0.018202989992041223,-0.02395848171164797,-0.01891230217916104,0.0034281707307264445,0.019950237634765482,0.04699672351503487,-0.07359028908659311,-0.018275268955919362,-0.0439509947740812,-0.016315980130892367,0.036854091719919685,0.02776448469600722,0.015633632618705567,-0.013968376174204667,-0.03417029615781561,-0.02958376522854756,0.013797009052212523,0.08461569203036641,0.004207750043921088,0.08958719534946359,0.00015766520142261508,-0.000921877900507862,-0.005101522515079009,-0.005482006615196944,-0.007415245467208677,0.00011327140333296357,-0.00021266672168724742,-0.00034136809062708997,-0.0048521917402979155
19_3,-0.013201682097585451,-0.0028361484698787675,0.0036145987845261395,-0.0030444655602347836,-0.0009920627439332728,-0.00465649305713631,0.0006162191854126621,0.00023783411284764277,0.028150057506841585,-0.27445672212123684,-0.08922380482693885,0.08489512516692417,-0.10300258966208614,-0.017199294575415157,-0.004426143069594406,-0.005587057713355477,-0.019020136765499046,0.017842520045574756,-0.01137137735195345,-0.008793766079782762,0.01941511362794103,0.02306864389460731,0.03405517284754186,-0.06766311347682158,-0.0064678320661939685,-0.05101838335031933,-0.0004887221170945015,0.0355196832312633,0.020400494397942455,0.015145368360297564,0.007907753103903107,-0.02480036408991269,-0.025178163499373848,0.029729250487316315,0.07875036005695832,-0.0018866904860429577,0.09758625687916268,-0.005713519952701084,-0.0015554988639573672,-0.0034908292622821573,-0.006769763705723681,-0.0035063202959302628,-0.001981269425150269,0.0008183630311110724,0.0021789382414980495,0.0125930475798102
19_4,-0.0009209072122558252,-0.003104908347236472,-0.0004944900063518138,-0.0030570858679404103,0.0006218809560959534,0.0019608719122868982,-0.000876957563187648,0.0007640588879888257,0.02450348964110268,0.049776430612231456,-0.09207964953834787,0.12799361716777743,0.0032517269278756573,-0.01219893359077463,-0.013048223690510147,-0.004073653787652265,-0.03346004258325759,0.017806929028251074,-0.01872674098424795,-0.018410189640271243,-0.02060773132039658,0.036485255962796635,0.03805781539024941,-0.08366406715440725,-0.02503864175661797,-0.049141262704947744,-0.024608240360079216,0.047877109969943245,0.018763127982432105,0.01430243212412979,-0.014134331148884374,-0.028276278059225092,-0.02633069011747439,0.016348194325937124,0.09115686846007078,0.009197890354199104,0.08682752284022496,-0.0029203932922767187,-0.0001222575421018883,-0.0026103986455734674,-0.0037470699670694558,-0.005676001519131974,-0.00032376515995557206,-0.0020471541921446273,-8.404073953393077e-05,-0.001254840461254062
1_1,-0.02224917338819773,0.034949828509444704,0.023770577944466326,-0.0017325950012510149,0.008953438662097236,0.015588802910270544,0.0025916024272725356,0.02512607143769973,-0.002150994747279873,-0.4014658360981937,-0.05321690369326722,-1.0740715309726714,0.009083017566370349,-0.008519800065423662,0.009674721301127275,-0.014981157696776036,-0.002756980808985522,0.0074921713410694155,-0.01508615436331126,-0.012483657633954436,0.008267717179455946,-0.01058169523986077,0.053825023671699786,-0.03769525433768813,0.005873249151680094,-0.013603126173819325,0.01691335408765646,0.05094364598187293,-0.05957702429992796,0.007209351100209961,-0.00019212842733573238,-0.0015623025057815126,0.05292148748986723,0.0001475362002764285,-1.3048974361765384,0.022876533183328565,-0.9492800226185296,-0.004842576828608567,0.001880921692079346,0.014002592600447741,0.006795860136675337,0.016430457601429884,-5.367799866419551e-05,0.04071291807676138,0.04750989288531663,0.07619227112291212
1_2,-0.01599884442119168,0.03798643113848906,0.017989653853874396,-0.0012162474710753477,0.014087057253603515,0.025470449901720562,0.0045296703405852375,0.025852085705194244,-0.004786365253416573,-0.41701010955149237,-0.054768680973767386,-0.47656468688073994,-0.00907895748714067,0.0022517793194832673,0.0078160085713745,0.008926247954168702,0.008966688255158055,0.018326667104800812,0.012006107737788705,0.022039389502401835,-0.010559393199119584,-0.0060559996932119985,0.037533917522939386,-0.03340320210931412,0.003006084035706113,-0.054047419372803523,0.020524123811548195,0.03446828135641588,-0.07289822463770358,0.009993211995905436,0.0008043837482479416,-0.007600340560745093,0.05679842531315695,0.005460556243373219,-1.3422485351376345,0.026928497966544722,-0.9145535140112843,0.0006533906946981901,0.012004387619672456,0.01567776882063922,0.009434303241982224,0.01677177388890892,0.0013519621526002213,0.04391788269626705,0.04024379950018427,0.07544397741360179
1_3,-0.024257274784021184,0.03799110098943881,0.024011521274905988,-0.0017373270901946951,0.009249151101811142,0.019793062967164793,0.006887659549375643,0.023305976937878323,-0.03357818554625176,-0.42953669681860607,-0.045811136651584164,-0.8198114961480845,-0.013667187187951634,-0.007124684995000707,0.011438758021636856,-0.003586228384098398,-0.0037050681586697737,-0.18119988848389923,-0.008667672970405833,-0.01719777920507327,-0.021848600611778846,-0.009553334001352144,0.04700134115748423,-0.037977948028768686,-0.016365532777315537,-0.011904558099848419,-0.03600913559859087,0.03952691507617703,-0.06137175913201389,0.0028236528317731277,0.013751068019130935,-0.005031911029543828,0.05420652547087098,-0.0060648009695038856,-1.2426452143984972,0.025239057006788385,-0.8973321967301175,-0.002218972573428369,-0.0004023546371060303,0.014347692502859642,0.008783504256810038,0.017817028589645952,0.0006879257593124704,0.04284623207947679,0.05209727149459293,0.08195664433959422
1_4,-0.018497283097006528,0.03516578578828294,0.029504043402841983,-0.001288440929868187,0.012838286738850508,0.023627269687695174,0.0037829391165887737,0.025248624654422153,0.0005258287220226219,-0.41614750182802457,-0.021440455691284586,-0.9441231406537035,-0.012760569818030034,-0.0007266245482526743,0.015882878207743933,0.0034133642209822576,0.0016593608950279865,0.017841164392021196,-0.0008262056720202041,0.003552673837437783,0.009801751785060006,-0.009046378249970559,0.039195552819270764,-0.035045364780577314,-0.019236138268743274,-0.014658816159672123,-0.01839450065708433,0.04949802968183269,-0.05547407982878966,0.00782234053904419,0.011162664602457698,-0.008617078697626734,0.06033668851283421,0.00039099119949345164,-1.3209301193772294,0.025160429744479573,-0.9422416357190496,-0.0017005060569115916,0.011290903236750633,0.014793695393025278,0.007713880307313391,0.013243385164330759,-0.000720256099993818,0.042626670452524204,0.05339839620207477,0.08445347319900519
20_1,-0.000722551129706541,0.002303275685261424,0.0026010492632366693,-0.00044943341076582246,-0.001110507906870211,0.002389852411678917,0.0007484950394837336,-0.0008326355129014882,-0.006088724957879127,0.11153599153820672,-0.10059597495878893,0.11609200658623095,-0.0004487379998871208,-0.0014228714313549216,-0.010698610146525416,-0.003626756017850068,-0.03521759077012243,0.019279636044473504,-0.007233852359595774,-0.013393512059042866,-0.02304314617639424,0.04785811599118586,0.015058213395787681,-0.1102622485314879,-0.032070044338430824,-0.05439314367501493,-0.04234873173012168,0.02590813278298771,-0.03770388521508831,0.005554866498281594,-0.0012095273070596997,0.020759244684983844,0.01826155225393696,-0.012784973883024756,0.11765274473513053,-0.010543807422339346,0.06617543276216363,-0.0007650414898891531,0.0048517410264758525,-0.0002674011575036513,-0.0014321632499874838,-0.002190811252202117,-0.00018589454166222685,0.0017709119978504806,0.0005005428809171866,-0.0063170582044319405
20_2,-0.0017283436915398226,0.0029489327779823,0.0025991363659194928,0.00023518265048306933,0.0011882212280546047,0.004123628094692245,-0.00012126314944861724,0.0010278294125089433,-0.015187951007618649,0.10416227201709055,-0.10452573063783442,0.12323436613981902,0.0020968893486517206,-0.003317974501660492,0.011588500655104937,0.003544063608330386,0.007602324604048491,0.018584898201761832,0.004920739396748038,0.015812486067850746,-0.022622037933343435,0.04929560152917945,0.01880219256740706,-0.11278290443772974,-0.048013152925482576,-0.05912903981513753,-0.05693595736731676,0.012799515008816074,-0.03316228228438285,-0.00039746257555056794,0.00012400548845101418,0.04001009408062618,0.02764319515115121,-0.024245443897704024,0.11883212731089873,-0.009793365212417002,0.06655315972756823,-0.0004299155356213118,-0.005734691705101689,0.00031477748999579413,-0.0033771057754628233,0.0035770160875407842,-1.8558642874412783e-05,0.0021579319586560327,0.0008758458262709297,-0.008752567305369633
20_3,-0.002682091011909056,0.004286436923507444,0.0025716488602119474,0.0001170345433391326,0.0013281842759207275,0.004719212266270959,-0.0004851553768502945,0.00026953227611450963,-0.019179003524224768,0.1083997130929483,-0.10417456142570874,0.12199596978319945,0.0012029049427950916,-0.0037032836290098767,0.0010623334835006854,0.0016714477273924357,0.005145645601632065,0.01924118917441537,0.005159429280842375,0.02057018988733413,-0.025352491024524006,0.04964929509502992,0.0196374164603215,-0.11060506517646375,-0.027994023358392933,-0.05982161894170634,-0.05668247185546958,0.011859679382491889,-0.038511079314259254,0.0009229404075993667,-0.0011399057895137275,0.03931535269594723,0.02876192887103282,-0.02450962939128016,0.1187325518737838,-0.0030759717613470616,0.0662793659667633,7.123560652465341e-05,-0.0029914724415672357,0.00013769655197047077,-0.003996750945108359,0.003945677867055003,0.00018708800643503184,0.0023129255927321984,0.0014636747132540779,-0.008519057304378914
20_4,-0.0028646475734368125,0.004145326653890749,0.002566807314369961,6.608475042645546e-05,0.0010601645057086745,0.0046291066478544585,-0.000489458066861422,0.0011975926712468462,-0.0016728553380879745,0.11273735366016398,-0.10307106035995546,0.12228914461143468,0.0018599206326184272,-0.003759729276098286,-0.0005970428687173906,0.0018387973371020053,0.007976056753527944,0.018965939915392686,0.0054729697297212394,0.025943996594136796,-0.02345686360353681,0.03717407355794351,0.020312308225566837,-0.11368396744554495,-0.047410314958955105,-0.06385900259376834,-0.055863977578342244,0.013803937560524707,-0.016992153543962708,0.0018390941645658214,-0.020416010140471744,0.04144731064510601,0.021536765910640677,-0.0239399446309875,0.11793801099223447,-0.008228878764363541,0.06742017293254142,9.94195102395167e-05,-0.007928602540073769,0.00010401350730824909,-0.004027402747286991,0.004569652374065847,0.0004894583710386488,0.0021536681977935663,0.0023272306215780256,-0.008075084601910339
21_1,0.03657464058066278,-0.0075937061601553685,-0.0027217495249158546,0.000456049482488394,0.004960254487924189,-0.00394758552263315,-0.005021293096160124,0.00017128143779546648,-0.04560384514123737,-0.42117963827635785,-0.08719943922790929,0.05591973777632279,0.012711728305866718,0.009661248758780347,-0.013358702124127403,-0.004188484434627435,0.02138133876945385,0.026645103485953288,-0.008765273461355687,-0.012562681023609589,0.019425552248427895,0.06375244458036103,0.05310335098327002,-0.02952001268745168,-0.03576631777044921,-0.02126549451366004,-0.007046347482397226,0.045160393093772476,0.07306720031447181,0.013579114612371759,-0.009029193323515072,-0.05000223691780375,-0.025537036924078906,0.03974268806349181,0.13938914264481508,-0.004178704767635007,0.13166934343643588,0.028239919739736833,0.008466551417063449,-0.0027565059603239014,-0.0023893373137235524,-0.0017721781329075232,0.0036692199344158377,-0.003913495279884618,-0.004647525979980972,0.009495484408327277
21_2,0.041187741201313285,-0.006012752067395852,-0.0025117980159338714,0.004511955123852685,0.014767944825411846,-0.00016360971281581893,-0.004262470816295752,0.0005545475979228588,-0.02306293936821815,-0.3697852364774834,-0.08285372016185494,0.05465396018227935,0.012023187978024569,0.009973004264709776,-0.012782905366966819,-0.004160825461555309,0.022780640653458258,0.027000864641068836,-0.007163888530695748,-0.015166191259016635,0.023205154614827445,0.06161819843573687,0.059993200523558436,-0.022374724321370627,-0.009600031145066181,-0.006407227799265548,-0.006744279641751864,0.046420663910883696,0.07425328381863858,0.01445600261756416,-0.00824842248135708,-0.04700603430623073,-0.02357388338789701,0.04037167754845358,0.1525182549649979,0.0018959299299672488,0.12609925535495864,0.030369912228210585,0.008590310111355885,-0.002676989107095558,-0.0014121470358416323,0.00027248053475774847,0.004277585822581311,-0.004033012026771292,-0.004032219436303503,0.013991273065731492
21_3,-0.03197464600448652,-0.008993227352304999,-0.011331464574343692,-0.008335609145344789,-0.027261635646440442,-0.02838956634710398,-0.017879907973337706,-0.00024607247066843815,-0.08057950189584073,-0.8360281328276055,-0.1499991864708601,-0.0707653762171635,-0.08471606128385192,-0.00797860973190958,-0.012697961204031232,-0.0036193586251793072,-0.05323061951321711,-0.4039270141428206,-0.019453072763652213,-0.04156489977197869,0.006957392829853358,-0.022965145164230028,0.028247411001079747,-0.09639712019986152,-0.05808403533626549,-0.05044472253790627,-0.45059246397020397,0.029570467364452766,0.0597399123812498,0.006806196735209971,-0.028752459508223346,-0.0525558678508178,-0.03310053212883977,0.005611643412755706,0.09348065011221471,-0.011916644148124307,0.10367003961908293,-0.019546088369723588,-0.007913978559035256,-0.0031088067371825966,-0.0014364612824141192,-0.024961026058691247,0.002022389859662201,-0.0042850382111818425,-0.010820526856211389,-0.0027293815420239135
21_4,0.03908690155755655,-0.008469910031506114,-0.002552118669575645,0.0021517720919763963,0.011711506687662342,-0.0012663255167195482,-0.004678165968262323,-0.0003744273935135716,-0.025079349515593298,-0.38249906292998087,-0.08798406485074017,0.0547833286040661,0.0085187693627689,-0.0021469651524611104,-0.013333922062048649,-0.004032616484011584,0.020789882282775226,0.02734638677616344,-0.008232465948259786,-0.01792438642879197,0.018912392294268776,0.05733311394781527,0.04677757342625342,-0.031633815185646355,-0.010840947932646392,-0.014058642316845402,-0.0075150871112890155,0.04662797941195184,0.0736815503248288,0.013180467743774427,-0.008886205090404666,-0.05098031384977147,-0.025880079860323955,0.038214894350091684,0.15341832533601452,-0.011699342984580604,0.13229256692473834,0.028163069114530367,0.008562018222790048,-0.0026872428101181274,-0.0011337817537455293,-0.0012692432810436699,0.0033594417263385756,-0.004919360824825713,-0.004450336450318231,0.009472328977629303
22_1,0.01723018119030164,-0.0058070200416679455,0.004577442324848514,0.0018326315364451218,-0.005724608471929153,-0.009812989895971378,-0.005093515777630242,0.0018024589183861088,-0.035262204678990654,-0.6291736918906836,-0.11205507758073614,-0.005508040757888032,0.006240212188221752,-0.020059791758573444,-0.017299728112307927,0.00016837592048585866,-0.02737752938711025,0.02522623887154226,-0.005002800380648804,-0.01916552037559258,-0.05382947321379057,-0.05528486625435958,0.011757224250518089,-0.054725549188434086,-0.008940143139256415,-0.03599781887145199,-0.32576142693659643,0.02151161220420684,0.013162002430167252,0.006366467893363869,0.0011522475833615285,-0.03098543210117521,-0.03647155732159566,-0.05534069933475421,0.08960110186797166,-0.0048881051409737026,0.09407830570613956,0.0032091159452975076,0.008743298890816077,0.0005100247947354682,-0.0017447158788310697,-0.0004867582627130308,0.004208364071558847,-0.002482714183691669,-0.0045528943420437675,0.00023375137842091375
22_2,0.030241350514477662,-0.006766059636370394,-0.0037483269342326532,0.0034801794689544342,0.009260754808980686,-0.018928444026582707,-0.005255826962296022,0.0020825634406614855,0.016924717200937366,-0.5007307717478633,-0.11201600683937371,0.11462199733370325,-0.06702409522455413,-0.015030803786370282,-0.007067488880073482,0.0011922541475831833,-0.02530190613987544,-0.26334757411659304,0.0067844708139018295,0.012998562194453727,0.00421414730460006,0.04778298802503341,0.04232540455861049,-0.0669271495873758,-0.004900529814240202,-0.006165227176778807,0.00830576154886126,0.049102414476779745,0.05806297246151764,0.00768440142320761,-0.021709035106320464,-0.026156020472967285,-0.026685844929884895,-0.03228086860311173,0.13504859189319163,0.0065422982153332246,0.12115626946410743,0.00861968267684317,0.0136255667912087,-0.0035037744889186103,-0.0012679697973507602,-0.006865216765867501,0.0026129650093556084,-0.0033797941178942766,-0.0032185470515580655,0.010417075646852207
22_3,0.024495740262746292,-0.00591395638397368,-0.013733054393420775,0.0011259173175064876,-0.024124905673151294,-0.0013085106130315666,-0.012019192135245911,0.0019144157827351974,0.01865231121980269,-0.40757308410438037,-0.09666084962780457,-0.48514416910294766,0.006765032194080697,-0.00826695662354447,0.005736679773698989,-0.013915868570334132,-0.0011813457610430668,0.020545387563326717,-0.010646460488015859,-0.012338464991428669,0.02685479195824981,-0.033850563611681046,0.052259098697993826,-0.02688309765663274,-0.00804881775322944,-0.01760285251015006,-0.006834470745984882,0.04739774966501798,0.0779105401802205,0.008879001150836697,-0.016204543805773873,-0.02065733581728356,-0.0395958644066717,0.04670731010807878,0.13695927556254595,-0.001159413528319863,0.13476467502279352,-0.0013778358936603573,0.008997428657690794,-0.0025609519089447043,-0.0014629913418182804,-0.01946764019026553,0.0023322040202005123,-0.004688587032065289,-0.004514742139793806,-0.01058157338978533
22_4,-0.0026957340396419486,-0.006873774672613078,-0.0034768684769420698,0.0023492434463610167,-0.006737899052989064,-0.018597274606212657,-0.013870163812902457,0.0021251119334646405,-0.02262052868065457,-0.6426631344177766,-0.11993662262719837,-0.0010323778592039139,0.004110881286907447,-0.01075031619712276,-0.014406669366242625,-0.0015495168397758373,-0.04814826780285186,0.01959762519686643,-0.003848907694438184,-0.01630678418402816,-0.057198635404726375,0.019561605404214536,0.005798243183906421,-0.06262338964251934,-0.01814989168554785,-0.03532811927368924,-0.002261938578237989,0.026703803571743776,0.011927998120142577,0.006160184375640623,-0.013026128411169157,-0.03687464616154642,-0.04106961276514331,-0.09566973847060704,0.09576413837221248,-0.0036236783153966953,0.08837577459179101,-0.00582673189892674,0.009647343084148623,-0.002975022246738137,-0.004618573341711159,-0.021161539237957157,0.003600881068416971,-0.0027067450849100026,-0.0037274494172811127,-0.014230674053076183
23_1,0.047551689831838696,-0.009729602294720212,-0.0035037661767074045,0.0017541516443808213,0.009795830617992735,0.0008894033631806302,-0.0016064914837332885,0.0002717990862228014,-0.02414993533714101,-0.19388692997592527,-0.0802412332472726,0.10652044323532701,0.0076281013912343565,-0.0012264544262852997,-0.011717734380148082,-0.007250221753474593,0.016754168659444114,0.022621282210155285,-0.01693915895028677,-0.009997712641651989,0.029125533271655502,0.03009891391825189,0.05801990220201184,-0.047181478678762434,-0.016862113189415703,-0.00021621671127128675,-0.010023688227664784,0.044572339137644204,0.057400256352507124,0.017244723611343316,-0.00995906016029743,-0.03534420228326942,-0.03153560134470043,0.0282835926166457,0.13153043766485267,-0.008575009028274315,0.12179057215232747,0.020931526768154688,0.00801219300190082,-0.003841260458077184,0.0027734076747408906,-0.009302126355677882,0.0028923156843448346,-0.0051131663816952905,0.0001330035651985989,0.024946738530853052
23_2,0.04854380753939322,-0.009528650801151286,-0.0034897712463654745,0.0011685905280836484,0.010097509881672828,0.0008753920215994047,-0.0015699661579336938,0.00027054792174460333,-0.024349796272292296,-0.18716770238062655,-0.07941366699445998,0.1579658528442415,0.009855073987610048,0.0028180785822268244,-0.011719471214230908,-0.007247190708574539,0.01710677215759942,0.02161492495974929,-0.016071001492115124,-0.01063000421180854,0.02920909795048676,0.03139393875669157,0.05806003624959571,-0.05598893311377388,-0.0168284506747531,0.001133499356053929,-0.012039882264972202,0.04456830957346231,0.05685633492601849,0.017988469891953,-0.010132301539737806,-0.03787877650173558,-0.03161232118007309,0.0283580791426592,0.13212705041358588,-0.0058990877725745485,0.12240433304187648,0.01934572756588541,0.008123920935638749,-0.0019697273154214963,0.0026400606385672287,-0.009576230904859144,0.0029914206091376004,-0.004871171088133398,0.0001823273604733392,0.02586282660331481
23_3,0.0470393941560791,-0.00981120966484452,-0.0035031094443334202,0.0005668027541605785,0.009587549877907204,0.0002407180634173014,-0.0019146851515469015,0.00018932262371896392,-0.023296593391592738,-0.18963246445028795,-0.08032547593757881,0.15753667326310614,0.007600489379575393,0.0006455052569637869,-0.012177362120700778,-0.0074157752859928955,0.017356002456858945,0.021247575034008096,-0.018103552293627808,-0.011016220042195697,0.026998466365329658,0.02998548891393259,0.05698571655643935,-0.055372124411163216,-0.017166017494276594,-0.0012595682305811824,-0.01190024443807089,0.04415123778941125,0.05505983439017693,0.016347091711887748,-0.010649709376316603,-0.04427661621564583,-0.03205818137093388,0.027478605435024023,0.12792923422409833,-0.0021486544263750323,0.12018890337910516,0.019317287187828595,0.008017714611916773,-0.0019436605907562088,0.002482588191487368,-0.00985784268111998,0.0015764819129621928,-0.0060455951605133,-0.004833736269074762,0.024541196207223722
23_4,0.048022411052858385,-0.009839991690824022,-0.0035006231274890176,0.00035484029372067103,0.009473087089617294,0.0007875690359059278,-0.0016064914837332885,0.00027858698254613277,-0.02285553507280307,-0.18724777451276797,-0.0797809200061579,0.15889626402396057,0.006863554254985031,0.0008633081823951511,-0.011719096542121039,-0.0073273747798311166,0.0170802549815987,0.02234173481931302,-0.017037020775619197,-0.011039357895386417,0.029241896174704917,0.03132788212215226,0.058194920510292895,-0.05564456486419629,-0.016984319606998477,-0.0010315803450919759,-0.011564780550732495,0.044280388716908585,0.05669829176662341,0.01760504176744405,-0.009997969850301776,-0.04352303387448206,-0.031187633813352655,0.028306714017064312,0.1306138746239668,-0.0017058240085500282,0.12063911534366886,0.019394164464473444,0.008008547008907237,-0.0020299450182642855,0.002777589452734205,-0.00930435524666876,0.0029801250712455443,-0.004728729478106963,-0.0008970055222001258,0.025048804137300273
24_1,-0.0040392645879232325,0.00017082426391424864,0.002345156875518806,-0.0001863835074689213,-0.0036535055014862757,-0.0016546721503981098,-0.0013119147308969653,-0.0001246976383798447,0.009081169161260928,0.16665339111717184,-0.06583605780813695,0.17295540125511297,0.00897136275051367,0.017021182203193996,0.017789844375747457,0.004825450708003034,0.008421666935327431,0.025713113956659702,0.025096756315532553,0.039799318215362804,0.04706238137018172,0.042984350849556596,0.01770301681408433,-0.06570423152036853,0.1957292480549033,0.025884831396210076,0.018062331500915435,0.0538860917444009,0.05692070310502875,0.017803012539309392,0.010732436684134065,0.012371960168821769,-0.018240213332662826,0.014756013876139099,0.17343478371734553,0.033472780558365896,0.10249216877872629,6.163094291004116e-05,-0.00013461668140601308,-0.0013587107120370087,-0.002925863889241537,-0.0002444110487840683,0.003989742256343272,-0.0002702403123901604,-0.004482648833314999,0.07780509618330295
24_2,-0.005126530528632272,-0.008519643152664869,0.007641863091713067,0.0004375178263939928,-0.0025656079382466576,0.0003225337979986879,-0.0013216279723458732,0.0008312503043395597,0.010166006291729819,0.15915253294442094,-0.06849128982820775,0.1685788792909206,0.008653118342342983,0.016634500033567704,0.006159045966587276,0.00502541504825446,0.014237936142579424,0.02468564859541721,0.023746259272752576,0.03920565248219469,0.04488835576745819,0.042447001010243936,0.015264114324990554,-0.07023129390980282,0.18768560008993476,0.02304964290805178,0.015452253901597506,0.050267174090855876,0.054464944766729764,0.01760290342091551,0.008611098627537712,0.00968752991396801,-0.014447107794930338,0.013594709359688907,0.16913461925532902,0.031249208144655007,0.10027631930867265,-0.013790065043727382,-0.0006399434887884791,-0.002446561339188248,-0.004625029049679748,-0.0007073583935963733,0.0033912114625500064,-0.00035046558344725004,0.00021206642418832914,0.07621440165693208
24_3,-0.002744009280777581,0.0056341178803878365,0.0017771739640065492,0.00038997603341337536,-0.003501471197576599,0.009786957369565195,0.00022715322901222014,0.0012247535885262914,0.005485325286731973,0.15771655928511483,-0.07010087159407256,0.1685530529990148,0.00926144911849983,-0.005543017673061374,0.01398253308910332,0.005603947416085645,0.013594172458547365,0.02747764258433646,0.010422257778038384,0.03208622376812632,0.04956191110712677,0.0396402946852706,0.015404824975617123,-0.0669290199233723,0.2119048358251653,0.028390042122395615,0.002307052931987504,0.053738255912869515,0.057500268704127826,0.017466702200646382,0.009264061196011945,0.002331094732285491,-0.019186964520262192,0.02103019088071806,0.15441822246791248,0.02254316333833664,0.09226430151157006,1.9966135605433415e-05,0.001476999603822051,0.0016413196253988007,-0.00488530184171324,-0.004509412274252997,-0.00041613595977003335,0.0038229283245142976,0.002091443360229683,0.08248577594787324
24_4,-0.004944083258174188,-8.297007017662943e-05,0.002307865552546541,-0.00017375903093477124,-0.0026574115115783705,-0.0017443675336738021,-0.0013200628231545036,-0.00010087276250962284,0.010375655407794549,0.15940241002289215,-0.06677897016854988,0.17144786677621057,0.008939187698977388,0.017020398167092478,0.015064641964906212,0.005147268820348015,0.016234155204100077,0.024853114183579456,0.023981522111468256,0.03677547295810467,0.04582941290412024,0.04179140157529276,0.016456108963261606,-0.06865815716194792,0.19035070122580292,0.025002582501432016,0.01307458741012381,0.049849601997635384,0.05537148556213972,0.0177154168404895,0.009822641828212205,0.01045280688886302,-0.01422647339331656,0.014082126303041306,0.1724756670278905,0.03176909368507825,0.10230702621078555,-0.013955106964237692,-0.00023123554777475217,-0.0017932306311773034,-0.003179932825377139,-0.001283549818537271,0.003942420471413193,-0.0002793827265981785,-0.00491215040157726,0.07430467157629364
2_1,0.0029036393218008624,0.0064155943496397565,0.005010817052515877,0.0020806583311030104,0.018953029737917664,0.009528463815042278,-7.88431353509059e-05,0.003806805044926287,0.039732332158396264,0.6881393819816559,0.5034318689150121,0.49451233399247935,0.013381517615047401,0.016879669749919418,0.007797877917264697,0.0035533861360770008,0.011692512180629161,0.015229539010876753,0.004226929276503312,0.004223007784139343,-0.005825891914005171,0.02457710600992941,0.06373934316688004,0.46119050683753254,-0.010787327373558952,0.13614720695859642,0.1708133168410057,0.030981265395886613,-0.02036845466595146,0.015141530583546604,0.012955875040404961,0.03581146774864337,0.008008145309709072,0.008911520258147385,0.13509384291657375,-0.0010941514249978455,0.1120996278099483,0.00949087534907566,0.009228520491824915,-0.004794532317237036,0.000632053319626298,0.017626887343612653,-0.00026239006556449593,0.004709718020947589,-0.004190032151239628,0.006554065253490411
2_2,0.003220949968249178,-0.00605970912937327,-0.0025285965813769268,-0.0020596129664903033,0.014980568050125827,-0.0014646022748724815,0.003642720464478792,-0.005017065839788969,0.03384052247461186,0.6130642937431972,0.4678638449488634,0.48049535347780187,-0.0030370891190344444,-0.008734646377345124,0.013514387449387452,-0.0018500987303061414,-0.0004860189674609471,0.008185801709199704,-0.0018396903710665821,-0.006207255532246451,-0.012375752802568534,0.022452174422425582,0.013080238065717573,0.43136175079838973,-0.009358791873432502,0.12088470018817367,0.1671310046462358,0.02649814817307595,-0.02187249458694839,0.01729205807368921,0.012437896047232852,0.021445123001657167,0.0023091270313922393,-0.011938886720632057,0.06636469758691448,-0.003095424575276512,0.11891867175136717,0.006770908542056096,0.006151726829271876,-0.0011664060117324393,-0.0024025567197459427,0.014026060957645137,-0.00034133474794438784,-0.004856782711426593,-0.017610998711410683,0.01224579004934816
2_3,0.0016780986047314434,0.002077422795942808,0.00117494905196006,-0.0007108586857237954,0.015592358125415042,0.0061660144077287085,0.0009374021257965771,0.0007522614212044417,0.03316680812279192,0.5395033069752967,0.5034868067384918,0.4938034804591211,-0.00395630317536998,-0.013400431850958155,0.0062772307671341305,0.0034606521341662786,-0.00047100754409578894,0.004834587737551749,0.002110638333639654,0.00539586618016264,-0.02745945709129685,0.023834508049916697,0.036295151927470064,0.48061049501619024,-0.012098962382680689,0.1315292724064954,0.16433554647140622,0.025239231368212642,-0.024560234645085464,-0.047555504313454386,0.013896105732160222,0.02802412294460379,0.006567903565536193,0.01513447566531317,0.13195720985904608,-0.0006409468302136783,0.10838387200825751,0.00885409677161101,0.00880799525871488,-0.004937983145915849,-0.0021681356842739043,0.01310541714826019,-0.0027058547807240294,-0.0005612595868156819,-0.004726525757602252,0.004269803768241725
2_4,0.0028403055620330477,-0.002731283124206893,0.001170719248810696,-0.0002959096506328959,0.016144065288152848,0.005532337933201781,-0.0006606182477597519,5.314959658427523e-05,0.034149531121913976,0.5469448818743847,0.505315594418255,0.49758142611667994,-0.002703030824453432,-0.012186349431433508,0.006095942407601775,0.0010925827134917153,-0.0010636263416851624,0.005584988196662622,0.004461405848390432,0.007682215199926778,-0.02579649071851022,0.023986272610455973,0.03816375206340607,0.4773813023729951,-0.011360275226286163,0.13494097806268834,0.16963540984629333,0.027917045279303263,-0.018134622119813894,-0.04856085475580712,0.014404309759517654,0.032625636451491316,0.007515855645418125,0.016661761960980685,0.14122613284435548,-0.0001454090918782199,0.11966080966300961,0.010041263593114132,0.006946901461938532,-0.0020323324402850237,-0.0012596614097045429,0.014743101199290785,-0.0007712977817079946,-0.003373570865925537,-0.004767900257088846,0.0062334650358684485
3_1,-0.0006887151932460146,0.004987375562061018,0.003110284129214929,-0.0007053364130488158,0.003723748283964605,0.005442309905050567,0.00044186387960714615,0.001150873957766836,0.024720083691245887,0.20620832008368187,-0.07494668726866194,0.1538187153122118,0.007155690463882727,-0.0006927950994680836,0.012531767585729511,0.006166181613376871,0.01516458010236669,0.021535878546372067,0.016882416667749933,0.03411389204782203,0.013002273802763583,0.03073303693510019,0.011273471823064578,-0.083496209561436,-0.015052277210919607,-0.004137294188506833,-0.011285127606140317,0.040906398753013044,0.03942604768100578,0.013965372587436816,0.027311219112796596,0.06722185682459036,0.0276019392335482,0.008535181515925723,0.1475890178545786,-0.0014180714801080027,0.09164790208303403,-0.0013986900920005792,-0.0002817943582126521,0.0008755717497869209,-0.003291429143594022,0.007398967266278381,-0.0006567378688626469,0.0012744263806126685,0.0020964892725365697,0.04660671314744231
3_2,-0.00882701638223279,0.0030512632965970592,-0.0017559240894698595,0.00029982551968723567,0.0012260534650665224,0.0035594682295031666,-0.0016028519025183916,0.0012734077207206622,0.03411186159189289,0.17345287195746373,-0.07607196784481604,0.14678257478632178,0.007199873126048028,0.021283010367676047,0.009182260054515142,0.004051693465372082,0.019103485400224048,0.021409779449110513,0.017781709518082455,0.019220697278865023,-0.023813541499797697,0.05325357774626322,0.020948245761702258,-0.0898017367599504,-0.018043539982156485,0.016692279888733095,0.02192305884137816,0.04963376713657803,-0.03896284342133889,0.007815464482206077,0.03512886026419054,-0.02631359684496667,0.0010855588157165196,0.029818428962280614,0.1601997451217111,0.005737768990195598,0.08914846407922003,0.0004571855002535698,0.004189940715000112,-0.0020239014419513113,-0.0016421847211169494,-0.002551224041477347,0.0013886586496590432,-0.0018888620635288907,0.0016604510192344,0.01034344678408946
3_3,0.0015951021861816137,-0.0023560108935536,-0.00205051262596778,0.0001792237851700364,-8.941500672282729e-05,0.0043288488517746245,0.0010121123144924882,-0.00036527458621111466,0.024038433415545398,0.1665280715006276,-0.0772421323710418,0.14378096475002916,0.00663142258046158,0.02157225949480958,0.014367668417660481,0.007018765496974461,0.01620997830082039,0.02049612025854346,0.013522945399974525,0.02117282595725806,-0.0475285550689646,0.05626072046184221,0.023319304360730063,-0.09227957462734848,-0.01859078343983417,0.013877356447659311,0.01924507173010298,0.026175584645244936,-0.06424189801102112,-0.04501302617320886,0.014186434346657083,-0.017318066775731545,0.0057726334054411885,0.011551923772092437,0.16523140555079036,0.005213069961792167,0.09784991727921777,0.00020910394566370748,0.0026488790108760182,0.0014392869403056943,-0.0019303905394751906,-0.0007017181088417196,0.0018265182591935551,-0.011048876890293519,-0.0048351931235050254,-0.0004657451837406151
3_4,0.0003009945405941216,0.004537676017959574,0.0026185470886378047,0.0004567956835311482,0.003351006477383192,0.0038871144426485702,-0.00015323181463894114,0.001145815940712982,0.022389535023528504,0.20584999779807564,-0.06838552774061235,0.14651704648468733,0.004019713360822814,-0.0032591554254897373,0.007523066768304925,0.006326514596697101,0.008230317346571802,0.02227039078241919,0.010865711313535876,0.0233061125663291,0.0074499636861491275,0.03303398520866269,-0.0016569011266984808,-0.08493074319626494,-0.01287894917587997,0.022808048883705453,0.026363694050223353,0.0276484437098326,0.001551103771096593,0.007015567972797959,0.004652480731466502,0.07296598445285367,0.028845987191888148,0.0027753516695472173,0.14210024642750457,-0.0022622818641218753,0.08748602943731211,0.0010847945584542876,-0.0011832503212629887,0.0012539484701271791,-0.002401880472106958,0.006285589367529886,-0.0003552539835234666,0.001196350512238578,0.0023105638135233705,0.046576661789997954
4_1,-0.0003422275082825049,0.004387468238399849,0.003276409575741374,0.00042027772020768964,0.003249443997135981,0.005656564551053358,-0.0009775487763462837,0.001244553044423844,0.03877540289630843,0.19868144178218405,-0.06970913259978129,0.1548517806325432,0.004622768691214378,-0.002064151958781463,0.016078467120506104,0.004657811900683696,0.007641769910464053,0.022419371715562894,0.013550882847901976,-0.008753424722799628,-0.016241034677543256,0.03815804611937052,0.016352666001576758,-0.07643349964537222,-0.009563600786302128,0.015145556376635918,0.03102140166972478,0.04580814410279716,0.036772091313166944,0.009401829451256758,0.03859195613536924,0.08680346937665982,0.04567689147905706,0.020602262117794926,0.14484335017519498,0.00460057644847382,0.0866556345211487,0.00016472278790585356,-0.0015160950155528857,0.00033914567510253746,-0.0012714419456317106,0.010946188941589835,0.0015320110634977745,0.0026035034164290385,0.0005615107844920233,0.008888236500665555
4_2,0.0003215016353040842,0.005171997067414049,0.0028540845529427673,0.0011623333424175555,0.0033269055812714006,0.0061962519713177604,-0.00029225216868086486,0.0009713671032951517,0.036403316688783154,0.20786693286076727,-0.06995156040219744,0.15408368154665217,0.005666379958830598,-0.002965099537881296,0.015703402965610104,0.005358796485450323,0.00976074462457416,0.0226444013317671,-0.0006001091837054748,0.00464152387531819,-0.018442267556409372,0.04314870821133861,0.015449385506865407,-0.0763372973611041,-0.00993751777908497,0.024780188697509094,0.032113103152019117,0.05019265428059039,0.013420071617198978,0.014183166923181152,0.03790535550222453,0.08447791966655585,0.04055928898248405,0.03409470801553271,0.1541170115607814,0.006016106320016665,0.08963385071272946,0.0013503051097095468,-0.0008901626593341619,0.0006574554422325197,-0.001962413764175064,0.010840297280139211,0.0014702276750277335,0.0008903249874318788,-0.003832158017486323,0.011230527476510705
4_3,-0.0008806044816754772,0.005511772641370791,0.00253674793786008,0.003512415444974483,9.679349260666582e-05,0.001851865590079419,-0.0009216378416848612,-0.005739455189185339,0.03587302086361283,0.18759540194959531,-0.07994323387356853,0.15538541514172713,0.007484979401705341,0.0009049595866798971,0.007110670151806063,0.00556835158349478,0.016636944083289824,0.02265867122381104,0.021051854716452385,0.022464037511910513,-0.015231856923986571,0.046374186823235006,0.02649179018074098,-0.08418564896148319,-0.021472211160168737,0.03273264908969608,0.028573621269161308,0.04959400829410417,-0.003844659709268493,0.014571789520558768,0.03354100747300822,0.07153886683894572,0.03889796605387099,0.04177163542538942,0.15263542382514078,0.0018384984417300395,0.09258699727555804,2.057886828100595e-05,0.004319911265896668,-0.0026021255331247083,-0.0002308826615917223,-0.002213995482945883,-0.0007811958513015769,-0.001562479813741345,-0.003890056178126306,0.001970209768523156
4_4,-0.0009208451553405334,0.0062959234046419755,0.004057583421814462,-8.64039014357533e-05,0.003993729313629469,0.00951621100136723,-0.0004151775344738835,-0.0007167497931640625,0.03897297958424184,0.1782315646047592,-0.07063277644657215,0.1496549465972081,0.007016133601255702,0.0023072906608697444,0.015496123480919352,0.005666425973443346,0.015380348176248077,0.020560976678260394,0.01152380759381258,0.026509409790929375,-0.0004356863617591653,0.035474971121328046,0.0172645040838149,-0.08275218289207636,-0.03720770293929185,0.02920084332250051,0.024073176229049614,0.0431288829598823,0.038371769433792176,0.014418026581525332,0.0363368780154153,0.0361861300151407,0.042820362304306865,-0.023783069317564708,0.13835843040588686,-0.0053740351605555785,0.08625170736635794,0.0006685004031671652,-0.006616417298086576,-0.0002049061008171958,-0.0017615327697343168,0.01328840841556382,-0.0009623171243970866,0.0015034588658010618,7.27660130667689e-05,0.005732074088404531
5_1,-0.012905495867205002,-0.05079474652478893,-0.026605783225020385,-0.0010434740103487474,-0.032803848382890084,-0.03422510262953284,-0.02435911568578796,-0.02492147723457182,0.0016856575301597077,-0.2641391745400642,-0.15108135896722594,-2.4038570825412173,0.010654780917275036,-0.006765367633944762,0.019899962833286655,-0.00021632377146908733,-0.021980356270943174,0.009383766698197666,-0.006470622395038301,-0.009917624048449123,-0.0081181471800062,0.010983218352067278,-0.5351697150966439,-0.08423616963922773,-0.021332014390100285,-0.057103551191257026,0.006992981551782515,-0.4765427578441565,-0.12764962524932955,0.0060457303671638965,-0.03167268783679515,-0.022068355216291424,-0.08791465820507412,0.004938117329193144,-1.8081828709372576,-0.0325606922772328,-1.3089545950014763,-0.016637899192625177,-0.013444956300284435,-0.013704008505167497,-0.017849506228095502,-0.014076394679104263,5.451452513549921e-05,-0.061947817790195606,-0.05023879877687652,-0.06340330738037724
5_2,-0.012401662809821412,-0.05188086927289629,-0.028233457846258015,-0.0019566068434527573,-0.0333461636359263,-0.03376098676142088,-0.022350195712682347,-0.026002494748956398,0.0017497856068764228,-0.27260609505944794,-0.14969728485496273,-2.517536654471742,-0.010480703816692374,0.002219376061341393,-0.011908082971913049,0.003718910641508908,0.0011706688555842223,0.010951696300599584,0.007549935908371166,0.009570894713772819,-0.008683748219533405,0.010163396546083368,-0.5373620520424168,-0.08483725077080811,-0.02191485092681674,-0.057145890043403876,-0.021393083901389533,-0.47691816415114685,-0.12695458102132423,0.0024838479642802767,-0.03127531814770636,-0.024252465457663543,-0.08959809319435005,0.004294832616826343,-1.856776504083602,-0.035063607027055105,-1.324657328099367,-0.01814591723539056,-0.012956583940552593,-0.01694054479272699,-0.018936097226249764,-0.013024900066139551,-0.0005208862938494202,-0.06459729473503123,-0.05199470519478733,-0.06492993075473356
5_3,-0.019744492865264304,-0.0513736080955551,0.02727668746466027,-0.0008804825981963034,-0.032981785024741334,-0.031727866684105106,-0.020698784764038334,-0.02505718487437831,0.001976614195907298,-0.27915594501700053,-0.15045684847781238,-2.4581104337667368,-0.01253123897725085,0.002197445406133792,-0.03928545377914134,0.004620448112959925,0.0006651686925856597,0.010384503448607342,0.008572445266004555,0.008568516170987207,-0.006262948262890076,0.010293912890781179,-0.5426734121971711,-0.08446169681600588,-0.021929411135705706,-0.056493274386680635,-0.002492367904666391,-0.47838423468849345,-0.1272207490613642,0.002214781900016235,-0.029520036121566697,-0.024183894290806186,-0.08866001049008858,0.006162122463889104,-1.8619557632326924,-0.03435754679354038,-1.325510862922184,-0.017706441012468762,-0.01318833686075734,-0.013719082942107282,-0.018057499952574746,-0.012700065674670958,-0.0007617285170614427,-0.06422486377746471,-0.052001412218005645,-0.06444118397491257
5_4,-0.012983685366736043,-0.05038422981773207,-0.02669894323460149,-0.00024591239516747837,-0.033348718908143234,-0.033685526081901195,-0.023917688329502137,-0.024357355536376652,0.0024790809602359782,-0.2735782582675357,-0.15094155462675513,-2.5096020157735,-0.013184128034868865,-0.0030326988228384396,0.012296287365483955,0.002276218468489834,-0.0041730216383878685,0.009934130158552809,-0.00026449577653853455,-0.008714895885573982,-0.0076204196611190595,0.009180385507448475,-0.5277336401532456,-0.08343281071971573,-0.02168458538308221,-0.05728630650181267,-0.019984131801912056,-0.4777464801454336,-0.1252140183347403,0.0061298953299426745,-0.03139979884205863,-0.023455599398270768,-0.08738950704278958,0.0030843145574160373,-1.828345047557316,-0.03371521045154718,-1.3291855497674256,-0.019358829636334045,-0.013290303414047949,-0.013788708461285801,-0.01748180566899373,-0.014203236700008781,-0.0004339484626238628,-0.06216081981744202,-0.05092235498882611,-0.06474640173730231
6_1,-0.008553960503815511,0.003036861519048139,0.0014968603356115486,-0.0013288994618515701,-0.0025077733279125153,0.009716418091616276,0.001397430962644089,-0.0015130595783067811,-0.01733639900380157,0.0917785502532757,-0.1097965539250073,0.12214847009813329,-0.039001049645750636,-0.016969875383196192,-0.010158498431789668,-0.007825453922807427,-0.040660607276509574,-0.18660956511420126,-0.002862199398947584,-0.001531788944929571,-0.027135526701218295,0.03712527335822687,-0.0004348685501969463,-0.10725724269934359,-0.020771797259925347,-0.05270572194933863,-0.05261341584383577,0.016964310407480452,-0.09424320502316193,0.0036413800145977905,-0.012513886206721255,0.04945296457163609,-0.002904875746874186,-0.02074754057095879,0.11341227977641224,0.0005430412084929472,0.07488051753606945,-0.0033476816635668615,0.0009514059736642465,-3.874555333040981e-05,-0.002620985370387795,-0.002778715564382711,-0.0011560988260268003,-0.0016152093365354677,-0.005018679886503612,-0.007885916467290643
6_2,-0.0018994044783473673,0.004954231411086591,0.0019514583297974232,-0.00034674884536097525,-0.0006119425164504793,0.004496499449107877,-0.0005893191891799366,-0.0019693167673250325,-0.0003562199650223542,0.08809562317633311,-0.1053365085237545,0.11966721117552355,-0.0026406521966068283,-0.010690660797994762,0.0008422937652689597,-3.324426941498347e-05,-0.03858976058548484,0.013702038729837676,0.004648708908009694,0.023596552238448885,-0.04566834628761146,0.043451919473935265,-0.011864807465909179,-0.11177835132630201,-0.012000620068488786,-0.06109043885109032,-0.04765019243722114,-0.04422117975699603,-0.0506188782423064,-0.10690710018494053,-0.00018715491154892798,-0.024771105270550077,0.002494135202783468,0.011682154500805456,0.10473439531713376,-0.009176338342249365,0.08362408233012589,-0.003935131213649645,-0.001823370552722118,-0.003906291318904494,-0.007196103623743425,0.00456713929634926,0.002607217301753405,0.01013927566199144,0.0027077248692193357,-0.006256930568313921
6_3,-0.004601083214281712,-0.0044699084983148025,-0.0014901826557772756,-0.0004519929512151171,0.0009518055756181585,-0.0014737655314867976,-0.0013152476795747822,-0.003371396603034711,-0.004866500789368584,0.07941597093405404,-0.10597720765157134,0.13199418365105872,0.006328074777330366,-0.007125784347921039,0.009339797946525112,0.006853199166315983,0.006595377599786584,0.02009876318713689,0.0029634968409821927,0.01177013222125673,-0.001539782059697634,0.034913661146954246,-0.004441092423193023,-0.1088644369968838,0.007386305769111104,-0.06680717508484728,-0.05442158397766593,0.009044202108446281,-0.10283000685421252,0.008809063029302795,0.0014044962746344318,-0.02806853650994978,-0.01751785469543526,-0.023906361867118642,0.12513356572006196,-0.008712332345630291,0.08267426695972001,-0.0035555309461113515,0.0005002196023247284,-0.004324543296485795,-0.005906629172092258,-0.0025339466094683183,0.001023268887312567,-0.0013122738499542165,-0.0017071277609458763,-0.012132105206743137
6_4,-0.0033995761916718486,0.0053113258726436435,-0.00010864247545181562,8.97105580629385e-05,0.0033055754793534266,0.006610346343738666,-0.0045679458869033315,-0.004344182534681223,-0.023478098425471536,0.050747384335296714,-0.125553150143708,0.12556316484316257,-0.0004149324124380954,-0.009470444618728098,-0.002112193824030772,0.004022217564051814,-0.0007127176244984298,0.015781902004534654,0.004252892278642561,0.007831025759412321,-0.015936595356148043,0.026896608931295085,-0.005875471501182613,0.06556473299953984,-0.028922306651136917,0.010804786408067738,-0.07182990667334554,-0.0648563410510412,-0.127750712362599,-0.013199046700570205,-0.008029729003142435,-0.04873406508510785,-0.028847896557809498,-0.03738672244630876,0.10651047874575159,-0.012236833660539114,0.07446507071071992,0.003552702248989664,-0.003357910249227934,-0.002960881224136423,-0.0023517239970540726,0.004294542676385248,-0.001888414925243794,0.005961703886366633,-0.002250681899781595,-0.014883465742489053
7_1,-0.010000316768604406,-0.008107762528608094,-0.004434082300148022,-0.005133439382492982,-0.0004774274392121553,-0.006864288022900908,0.0017137631387137851,0.0013439840437399777,0.024466233788188345,0.11751819876763031,-0.08058675442675327,0.13771752511244378,-0.003644188818880122,-0.0032779717423909154,-0.012801084068153792,-0.011140335895034683,-0.0007178743919143518,0.015307660664330385,-0.013763609128532533,-0.010595249744260786,-0.02181359021140172,0.04591567156373315,0.051334236495595,-0.08988015657848068,-0.025109593747656003,-0.036167394599786934,0.00600808977886194,0.026643158132461868,-0.03358737284080563,0.012857254842961088,-0.01659117575444895,-0.035583806257240065,-0.0066039045571060495,-0.01985907725819602,0.10451069791016322,-0.007607990058422535,0.0963103883203846,-0.0029672886601284,0.0014339194943764567,-0.0022225351703095515,-0.004091708721978105,-0.004571828926456616,-0.00034714419103284397,-0.004964163900831747,-0.002434117063504759,-0.0061027749552616285
7_2,-0.003839568443862859,0.0045700471374071705,0.0023027279787912187,7.539466796160712e-05,-0.003385857478593898,0.0036892583141407255,-0.0010428441423281382,-0.0012423325033856319,-0.01112009113265659,0.09798744140236712,-0.09223699272654405,0.12180400269745545,0.0037115868245971725,0.002792907528274269,0.010988221573636303,0.006228468263367141,0.006049026473322378,0.01869245428312616,-0.0021968928104355552,0.023014560522474612,-0.0022473912351095235,0.04063198584343269,-0.009268288367570909,-0.10068455728097529,0.019656072792970304,-0.08330990936614618,0.007162880542651917,-0.07011656106027846,-0.10542932120698788,-0.0029187992893710815,-0.017785126901600248,-0.05184126269372033,0.01799215606438318,-0.0019176495008413458,0.11559665987161666,-0.008878179113150924,0.06952440014825738,-0.0010454862026093746,0.0017851078293132632,-0.0007559232031989682,-0.01253002687618547,-0.006956873630782482,-0.0024728416598173027,-0.004694998436810376,-0.0019252891980963385,-0.008853223537451146
7_3,-0.007823678023206097,0.0037758342577183567,0.0028326666004311763,0.00012353549060358174,-0.002687695426196496,0.005036803654331964,-0.001330933222620151,-0.0025517966748812263,-0.005737218657479767,0.12113500864879602,-0.09833314546870887,0.1356693420888896,0.004114418221608542,-0.007105293254252581,0.003904752085136867,0.0006392152093967818,0.0010838332945027535,0.017701634665651184,0.004481361026225812,0.021832419401651756,-0.024756043184378046,0.04392243528962782,-0.009533513891007215,-0.1053605543146239,-0.021018820186896593,-0.008332523967240098,0.00962181026102088,-0.04184282302301247,-0.04258606264687773,-0.12013114487573623,-0.0107597677200162,-0.04897432147005018,-0.011529696647080237,0.01841440698926363,0.11916540872392177,-0.007877083311635124,0.08483453134691832,0.004075516671208712,0.00016989057293760894,-0.003862858945190745,-0.008635144809118896,0.0001751568518140329,-0.0060778932693587705,0.00451494023972983,0.0001329558000359536,-0.008359033636370583
7_4,-0.008239572155446516,-0.009242146187287434,-0.00881417050106481,-0.0009622480722296078,-0.00759860807858046,-0.010245380687331532,0.0008318881293659464,-0.008269895869828544,0.0014685428381689836,0.12699829966445816,-0.07800490169913708,0.14502637711963687,0.0019266582883887835,0.021424423728944954,0.004378239884530996,0.003118722559102433,0.006323579869242175,0.02010773275131711,0.016794265232285548,0.0023457024352082465,0.007161252684507554,0.04097510748154987,0.004861980251742783,-0.09676227305615619,-0.023329714496467972,0.003648632424851705,0.001727578285464856,0.02818868508530225,-0.04584133557574173,0.012279392550872842,-0.022608270435626163,-0.031165402052660798,-0.005651488696203626,0.0015538159925901599,0.11249093237730494,-0.005007439364125114,0.08831944826696861,-0.012286866444962644,-0.0008199723806552237,-0.009539189425947581,-0.003684916571719858,-0.0044670851608763825,-0.0026277271167943275,-0.005154865507835022,-0.005248707883112639,-0.011081490824797695
8_1,-0.0015692647137014496,0.003933179726067713,0.0027518408910208905,-0.0002679633280607149,0.0025614720198571116,0.00488297652976148,0.0006630007212586973,0.0012362030700374383,-0.004162219728308984,0.12171524180420103,-0.09620082732580547,0.13450983041288853,0.008707496495972364,-0.0011286211535378723,0.009313550657231186,0.0019739505765706427,0.016632956678427978,0.0191253087127127,0.004914469853709268,0.012583204262648414,-0.02241538313514197,0.03773591814043757,0.018181277271961116,-0.09892119531011435,-0.012269705759304693,-0.0469742192929086,-0.05020296024716729,0.04664146765574387,-0.013292975877602422,0.013722981806477389,-0.0009208091261169435,0.034866677309259,0.023763303480320252,-0.0022276835610324525,0.11693117164163712,-0.006244928547838841,0.08477020399451941,-0.00039663873561046376,0.0016673627456150497,-3.2110549776496466e-05,-0.0002084228857325093,0.0038084320071588894,-0.0005314796800999133,0.0018440532151379682,0.0020504258488077726,-0.007176314015166176
8_2,-0.0017268403911702465,0.003060566172548824,0.002721308312790195,-1.5941903594675458e-05,0.0024212209244636124,0.004889916432129604,0.0006592354494397854,0.0012354735680030076,-0.006402918853914852,0.13479933731859148,-0.09812401543018381,0.1287138938139886,0.008947605789306763,0.004865078398533966,0.004559402889009622,0.00465125747565636,0.017010383880352455,0.018407912447843133,0.006582723011309812,0.02213338664909984,-0.02243124624547894,0.051005619151080525,0.025612330805753727,-0.10643374886322739,-0.011657617255673637,-0.03708787143401931,-0.03950044839194778,0.044101423359094914,-0.037186612444002926,0.008343592230392827,0.003814056848759599,0.04795954896901406,0.033129717329099646,-0.02524132240430716,0.1243666821367637,-0.004886602285872397,0.08104504844958087,0.00011319314105531745,0.0024136933305879196,0.0001951979775600278,-0.002117868544162404,0.008164255828985325,-0.00023724920458927893,0.0020149918279992133,0.0026684853488373075,-0.0038895546943834465
8_3,-0.0017837501837993663,0.00596242229238391,0.0035646316203271013,0.00013842379801161915,0.00242592115498044,0.005022370984013363,-0.00029468587944811984,0.00017147462953462543,-0.00256946481129911,0.1341450767552926,-0.09295209566134709,0.13635637795887526,0.007607536796235071,-0.0028479137707491118,0.012892125903000345,0.003072294129175769,0.016310810036065694,0.017876006932301132,0.006579771212839928,0.02318014627715576,-0.020994105145762245,0.04975384407096251,0.023494098311099526,-0.10301185685466048,-0.010539338615463478,-0.03628951991508649,-0.04051011853340761,0.03913556607747228,-0.032812147166682765,0.015443979174544018,0.00539738289250956,0.04863502711938155,0.033412865947523795,-0.0227677878875933,0.118683631744531,-0.005727006909006902,0.08449628051033675,-0.00042526612506059566,-0.002719257361514159,-0.00013574777623362656,-0.0006746101945582306,0.009518752445821697,0.0005734599211254755,0.00256343250645575,0.0026409873739096043,-0.004222425499689529
8_4,-0.0030551664387954295,0.004346988854593517,0.0022882586568820635,5.930249922314452e-05,0.0009764118400842857,0.0063243976858392194,-0.0003525119671232073,0.0003997103037083835,-0.036099923923975395,0.13390891736258373,-0.09409980567555244,0.13248120588441045,0.0036369615163794632,-0.00251364373019084,0.004585703233587106,0.0046315008023054575,0.008229243431092437,0.01838568903832323,0.0046360165081290716,0.01581728555714812,-0.025397305587174304,0.036282665697522164,0.02454768410948766,-0.10237403926103052,-0.009996839748798699,-0.039714703595954345,-0.045891166008143566,0.036824554850369465,-0.025079257209620336,0.007986669430176379,-0.022256169553256135,0.043885659350660876,0.029392678734007662,0.01814731530028593,0.1136806546387305,-0.007709142387269588,0.08239531193581084,0.0005097287519074189,-0.0027162075453200274,-0.0002319176606061771,-0.005769672885478458,0.004653438893434382,0.0005885402943761526,0.0049850772273786065,-0.0004856206595847328,-0.0057129225031323765
9_1,-0.001454203538929502,0.0029737112796744945,0.0025906639204907865,-0.000618911160906059,0.002311219622769101,0.0031404129497273224,0.0010073317948433229,0.0018926820225377368,-0.0021879694982077187,0.11625033977221627,-0.08645157756668431,0.137983253842638,0.005203665418372117,0.0008779267264605741,0.009592990152014518,0.003337104013658904,0.012842039543555296,0.019397826929577523,0.003933273198894953,0.009000939959510157,-0.013634410983569344,0.01215506923223551,0.03318026520625782,-0.09743424825846465,-0.012131153728799256,-0.033812255939630886,-0.04874684734620986,0.04348708425084432,-0.004687937445896895,0.01970628386129969,-0.0025474752777438874,0.02516412598048226,0.02532428487656701,0.0030844988470160473,0.10700513241867465,0.011033465184376128,0.088754875623703,-0.001530433024581772,0.002015066389790249,-0.0034985384224563458,-0.0028068554975226707,0.007678740953428977,-0.00013173474388522859,0.0013680789494791802,0.0007737826768707146,-0.00017870271908699788
9_2,-0.0007660914332773823,0.0028083095968331018,0.0016252745055665753,-0.00013601121015390538,0.002040212516599596,0.00332683550735701,-0.00044344621385543587,0.0015904150876164186,-0.0012044567613554702,0.12055241151539184,-0.08377680101697751,0.13408202675037337,0.00252793294692071,-0.0014424594726383713,-0.00344248666617717,-0.002973711367544923,0.005596324680809317,0.019365591467986817,-0.003102317731962777,-0.010899151915409213,-0.02117002786790345,0.022364144864251527,0.03058962721315136,-0.09519939101850207,-0.00948500401838931,-0.021974672990464454,-0.04334016833279438,0.04160482922560535,-0.0036979029262248545,0.019437836159504167,-0.003702547678689733,0.040745014709963966,0.03574147576205007,0.005387288680791323,0.1003200056991757,4.82228509404752e-05,0.09009547193468051,-0.0013529282702278466,0.0010024401728204939,0.00046025534477932886,0.00035965436482785374,0.008604952125853993,-0.0002956956807729659,6.87015123953567e-05,0.002686936111874469,0.002946376161969296
9_3,-0.0026282928463579663,0.0031704399254710845,0.002047330261949129,-0.001080126842228925,0.0025923034286988197,0.0027968781973967613,0.0004989531401598658,0.000654496198853238,-0.0001617513598921674,0.13145788201795336,-0.08751543564983573,0.13894093181731104,0.006280450632028717,0.001695605740197644,0.004153567030655127,0.002984570014875371,0.013370742111838708,0.01873352276267568,0.006838374475752787,0.006603066054773797,-0.021864209914869634,0.02526627454442664,0.028618732716497484,-0.09832046160266716,-0.012042682651558556,-0.03968978397743553,-0.04133393704820774,0.05106400124791407,-0.01948931348301745,0.020734472198642023,0.002398661323674302,0.05227312966852418,0.03365464407336916,-0.01055335274988662,0.10571019176416446,0.008241210592385298,0.08907638458502108,-0.000528094824434423,0.0027128502552340662,-0.003133475400609037,-0.0028872625800359744,0.0042054354820574465,-0.0004262241474638615,0.0008698213372714814,0.0013893535832471817,0.0004988099550363619
9_4,-0.0021224032017158907,0.002989329329626442,0.002819766458822873,-0.0004089394116269937,0.002539519555510952,0.0023159384123132,0.0009871960454962637,0.0006852981927870363,-0.001541798178539343,0.12373763472503742,-0.08840459282685698,0.13743549275580932,0.007887427952216433,0.0016491576746583355,0.001866837050346804,0.0030470045066310967,0.014561119579588139,0.01918790501394005,0.007984289496884223,0.006148501976160352,-0.020935518384787632,0.014783624730315298,0.028477988265547947,-0.09608955062925234,-0.010487426344174435,-0.03121929027484361,-0.04844006941719113,0.04448017041960642,-0.0123696986164327,0.019674583681738522,0.0010565034357259723,0.03850051241016244,0.025987148318988833,0.004454119727431167,0.09898053056391157,0.008053550090957824,0.0884746476671988,-0.0008254588325200147,0.0021833241228053977,-0.00320749392679853,-0.0028340494934497905,0.004654067139147009,-0.0002728698155843696,0.0013644102298802706,0.002228978773821407,0.0007338221764598909
