,0,1,2,3,4,5,6,7,8,9,10,11,12,13,14,15,16,17,18,19,20,21,22,23,24,25,26,27,28,29,30,31,32,33,34,35,36,37,38,39,40,41,42,43,44,45
10_1,-0.0029025269451042894,-0.0025724095551341616,0.00018564856602258013,0.0010354643581766691,-0.0013292878125239172,-1.0234256939583832e-05,-0.00693514451981805,-0.0006257366084323708,0.003978830099391744,0.7931525159570709,0.6847386956021567,0.02196999075557886,-0.011944951369398452,-0.018461103604679965,0.0002173540586034624,-0.0031500140026773584,-0.007909050716760463,0.0018301430039792048,0.018274820962996027,-0.0011966863228942744,0.0007141542789376513,0.0015419263099077632,0.00019192389057280407,0.1485987807466937,-0.07510416973633265,0.3825460368570248,0.9413594139154506,-0.08274575833926184,0.0020205571889630623,0.0015654397578576634,0.005336029127679878,0.0013459965205991269,-0.004825404182127743,-0.0015705341659955371,0.004304260220395209,0.005945522297911978,0.03813153160569318,-0.0011824295574933274,0.0006568585180221563,0.00043348844689742704,-0.002571733178983273,-0.00019679430170049046,-0.0008333650844906409,-0.006920824012897684,-0.00021322908323490953,-0.0008916950552965876
10_2,-0.006683975380831751,-0.007893514933832314,-0.003716966705901669,-0.0051127362635130106,-0.006710018945652544,-0.0056369921810451905,-0.011606135032099172,-0.0024142792058577554,0.0006996159494681496,0.7261239187332779,0.9425945270292311,0.01742090145279846,-0.010964345203543627,-0.017968790932827328,-0.009416470054712784,-0.009350923505864256,-0.00845562662428367,-0.0008084304044857557,-0.01354576909842966,-0.00771435367689839,0.00019840845138841727,-1.401382267271263e-05,-0.003316485995976601,0.13721882051776502,0.005315833674791613,0.3787648386478055,0.8727594386536394,-0.06330510578744898,-0.0039648361866880125,-0.0011683149128987882,-0.007318425077121222,-0.00437361308868239,-0.014418384157044774,-0.0015683372814715574,-0.004963444830220866,-0.02062108939915802,0.031939720131668466,-0.0024357040402085833,-0.004730382018753304,-0.002802935184306193,-0.005475767522849592,-0.00702318777710387,-0.004818386085050095,-0.013994056621559923,-0.002646130115274174,-0.00176911909961267
10_3,-0.005698688354399487,-0.006452906663916676,-0.0024909984062692443,-0.004806184066742232,-0.00236487531997162,-0.005501144271108828,-0.010282924609306921,-0.0021250671055110006,0.0008510349274574654,0.7142020635366058,0.9255051296054099,0.01760678462355932,0.0019817735290026156,-0.010552890205041599,-0.00249677533226136,-0.0016537822965506364,0.0026353468758727712,-0.0039868156845906996,-0.006306280889535956,-0.001121242037985741,-0.0018639301024336833,-0.002262904399044989,-0.0004346885740831813,-0.0041373596819673595,0.011855073107428121,0.37763183938167605,0.86846910500311,-0.06193523584139932,-0.003077533316031275,-0.002327700431173175,-0.007852480321949814,-0.004014983885327446,-0.009981032379681573,-0.0014313843660495012,0.0021054805831883577,-0.018461083675859764,0.0281349002539136,-0.001731116046839843,-0.0038905726376223947,-0.0019765511894942003,-0.005389763225070322,-0.002168101696206623,-0.004810033658608348,-0.012842954533051563,-0.001781157729080018,-0.0038198136196260215
10_4,-0.004315141784411674,-0.004482656993086958,-1.4997030949692586e-05,-0.0014167543827922069,-0.0012003545943453091,-0.0011905233730814984,-0.007466888081992438,-0.0014691143421712626,0.0027287398247613373,0.7478165931256844,0.9734918807145034,0.021838925902327683,0.0005097534617525799,-0.012977426883615936,-0.0024923683955426932,-0.00481505855359079,-0.005973807913618726,-0.0027942194383523767,0.01685066886521435,-0.00586277857416362,0.0007607227083451074,0.0011085765088382723,-0.003238578737035714,0.16426847730038716,0.010833393248336456,0.3751245472621579,0.9214157578532749,-0.05981459505724716,-0.003218654284917574,0.001703663029883297,-0.0030391600463506433,0.00032033365546499083,-0.006597756599725441,-0.0014265519209892298,0.0009067175298646001,-0.007204988584921373,0.03500394665929293,-0.001823250780167382,-0.0014417952359470382,-0.0008271598509444806,-0.0023445810185896295,-0.0009149284277723542,-0.0012705060185684471,-0.009029943436179293,-0.0015152163996996711,-0.0006590919883484852
11_1,-0.0011942127204531542,-0.0005683957360858253,-0.0017234953773075468,-0.00457301629934288,0.0004248379976789093,-7.165009544328127e-05,-0.007250098082327635,0.0009274454589042181,0.004344519560127047,-0.16323037234881674,-0.17204868542669433,0.021338236603988713,0.016156747479378668,-0.02994096826359035,-0.005134529784271094,-0.010841634403692306,-0.008938723569126372,0.00024878952229572877,-0.014425752691096616,-0.0011087577593300642,0.0063241873424873165,-0.0036246757544008477,0.0028053494797003428,-0.03349373992277275,0.03195199212789771,0.6980736218170542,0.023866455845560748,-0.09811471433279115,0.0067401822667610516,0.0022643344651311764,0.008555705680950671,0.0025862190015056886,-0.0007311799844265424,0.006078716186292909,-0.010014210200282852,-0.0008513787005963978,0.050080706290257515,0.001087467763124321,-0.00022375990537757683,0.0007584410096316732,-0.0056478257635291665,0.0032619196511629034,6.341670077047446e-05,-0.0049706214724151414,0.001356193697121057,-0.001321037884436163
11_2,-0.001684650805255636,-0.0017566753834812006,0.0003459513872420015,-0.001800013069571094,-0.002394828458715181,0.0009772079004969848,-0.004070097554971964,0.0008500090459749213,0.005133932939996154,0.21554589481644654,0.1940332568804813,0.026375115146764643,0.014334756754168423,-0.008475404950799775,-0.0013903303748868977,-0.005429858654564635,-0.009002644280226318,0.00726807396822187,0.015661521611535112,-0.00019963046629224845,0.010449284567695673,-0.000658421073651848,-0.0003901606800760379,0.14643988016006965,0.010181131730486683,0.5949958572299119,0.2806283997977726,-0.05781920372607204,-0.0007787152764890787,0.0032086085155743622,0.008394307633781264,0.001906749700015806,-0.004471123760685987,0.005838879204551356,-0.0009791085281012357,0.0023483383046020018,0.06596657848025667,0.000636836145839507,0.0007229459472671003,0.0009675260991228747,-0.0026529239168458754,0.0005595069594438617,0.00028601848411087804,-0.004938584942904019,0.0012877493267915636,-0.0008864205486609623
11_3,-0.0014039546778062048,-0.001048466376736225,-0.002568999721443202,-0.006263013099422724,-0.0002977023469652257,-0.0015286694653949442,-0.008992541879710237,0.0003376220488334191,0.003735680547226759,-0.16576221314525277,-0.1747515273476639,0.026635219436150177,-0.010363872284087017,-0.020909279050553765,-0.002604506312659614,-0.012450552015257141,-0.011749369784597787,-0.009144816718661618,0.011417773141205954,-0.004300527039834604,0.006091100141426575,-0.003391936585110118,-0.0007469662308730736,0.0015681230762381202,-0.04224037791031104,0.6774242875616846,0.010001295949915962,-0.13682498372659932,0.0004651063417100599,-0.00030689230468616607,0.007855804867325967,0.0019967643865182938,-0.0011023674591499057,0.004626335562096131,-0.011310914993520948,-0.0008643142446470314,0.06905711925102129,0.0005152347996153731,-0.0010326934588742087,-8.445832288517477e-05,-0.005869845894053326,0.0025023954476462067,-0.0006363790251600086,-0.007163992320643459,0.0011736750385589324,-0.0013230246155769264
11_4,-0.0017562768975183177,-2.4773217468333687e-05,-0.0018195115903726475,-0.0047802561982554104,0.0005925753069466692,4.632810896371121e-05,-0.006649964617954005,0.0005898739455486874,0.0036373083103112317,-0.16185669302893757,-0.17213801422967875,0.02004388817783548,0.000864712448520648,-0.02187261279203097,-0.01148827263776776,-0.009744923715322639,-0.007678144765884499,-0.0031188960541383725,0.00676061367566736,-0.008735784978420667,0.007874460958269262,-0.004258814263489328,-0.00083224609889654,0.019426051955455756,0.01369061451821923,0.6986196705832793,0.018340314975515595,-0.09680156052339053,0.005303601603165384,0.000587303836590162,0.008845395980129308,0.0023738192411390407,-0.0002574466506813814,0.005784197987920553,-0.005625939110927845,-0.0006991698397969096,0.0627653384610696,0.001176234969811862,-0.001138619323306296,0.00017729468112173433,-0.004598235680050672,0.002581911143850683,0.00025263616540549424,-0.007554393254670049,0.001368117640128138,-0.0012789451204278967
12_1,0.003608530716176051,0.003524912430072756,0.0004926163926920921,0.0015337076876406205,0.002829134339308636,0.0035781529030741934,0.005471998594048829,0.0024066447484458503,-0.002951314408702553,0.7192409345595224,0.9418237119048751,0.01922797339868496,0.0011392565361365836,-0.013177848336639104,-0.0003043139571464492,-0.0011997886428399443,0.0009553229521285744,-0.004018654935094185,-0.0036498176600893574,0.0004911193462572163,0.009956518821452721,0.0047510748627664304,0.002591565357865659,0.18229327023194258,0.005793857950730368,0.36717635120803604,0.8913662606310769,0.0584308447402878,0.0014356880225220648,0.003503942585044178,-0.0005777996358430106,0.0008722947162553578,0.007762747024854683,0.002856635803322151,-0.0033879704917390936,-0.0011494995499282752,0.04395673462914732,0.0016107632656306204,0.002305292136579068,0.0002798173661106605,0.0012160633128228781,0.0035686059020121367,0.0035639371945063027,0.008203739605696602,0.002047592773310277,-0.00010602090642029836
12_2,0.006276972204057958,0.005358084791035997,0.0007043602640472014,-0.003158939525021251,0.004659015447407335,0.005237948639567268,0.0008938349721431957,0.002253701253363688,0.004268153538420069,0.7624998997470156,0.9899609300379054,0.021620342142939453,0.003798850463867243,-0.001199390721527057,-0.0068061804319924975,-0.003563999311718554,-0.005350195366712433,0.007657724246430522,0.015651140951473068,-0.004641460921935132,0.009755932465115871,0.005831001531854167,0.0017090645064003188,0.19542063440885976,0.0070816843096948735,0.3870338485181214,0.9343999709256546,0.05619647550881945,0.0024873208656624943,0.004321568792574854,-0.000281806645311647,0.0017340473463397666,0.01034335397245023,0.003711414754231881,-0.0011698330872988829,0.011081370998842667,0.040092114084755714,0.003278947610624534,0.0025365753969747626,0.0013433346608227512,-0.004321618532574675,0.00519540308047765,0.0047171239572628585,0.0044824993396721325,0.0014453620232695416,0.0011355063613631923
12_3,0.004947578680785316,0.003927692099090738,0.000255830303547893,-0.003712187315026729,0.0035478849066311923,0.004599016547390275,-0.0003386341490021743,-0.0007231119529498551,-0.002821412929842902,0.7381485750768381,0.9595076907620346,0.020905792715023835,0.0034346296819023872,-0.0029079049348058835,-2.8423574923747348e-05,-0.0009373720165699896,0.0012349260016303765,-0.004448672637657145,-0.003987242000979098,0.0008228930438750842,0.009444642378212813,0.004439319740470323,0.0015180703732978933,0.18987658958678738,-0.007168011024351189,0.36234206310729317,0.9052510154942527,0.053763881614628646,-0.0034001896265741308,0.004194341164070055,-0.0012304376159398543,0.0011894732275363703,0.007986188321948093,0.0033814277215306293,-0.0025373302918193018,0.00317569281724493,0.03835474125001912,0.0021508741294987625,0.002443351117736123,0.0005659751840700074,-0.0045561365725032945,0.0038795932668469306,0.003987966432614052,0.0022871487787083553,-0.0007881501098770321,0.00026467659063184143
12_4,0.005370145718908396,0.004332806268284898,0.001154962816274815,0.0016393424803926356,0.0033105502065937527,0.003801958293131581,0.005749963737893709,0.002883102300969866,-0.0020920212403391686,0.7357385844721333,0.9637012269578138,0.0205191724974628,-0.00039762954959257776,-0.009681693999087427,-0.0025242160979259552,-0.0025061701122985293,0.0007173974111357737,0.0009350767339764739,-0.005970369160655114,-0.001275255922016595,0.009859987353272504,0.005282813926351503,0.0017025261142762198,0.1879929355030701,-0.00734303799096,0.3709252350095821,0.9055186872851116,0.0551366793863141,0.0014336749692388877,0.004348357425004968,0.0001965337510583501,0.0012481451875516118,0.008788856142954205,0.003413426653487141,-0.001155322983842744,0.011376415196948889,0.042201725506568755,0.0018778203102358842,0.002576241522797878,0.0005596483541943159,0.0011672588090980616,0.004015705203021381,0.003393215280278064,0.008849883176759755,0.0022794978848495948,0.0003539990986001993
13_1,0.001918317375730907,-0.00021093086163250202,0.0008601435692340331,0.002734267423949951,-0.0002111696640856251,0.0023556130429517436,0.004851204890617804,0.002150601293965313,-0.006339475773978977,-0.16542680354513897,-0.19532179298637573,-0.012880005021834827,-0.018813831038598655,-0.015529502936833535,-0.006956531022915727,-0.005908521502642195,-0.00803267364515447,-0.00952255462067544,0.006880593166881663,-0.002478751067041749,0.0017909667897472502,0.0003872284932109665,-0.007817839574300453,-0.04455151684049401,0.022268271798390794,0.6711771016001571,-0.01069901329341615,-0.1226313011544801,-0.011482596930866257,-0.0026016143959538846,-0.007094355623602767,-0.004085809669311772,-0.0013971355711261157,-0.0025242802415369188,0.002123334354881193,-0.0009272849670218319,0.0020846831119803247,-0.0006506783584684678,0.00038032946085798377,0.0004293377006288931,0.0035916643923686845,0.0007645042024597491,0.0021386586519048004,0.0055486016261580276,0.001455906900578663,0.004666737231507956
13_2,0.0003288390461977612,-2.7767022642872305e-05,0.0009821264611763188,0.00072012419485803,-0.0003599401036137346,0.0025545946139065904,0.005100191951005034,0.0018981894752433646,-0.003428830196900123,-0.16455932364982181,-0.19644267304764435,-0.009262260899089669,0.012113685088910028,-0.012041734600271416,-0.00506712470411243,-0.0052237941483174654,-0.007680022001281114,-0.0019418979488676504,0.009838100237368369,-0.005329981163456668,0.00018104871530733,0.0025729416072750176,-0.0035264287316835686,-0.041985674783080115,0.01575985999248895,0.6623286744398004,-0.004527413614521367,-0.09643216118635803,-0.0052099031228399675,0.0006292477620118685,-0.0025240860703292086,-0.002555005183855898,-0.0020771405397985443,-0.001967325440354316,0.0021671824537583726,-0.0011089250950404104,-0.10606106472000226,-0.0022658880516908484,-0.0006368922830142782,0.0014434189049344084,0.004139728712408673,3.592604025046002e-05,0.0015065032585705382,0.005433580733781364,0.0009957459718772826,0.007872339283507217
13_3,-0.003518479378527016,0.0008624327406228339,0.0005450688460599016,0.00041371490951345454,-0.0008112432397955289,0.002235343160530452,0.0030079016769134024,0.0026125516507289337,-0.0054439218438471874,-0.1672055485092203,-0.19772250133561992,-0.013896223086651916,-0.008329529778812792,-0.024570183639281776,-0.011613775708094553,-0.008660332000093947,-0.008735744899968877,-0.009418384954744875,0.005844257326191713,-0.00652447970831637,-0.007773059454568751,0.001624589157371614,-0.005892799901004668,-0.04566675452074655,0.006716015423585625,0.6409587649172345,-0.06975495382714081,-0.13098361489832178,-0.003274793109463978,-0.002463040775654332,-0.012556382651725395,-0.003945687148513244,-0.0026681747157886785,-0.002486130517032091,-0.0018235529693996866,-0.000973126387954765,-0.007146373934678396,-0.0006564876488712886,7.435543165227675e-05,-0.0010153361528739272,0.0016215105996802979,-0.0012080823203853563,0.0016018142498695263,0.004312239895357717,-0.0002610988551491394,0.00571695729260672
13_4,-0.000692018908735995,0.0013755905417115945,0.0017794017997359074,0.0009271710060636031,-0.003301672394043199,-0.0023035448672390486,0.002387247101525841,-0.005862366477413573,-0.005129302064841043,-0.16510301047095566,-0.1958774806093157,-0.010281814144567658,-0.009338326449440748,-0.017932848900300637,-0.007826140385861458,-0.006207531918778092,-0.007070192245136796,-0.0023286007804243546,0.009253222969137068,-0.004741268884049045,-0.009383696638449622,0.000426495464423036,-0.0015774782390864158,-0.044415534660666035,0.012581097394641142,0.658611649692597,0.010019664504314827,-0.13715295322779159,-0.006698359496987248,-0.0007086016689795918,-0.010569839916119322,-0.0013576242258403798,-0.001489824993383251,-0.0017298458441047898,-0.0015051220768054969,-0.0006365378053350137,0.025737087795370782,0.00012421276449392952,3.340321326899827e-05,0.0013400491065573624,0.00018085117969706506,-0.0013409751719776516,-0.007254359936306547,0.0029932467146603827,-0.011038123005368532,0.004992040680615454
14_1,-0.0019340880440755358,-0.0012406491084010294,-0.006976503472551958,-0.006884812393256382,-0.002601731531110791,-0.0007985170707438987,-0.008374626113173972,-0.00479182234780928,-0.0015787966089532927,-0.385844674250338,-0.40311790828536403,-0.028137113932111865,-0.0019506094240458619,-0.03380759481631393,-0.0006363805089564374,0.0024008818978615482,-0.004348122532585727,4.027094657976304e-05,0.002596670009483595,0.0008045939366158294,-0.00999404489067592,-0.006640406065184405,-0.008783832849958225,-0.08976404775034025,-0.017329736521920835,-1.123417056528706,-0.32258057089191033,0.046660339032169956,-0.006253872279943641,-0.002085894070162146,-0.017490068023990585,-0.003186425600256215,-0.005878856787933635,-0.0015799690744170123,-0.004982500684041711,0.00048059798720806907,0.02489926362633487,-0.00012026121854448425,-0.0015969787650102721,-0.004800838385059952,-0.0088827763420649,-0.000908352950525455,-0.0027776765463797173,-0.008866599418870046,-0.004800351699978034,-0.0030413228933014688
14_2,-9.67057584976005e-05,-0.000525812435810433,-0.0021292600676007497,-0.003980117568258838,-0.0009270671463971786,-0.0003750711476278716,-0.007755330328078898,-0.0028832872517980876,-0.00909821177535522,-0.3997337194347101,-0.39501107032638816,-0.03258918252026332,0.013030183437850312,0.039653393456876435,0.004219653130268436,0.0016952466915879398,0.011211960906927764,0.005302111240439659,0.003672025608020865,-0.00010263604296091382,-0.0069890371811475935,-0.001168959499140239,-0.00925196984410218,-0.09125034398261182,-0.02039054037102983,-1.0794834945293665,-0.318423340722861,0.04561409004004468,-0.010430832814572981,-0.003382928249994123,-0.021756232338254532,-0.003039849183592532,-0.005543790230155527,-0.005035764573563415,-0.0063660274440781985,0.0003253052756248445,0.025448715560368075,0.0010441953008726737,-0.0011168440764943307,-0.004364347589021549,-0.00425565231064627,0.0003049185629903115,-0.0005237344618872296,-0.006507646389289221,-0.003140938421819975,-0.0026713900909013984
14_3,-0.0028282914659628583,-0.0015392679705591747,-0.008527976672590662,-0.007002345607075989,-0.003962536244709053,-0.0016068990615094433,-0.00975971611596928,-0.006500998523291098,-0.008696256809646953,-0.4398575771377032,-0.4373769919974562,-0.036237452752714006,-0.004197425197000475,0.0047894872797452645,-0.00030710935541388074,0.0033022528546152972,-0.006331092655140351,-0.0012979995446499217,0.0019499715028575794,-0.0008467042154415711,-0.017714894013312343,-0.0073300588633077165,-0.010396009075386603,-0.1060570643281948,0.014011799726356031,-1.143920832275175,-0.3366428798073762,0.03915227260377713,-0.010336003980279352,-0.007934904005005815,-0.0306453614216471,-0.004857320284991755,-0.009158528264313437,-0.008731107817878458,-0.007618541147926872,-0.012387471997225745,0.019631323491160167,5.953237498320261e-06,-0.0023177008193853033,-0.006281472880959558,-0.009925045329425453,-0.0014606186872383148,-0.0033557236914644045,-0.009755483952007406,-0.005202421023137313,-0.004213113793752534
14_4,-0.00031526063975080456,-0.00011272685953560952,0.002356644363781623,-0.005894121613939056,-0.0011437821106719311,0.0004246343524313,-0.002937955220956336,0.00074073437651488,-0.007067979947998287,-0.38523469608794025,-0.37960487042967533,-0.02438724178750281,0.0047105272702895615,0.012390437309202357,0.0018744214152662108,0.003689538437748286,0.010685892452741274,0.006091545032582247,0.0038799856685470015,-0.0004223632061538964,0.001900939762533412,-0.0017143660779935432,-0.00769868442639011,-0.07813635661835587,0.0039500631073408335,-1.0534850412701042,-0.3117997972162584,0.047585993615693906,-0.007855810073345773,0.00020337072998912283,-0.025894046707672046,-0.0021877187484902303,-0.00499128227989353,-5.949362645695043e-05,-0.006833079051738401,-0.0019160007790756206,0.022806890610353736,0.0007243830448420531,-0.0009851131353067074,0.0012491221357814298,-0.004846528896309912,0.00022410954183272683,-0.000633321451618403,-0.0014543661203157835,0.0023007029331688035,-0.001449635665208268
15_1,0.0012413612912846059,-0.0006115441951684371,0.0013961715574376376,0.0047578815557868075,0.0010889086444698802,0.0011819345528493003,0.007084578190822359,0.0019126010365220708,0.0002971835847867572,-0.16662370726395423,-0.19474124868683568,-0.002865754650436939,0.005855340650773401,-0.00791458634681216,0.0025238811213667447,0.0016711957437219526,0.002206361072085809,0.0038151261023531362,0.01661332072866854,0.0014502268791069196,0.012339807775084394,0.003370985041289943,-0.0013722194102546983,-0.03701955683376792,0.02649440713332573,0.7634253726611376,0.01855572234940185,0.1381487120592709,-0.010202148972554568,-0.0005783065866278558,0.002900733753206559,-0.0028392030974209604,-0.0016653275433404161,-0.0007627213864674125,0.0013053456076759476,-0.00188364612219019,0.10615783074264482,0.000993262172841,6.0881692338751815e-05,0.0009715060646635123,0.00638077526740522,0.001035847560301941,0.0006658195817434231,0.007652792043455189,0.0016730315177551612,0.0014378989894365994
15_2,0.0006523306840456973,-8.43064257400119e-05,0.00029258999324966513,0.0036771966854419413,-5.833433154839173e-05,-0.00018306324262554782,0.006720374804973527,0.0012326097191988992,-0.0012292904583136221,-0.16308729175422912,-0.1903749535226568,-0.009998221274351536,-0.004842844833572663,-0.017695155950368344,0.0010315748181583505,-0.004620572324088398,-0.00731432923709567,-0.00033488436767049943,0.015089860592295733,-0.0034657317783207977,0.007064786407965211,0.0011235336136596198,-0.0012185305820309185,-0.03765866046228285,-0.02006241036291464,0.7531449388820679,-0.023431440454480132,0.1742723403967112,-0.009874385207776297,-0.0009946365770756782,0.0011267646724596896,-0.003080510152483068,-0.0013482359052029047,-0.0007188619892574979,-0.0062823665003982725,-0.000988001374852617,0.10459175187755392,-0.001137601940841543,-0.0007263580145256997,-0.0007260244573455035,0.005152959734965895,0.0011507310945212327,-0.0009385622178210466,0.007449009361932392,0.0005154573031542784,-0.0016172768843390757
15_3,0.0010116861852918367,3.723494537004421e-05,0.0008827052318063111,0.00459553759135165,0.0006135915636090897,0.0009136295982271503,0.007340612994435852,0.0018611912924689522,0.00012607629070594017,-0.16233837863975778,-0.18855712078772255,-0.006741395711919067,-0.0062487147187800735,-0.016618824444344194,0.0021859429533842957,-0.00828236361602345,-0.00845669485670621,-0.004789009318346097,0.014946637359510911,-0.0033910469664463062,0.010612370199946992,0.0029602214026828227,-0.0005824725274214116,-0.0365088440028555,0.014894149973466279,0.7694611365641273,-0.019540155450031602,0.17819058740284438,-0.0023380796418273784,-0.0008074941590950793,0.0028925503082546595,-0.0018394421035922758,-0.0007917349222736857,-0.0006816684846854542,-0.0014471054187850621,-0.00025019653553256865,0.1080224446403119,-0.0006772966534687528,-9.690516980869743e-05,0.00033088099630122823,0.005441979721009134,0.0007353449920654712,0.0009690849012099695,0.006728724182162363,0.001490952161058086,0.00034542626767328867
15_4,0.0007457125568024091,-0.000917012506888611,0.0005338358900090757,0.0031763497387088265,0.00027033924382972646,0.0009250871418591096,0.005740398696348805,0.001661710166697997,-0.00032856532576451894,-0.17134158048413164,-0.19933769457510855,-0.0038948507399324,-0.0007263446328459448,-0.00898200097354668,-0.003623946927649888,-0.0009841198750645695,-0.0028131369283279275,0.0025896951813422216,0.01477749578655038,0.0001651671137195712,0.005812893047289427,0.0009635983375221868,-0.002410077276366671,-0.03868150685126241,-0.022230403795256506,0.7232573225992409,-0.027689970265293237,0.13575686206448928,-0.009658504703281764,-0.0002988274197635897,-0.0010477780941528358,-0.003444572578160796,-0.0013125811718663776,-0.0009068520293136168,0.0008738181658364493,-0.00212593012951222,0.09818428422685918,0.00046901654679309913,-0.0008122341020986508,0.00030914758369239136,0.004368637392318764,0.00038042286700848817,0.0005712071620787984,0.006705993414438675,0.0007400014482786669,-0.0013381515979453487
16_1,-0.0007483925888247803,0.00019511487841591523,-0.0015820619746484683,-0.0032255213595795257,0.0038049779778420727,0.0004863194079465282,-0.004656962144561679,-0.0005027422170224265,0.012902126129204479,-0.06244723455381272,-0.0901075598872538,-0.00021998673090544246,0.017632105848652168,0.07359260388516056,0.014844214982028932,0.021208691447891257,0.03950285954131893,0.012719997498022561,0.015874063706170345,0.014610791417830437,-0.004305045057739523,0.0084648752687551,0.007174513446552637,-0.022045062217788132,0.014020101757379224,-0.6864616356515093,-0.24854992739093032,0.06201154956539504,0.008437453693700065,0.0007605741878496954,0.050563993178244844,0.001992295179446269,0.0001723384965100217,-0.0006601318236058076,0.0007371756232007007,-0.0007613524700252111,0.02794023435230866,0.000486148525243473,-0.0006652129271130957,-0.0007115225552713211,-0.0031460268223509184,0.005452490341158639,-9.47663515938701e-06,-0.0018880294064650255,-0.0006662005263276195,-0.00042313234002501097
16_2,-0.0009165679274076653,-0.00029544008963411545,-0.0020209681561858595,-0.0026305862365792482,0.0022471840201944648,2.4222070213656957e-06,-0.003879455138924558,-0.0006716877818995999,0.011174576388076823,-0.06435442695668006,-0.0913398464552115,-0.0008097092255217367,0.014631675902747691,0.07035627810241878,0.015722373508578507,0.020675926101154606,0.0370896742149532,0.012285215696807654,0.015613132688806042,0.014921552968723084,-0.0044579186733360405,0.0074571117363847,0.006187149105669625,-0.023734495820280074,0.017215003143340984,-0.7123901174527736,-0.25881455146341553,0.06384879027596896,0.0077035953278622085,-0.0009797842166928143,0.04041511039962677,0.0013514393126657547,-0.000739111342312289,-0.000633807419310884,-0.003906679254231859,-0.0009691671976392341,0.027824256014484832,0.00042537766349074857,-0.00047729152714342464,-0.0008472681663302697,-0.0035794931527970606,0.0038820098344735624,-0.0005373923296001491,-0.0030144991096902546,-0.0006095231570128262,-0.0008170616665333744
16_3,-0.0005568517153017633,0.0004705438792001777,-0.001437174560879051,-0.0036392244133266814,0.003907941807332942,0.0018687145932897995,-0.003468230233495773,-0.000530191726286422,0.01342918662811813,-0.059631005628819345,-0.08686792371089816,-0.00023236543135751647,0.018452613878065287,0.0821326795766853,0.01702315017236137,0.022081700552080818,0.043355533786124605,0.01326667149494142,0.017510455191361404,0.015910928224943544,-0.00366953016414871,0.009197040355185914,0.0075756244545479405,-0.020168465715808166,0.01943379209852153,-0.6889554437548623,-0.22932678417770952,0.06673658846266604,0.01099096990072182,0.00029869536084836543,0.04962075372659448,0.002326853455101955,0.0005072611583514755,-0.0005824039171833089,0.0006890568061056742,-0.0002582171485592229,0.028696748196092345,0.0006661910657038128,-7.908645049217855e-05,-0.0007436878448975354,-0.003274057954986864,0.005616758859271178,0.0006866101567230168,-0.0014546483436527937,-0.0004365669022550538,0.00028906012157397436
16_4,-0.0007096545726172852,0.0002659940022830534,-0.0013420567245654644,-0.00304195912395143,0.00408527563461243,0.0013712659967762013,-0.0032227721298007882,-0.0005725861275685733,0.01589047386358522,-0.06103840823445431,-0.0891882767090151,0.0001496018253779962,0.017643477249645274,0.07950702501260724,0.015440333272516201,0.021578760020832585,0.04080715141272492,0.01365202867961996,0.016220159526240924,0.01523721705895152,-0.004019883007796333,0.009007191983979139,0.008044457821931177,-0.020821834223344663,0.014525345747883995,-0.6796488668308694,-0.24622946494946493,0.06421530425276192,0.010275380790280135,0.0010033916589558146,0.05251632765838941,0.0019913650868657886,-0.00046397300803785685,-0.0006869899180276597,0.0002703245719778368,-0.0007949945596696037,0.028298507499299942,0.0005816648943561211,-0.0002587567237940541,-0.0006493142269256751,-0.003239680842041286,0.0054525698968188605,0.000618059111757487,-0.002156640155680216,-0.0006077226167908287,-0.00010578106994672327
17_1,-0.0009544975450651293,-0.001038593220024007,-0.0017629753352003726,-0.0032034857650085837,-0.0025468833541047605,-0.002743601685544511,-0.004775837565142695,-0.0014056905287161167,-0.002956093602512612,-0.07947596410903318,-0.10599026440377907,-0.0005354812052598235,0.004572021459554699,0.02796154544580958,0.0065800474666415625,0.010922978470070266,0.02431024957531318,0.006354714826618808,0.0073275661793191955,0.00821169323549459,0.013622344802065601,0.008501298119524556,-0.012070737748719378,-0.02777421419417723,0.0017931515254460656,-0.6421767021144671,-0.2707317976562067,-0.073914270918874,-0.006394105013861273,0.0019336518232090148,-0.03722902061432509,0.0013249950252264993,-0.0005400884316526163,0.0013080510289846597,-0.010339064971670921,-0.003432656457204663,0.02021740759640639,1.1958131305985246e-05,-0.0014551610330573752,-0.00155130492133191,-0.004595741756692537,-0.002859433363788486,-0.0021386628661117135,-0.004735536476819858,-0.0012976811912463564,-0.0014221165103554642
17_2,0.0008600577425987586,-3.0483736415448206e-05,-0.0015813010299000458,-0.005905950386094482,0.00017693618262263366,0.00029391406818734595,-0.007201178934249907,-0.0011856167075903544,-0.0023191485893584306,-0.09076480573091623,-0.11286282707471453,-0.014919842117341178,0.010413020869389392,0.04163951299435125,0.0012786398151003965,0.008613967010517549,0.021526693505574845,0.007498668083166838,0.00970602088289957,0.004767919658832989,0.006292525576427123,0.00309897265241806,-0.006793122754204845,-0.05882038402376531,0.008262065275178778,-0.2552256095766671,-0.2859696822583006,-0.1065050516536936,-0.010803700573314156,-6.267941804773402e-05,-0.031823618384317943,-0.0015749386925504483,-0.0007824960285166988,0.0008124150499467952,-0.00594533487495365,-0.0016739542400315006,0.03156732358112195,-0.0004928015750183632,-0.000708714680199075,-0.0007950555691972242,-0.005547729372251373,-0.0013673191773112734,-0.0003245636523165809,-0.007807461910132644,-0.0012330459242278127,-0.003115709763373696
17_3,-0.0007896822258860681,-0.0003148973575546016,-0.002053097330472611,-0.0032221738921040612,-0.0042759843196942615,0.000326574223331264,-0.004967295839248584,-0.001766786955070717,-0.002887102942405227,-0.0752486690393288,-0.10745037431335167,-0.018747022311753805,0.012009023426163641,0.050526597248374314,0.00830233759148475,0.013045191797291713,0.026908476891772427,0.008999328918597206,0.011836124372294674,0.008170476279561903,0.007747965022920087,0.010916597526267419,-0.011135871984882514,-0.04010190177294925,0.008615322617613495,-0.6399248830500934,-0.26966430195157637,-0.07146529629910159,-0.010371684574087273,-0.00021292373655579344,-0.036992704364539074,-0.0001223286833425766,0.00025281138821578697,0.0003597429341236564,-0.006500697830884627,-0.0016797605463427707,0.020883093854390574,0.0001712325004291954,-0.0009804349958569382,-0.002392642953410672,-0.004525609147870639,-0.002317811856642097,-0.0009158886441983064,-0.005345250444045831,-0.0016450521648776434,-0.0009466934921130222
17_4,0.0008083420401293346,-8.737625605152823e-05,0.0001945821342322746,0.002076184138229539,-0.0004935237459208445,-0.0016518719447424742,0.002570036878234805,0.00107122725247418,-0.0005013189058824558,-0.08841220303374737,-0.11507836290183453,-0.0014047344522082265,-0.01399969586915558,-0.026212338677652804,0.010295354531407619,0.017188056812040938,-0.043342766897031336,-0.013275146263240917,0.01048019368283063,0.01199731856210638,0.020472335403909,0.01910861337297188,-0.007526151586246194,-0.029263680531836225,0.008143536622932036,-0.8460803302812676,-0.274676896930369,0.05641884077073954,-0.0004766236523854436,0.0035836157148146346,-0.008392427115623591,-0.00024183352948673357,0.00127528102184662,0.0027798856294871804,-0.006467165754802253,-0.003737970374102548,0.031195697585480336,0.00108386660749469,-0.0009190723838695431,0.000369406580912871,0.0017221862941739347,-0.0020566388965126965,-0.000996402287751434,0.0017493443644436449,8.767943842476933e-05,0.003641343339330934
18_1,-0.0024376521346709977,-0.0008555299592594269,-0.004040356935427127,-0.009570755831094816,-0.0026010142081104807,-0.0020445947431649843,-0.011631749754355733,-0.0020213831193096735,0.00882416138407097,-0.23515251716267122,-0.25321877790049474,-0.01806033911878653,0.009016115725340052,0.0138681597832035,-0.004866735614306868,-0.0004627547148638223,0.0053437439358394205,0.003546301343535233,0.007018813276963351,-0.004600683085664936,0.003274451794824537,-0.002050615395396487,-0.005596655104310761,-0.06018442891789145,0.004558802097063566,0.3856896361539587,-0.316108392011487,-0.17570503918640498,-0.00501952272070964,-0.0015919368479655784,0.0031832310274210506,-0.0005487925124017172,-0.00018090886662372588,-0.0024393947710915735,-0.01821787004876919,-0.005628080028604685,0.033857863807095274,0.00019519581843478414,-0.0019944791281430443,-0.0035585406844752757,-0.013027934657623698,0.0012253768212429077,-0.0007339335571361142,-0.01233766801481747,-0.002662676192203266,-0.006704927223607243
18_2,0.0006216044087994868,-0.0013515501817767327,-0.0028633085685858648,-0.010847661665395617,0.0010115851672302231,0.0023393671930203885,-0.012521127832375138,-0.002753772038657026,0.0015736147442191402,-0.20234632761612514,-0.21002465736740164,-0.018277930875749877,0.0003202250748662536,-0.020304429362642342,-0.009183920597374702,-0.0037013063558582935,-0.005739264457960444,-0.006386695886074717,0.004388091875960677,-0.007921368936241988,0.008163111565738542,-0.004688405655240388,-0.004553646214483103,-0.05532111992219463,0.0021777096040977505,0.6019823662687148,-0.24262751935489302,-0.1947243885005868,-0.009141703175008658,-0.0016825407168415355,3.5688867479723784e-05,-0.0014953072675340728,-0.00023294607091931782,0.000826355825076924,-0.005226661447699738,-0.0021215599758090966,0.045527271637002625,-0.0007793286056963788,-0.0006022010180658125,-0.0007517818485003815,-0.011738572448925165,0.0013974824965675332,0.0010199899666517055,-0.012811779711790552,-0.0026715554090644762,-0.008495614034567842
18_3,-0.002696826674109977,-0.0025493089270381066,-0.004548802492822616,-0.011096348527974613,-0.0022003224696601252,-0.003326126952978461,-0.014206477146825021,-0.002661476290864386,0.0013826914269022576,-0.1982789940086293,-0.20934000730390523,-0.018682157058353636,-0.014861995693495889,-0.01901280413823807,-0.008132415827987642,-0.003354035516094589,-0.007577544568419443,-0.006419068050550282,0.006236966386505848,-0.0051166845195247685,0.0088304092570976,-0.0021863834569892,-0.0029536916808936995,-0.05342822219650517,-0.0032977664260005475,0.6221984634543803,-0.15906690231782433,-0.09922348212914982,-0.003931861451649713,-0.0019999684311295457,0.009800631613683998,-0.0015184292669999822,0.0004219809594831778,-0.0028557693081629346,-0.018678973007475064,-0.002647966168895614,0.0408566598067145,0.0006744271603990541,-0.003505652500568907,-0.003700902269514439,-0.013151066169477463,0.0008253543481857408,-0.002449910639734355,-0.01413187681050794,-0.0032558880433488898,-0.005478687909323581
18_4,-0.002296149175321872,0.0002710182100188561,-0.0005012925903443003,-0.0037145408543558184,-0.0027500453628986573,-0.0034549589384868457,-0.005025363398302927,0.00010442108567616142,0.017757495949111753,-0.0837048238952296,-0.15814263095853573,-0.02463394289541927,0.011442449483557285,0.06366358388020626,0.007628757914334361,0.013466645683640744,0.03223850078369082,0.007903374769696974,0.010964828915697607,0.007959256808858426,0.008167243196272827,0.014058078039236074,-0.00591621193258038,-0.05627675068370979,0.01060155424854468,-0.7032700239373496,-0.24616751448078553,0.055543769921315586,0.003304150924708657,-0.00012118084415177501,0.05542692985352441,-0.0006202929476256822,0.0011438104663396226,0.00028198096063633646,-0.005510431408385692,-0.00540075356070069,0.027899696670387386,0.0005920278764762547,-0.0010149618191746131,0.00029409748603994175,-0.0034210655117258367,-0.0017777493575165913,-0.0014498784119949578,-0.00599129287087901,0.0007576244113460158,3.62127212586692e-05
19_1,0.00013701416698178235,0.00036564653809799104,0.00048621031588581755,0.0012347965538164892,-0.002963872387055234,-0.002325106967146502,0.002624604986490619,0.000597247507958147,-0.00879690976431989,-0.08108699176707028,-0.10965341833474493,-0.0008822867262557098,0.007603553419556713,0.0632425578068415,0.01302178928262154,0.01736522440133354,0.027413944580311597,0.01095308195708144,0.013927067636379633,0.012185279713858157,-0.006667266641196172,0.006989262619692587,0.008050680094788825,-0.02590454910030413,-0.0018409643029330173,-0.7640917741195123,-0.2621117309173617,0.06680823413433393,0.011973080015686224,-0.0011478219556708704,-0.035267476725663514,-0.0038620281197112518,-0.0018675635474246022,-0.0003160613667786949,-0.002167166272651833,-0.0007497994395440849,0.034995124050964437,0.0005798990834321011,0.0012654942079069482,0.00033732272260353905,0.001074085689698446,-0.005016908098248158,-0.0010182757203652337,0.001558604784476766,-0.0005428887600609657,4.013831833134925e-05
19_2,-0.0003977736420584612,-0.0002562742774370038,-8.697652356065358e-06,0.0016133702701698661,-0.003058833453792405,-0.0026217962999232356,0.002658124536806361,0.0005155109657128705,-0.009020743062400052,-0.081781255329674,-0.11111828292328109,-0.001156728551056024,0.013956020541820548,0.06237661924409393,0.012632744060741306,0.016972915675103444,0.03281727759927457,0.011955734322427136,0.013850217985800838,0.012347030910852793,0.0021267492135512204,0.006563649438897006,0.007487556227854321,-0.02622092898216083,0.0009162226373882081,-0.7747471649107331,-0.26525191310513657,0.06783525249175418,0.007743492238654472,-0.0015473186241807357,-0.037142840969007905,-0.004094581912888699,-0.0017796749197014565,-0.00036252427687077183,-0.002981043865224691,-0.0016529135524305497,0.03676852909146989,-0.0003443606942781127,0.00015719984584995343,-0.00028687544383840447,0.0014964329568459744,-0.005502507093033094,-0.0017759694885036705,0.001259311540783813,-0.0008907707783432686,-0.0007682933563226317
19_3,-0.00015025059902137522,0.0012395684273767342,0.0008970232236601174,0.0015549208297313316,-6.908865642594852e-05,-0.0020558260865362497,0.0025646810075119274,0.0010875461937974256,-0.006803521035183188,-0.08011642002504803,-0.10861073501070784,-0.0015165698150085784,0.014739931896715503,0.06504223760632914,0.010558773847634501,0.012761401000318908,0.03549584399795418,0.012673443033508097,0.012667201254076763,0.009571653310591706,0.002419690862056696,0.006271837834705039,0.008256485659918926,-0.02701798904103273,0.012214050453113042,-0.7832868980921102,-0.26661459554935935,0.0708671662212635,0.012074720215308248,-0.0017357782456325192,-0.03646451016010545,-0.0032189311152326064,-0.0015261503917034826,-0.0011439406911232745,-0.0032673562886936544,0.0007309118658262977,0.036312996815176156,0.00011996622475606648,0.0008566046224520428,0.0003207447603520666,0.00257453914452721,-0.005258458582106375,-0.000592616338815939,0.0015813770105683074,-0.001008699310044068,-0.001318960762104895
19_4,0.0003510060524861472,0.0019316670336755352,0.0010161999612257775,0.0017610461890811347,0.0005465474088403642,-0.002677524471680024,0.003519989400978331,0.001938237716236027,-0.005507058755514856,-0.08070601093628503,-0.1088076342552034,-0.0007598813768795461,0.012063899184144194,0.054804174958778984,0.015017145292825143,0.016706437131594462,0.033975146624716894,0.01302252877880273,0.01594374163472242,0.012568868025005567,-0.006126342577924701,0.007431709602029618,0.009136079793722014,-0.026111781217352754,-0.011701143495363034,-0.7840225367406548,-0.2702134161592795,0.07776732152038994,0.01365168328977541,0.0014556444433894299,-0.023973056939429322,-0.0030918706553922383,-0.0006790782932785057,6.735137722329146e-05,0.00025776942460607093,0.0006458038673257181,0.03805894072926058,0.0008358871103218522,0.002273809842240501,0.00044627421871973506,0.0026114913629229825,-0.0035752875355404687,-0.0004920538056053498,0.003088643059228457,0.00027318872903114616,0.0002779549652604383
1_1,-0.0006514534421918254,-0.00048650526836605435,0.0015545572910189076,0.0005896673740017613,-0.004337126020849911,-0.0035804411461566902,0.0033755721291939935,0.0010323973076715644,-0.00552970146155192,-0.2751178466420014,-0.26816669855853464,-0.00875253338015633,-0.009861245031748818,-0.06018279911459283,0.0027296360198886442,0.004103155649501677,-0.024362105809029446,-0.009806662643509243,0.007775697378359094,0.0025566608311304653,0.0012102211863654082,-0.0145111554319363,-0.006525240763171327,-0.05166491408184202,0.0005198387297240853,-0.7701323278236152,-0.2595128635546975,-0.06632267888598012,-0.00664228471208234,-0.0017455916042936326,-0.022472083007868786,0.0012323002196916904,-0.0009026882223417622,0.0003024138541044871,0.001522519654585606,0.0025293188693477674,-0.14693194092526335,0.00012888060988238087,-0.0015920713602447405,0.00023075610229361315,0.0014190338550040082,-0.0033409780485363907,-0.0018433524366236087,0.0034889169949019866,-0.0012450749368805624,0.00252457567229684
1_2,-0.005167197424047957,-0.0012547193567067144,-0.0027484763506527873,0.00032221802134486444,-0.006003646203131319,-0.0037481274794600975,0.0014050241580244407,-0.0011814324780116822,-0.006210012748973308,-0.308831135242975,-0.3059990885568126,-0.0170687099920946,-0.006037813032428517,-0.06032558472111804,5.719946132895834e-05,-0.0005093453700309029,-0.025349231747525416,-0.007927147167594654,0.004833105430476062,-0.0009040336871161017,-0.0039144257366952465,-0.014344714827564437,-0.01072552275021489,-0.055054642292598245,0.006496132842827453,-0.8031759810396727,-0.15939164995827645,-0.07169323732209046,-0.014372535391562425,-0.004652605759324427,-0.023268125854834697,-0.002682400923058049,-0.0033648380778022254,-0.0007730136447632559,0.0028167219609590848,9.477836654694726e-05,-0.1685858434143878,-0.0017748917820253642,-0.002404304358186025,-0.0006844013337148851,-0.0006031479149639225,-0.0039658603850969126,-0.00490941811140878,0.0016287884027071382,-0.0038133337924261693,0.001109704345512287
1_3,-0.001066562779342131,0.000216616008179245,0.00117281493856802,0.001039599826603002,-0.0038793961539168183,-0.0031031685962793565,0.004374191203443222,0.0011975613331358236,-0.005278002330239374,-0.27256631995383895,-0.2656152615390815,-0.007025700371263986,-0.012387672226298645,-0.06621397855365493,0.0025430943961582547,0.0030138835631479725,-0.028972529281664244,0.0017204966729735924,0.008790746640285145,0.004581126223251576,0.004189941831436853,-0.013433277430286128,-0.005316322913771681,-0.050188559941952704,0.011873062863410083,-0.7650531231454826,-0.27520771096983965,-0.061241406327201514,-0.006775836017833703,-0.0008340991135288924,-0.0228674533275112,0.002241729353417866,3.856478380856443e-05,0.000383037587632185,0.0011568437893915134,0.0008298544794526058,-0.1339374695442944,0.000382623246185279,-0.001765038104644678,0.0007934681465430902,0.0019148363087944289,-0.00326773439827059,-0.00302066536419592,0.0031337810036854478,-0.0003694972372055484,0.005290737794898584
1_4,-0.0007002680447970749,-0.0009633563296062461,0.0010722729045966623,0.0008968001874920938,-0.004163709755667221,-0.003103460434522174,0.004188775621942259,-0.00033926497412062665,-0.005580149095377242,-0.2716577157499572,-0.27421895243375616,-0.005388649384189915,-0.005659272225313298,-0.056283563051054177,0.004121773184709627,0.003614874680760841,-0.020977989280357396,0.0032326814686138884,0.008610043131144673,0.0037762168843057534,0.0024049688096490496,-0.0127082489483859,-0.005664174522674881,-0.04573250360090594,0.008009014864894779,-0.7050500457457054,-0.2757716445017462,-0.061707031368861714,-0.006962918719063923,-0.0013525886981004978,-0.02436260461753245,0.0020282195740843655,-0.00037568911683628247,0.00029231204931011407,0.0019147920349496268,0.00013870002085021227,-0.14397374316985334,-3.9724231289710855e-06,-0.0014340622221509307,-0.0003075448782156444,0.001009759825015995,-0.0031016505372016166,-0.002080600569789102,0.00278762841476094,-0.0003471529127430414,0.0050461146417141115
20_1,-0.009274664043635967,-0.0048211710542256266,-0.0027869226492142412,-0.0010823501680740106,-0.011115269049238706,-0.004616219621880531,0.0006809068560208389,-0.007853676737110305,-0.00480343033642549,-0.19042596033344092,-0.21942782955462822,-0.005556027271138265,0.005556824130144584,-0.029855838324475366,-0.011666273442544655,-0.009599144110762075,-0.007172536302335308,-0.004210422427186904,0.002855442816186062,-0.009848687011554851,-0.0018548800787359517,-0.008763967836236022,-0.005645827779882586,-0.04608592753481548,-0.1853547758094598,0.5064057173035711,-0.05832450200133307,-0.23769717111361566,-0.011544458740180489,-0.003966456000554366,-0.003680825724724105,-0.003985946791881127,-0.004140832940036293,-0.0011831428514790135,-0.001988253997822019,-0.00206413831440487,-0.5011091163406496,-0.006101701149610462,-0.0009489027113296617,-0.0031146564756908187,-0.0005620021190128161,-0.013229988895478047,-0.0071058100844547094,0.001232518678735664,-0.015223578987562434,-0.006166724340950008
20_2,-0.003993896373767794,-0.007326162561599884,-0.006190766312027361,-0.0013945077927605908,-0.005281000195431192,-0.007846825549957642,-0.0027909244804725304,-0.008759424035816917,-0.005825916613380995,-0.1974197226377248,-0.2271390591460472,-0.00824042209404269,-0.007733064785879807,-0.018214535294404467,-0.013001063397829695,-0.014879955230615551,-0.007138946627623401,-0.0036083187968692365,-0.20642410562906982,-0.017479209536152684,-0.0036771928364788013,-0.007510960564560217,-0.007029820528128219,-0.050617629931274395,-0.18415627388856814,0.44598230147996915,-0.07547513682860182,-0.2142437719160689,-0.010878700354251111,-0.002810810816874772,-0.009344477313619304,-0.0043198635559301875,-0.004870442165828,-0.0011962229451510738,-0.006392846324725321,-0.005620862073144622,-0.5193705335582739,-0.00578149959493928,-0.0062010145372080275,-0.004028709377436541,-0.002173236130284014,-0.004967733542504052,-0.00932854140389094,-0.0038350653132980476,-0.016129788894780114,-0.0075267401112040335
20_3,-0.004220821070430398,-0.006468726522526748,-0.0024129917419836474,-0.0014322506540716262,-0.008081719034200116,-0.011388025426602357,-0.0019624020617263387,-0.007632735133443749,-0.005800001302425943,-0.19714450013504248,-0.22861308186645898,-0.00746040580911468,0.002411443799040172,-0.011154900711117959,-0.004987840048527483,-0.01035803860444519,-0.006063292109784361,-0.0018508274490345623,-0.19507968858069316,-0.0071392750920297844,-0.000877708490143022,-0.006983116517373678,-0.005723262490536745,-0.04758977592579587,-0.1803806594995253,0.4601740199295025,-0.07188396422799795,-0.21365747125108756,-0.007955453827738273,-0.0018387260173811056,-0.008998287818727652,-0.003663178450014177,-0.002879810656875809,-0.0012385503533592333,-0.0028215997982046262,-0.0020638293231894827,-0.5082478732273088,-0.0047756150907536515,-0.005254224751380335,-0.0005107802672892214,-0.004464867470887488,-0.005436944202582563,-0.010552955644093647,-6.791900273594222e-05,-0.01544860520518888,-0.004507670275627577
20_4,-0.009322632536857667,-0.007862494529367148,-0.010530275128498355,-0.0019284769742807753,-0.01381775826655796,-0.01180387578974492,-0.002237559354826788,-0.008599557583389294,-0.006326656347368385,-0.19159860460824,-0.2202152451310357,-0.008257763476419343,-0.008996226397428479,-0.01569301079664001,-0.011721860649577063,-0.009125095538467236,-0.008204660498935229,-0.0074404107278660024,0.003045679402099268,-0.012162182830805033,-0.0025359207325743116,-0.008725277641647012,-0.006215546241366706,-0.04670263106295042,-0.1879734540583352,0.4841091182246942,-0.062470097775087025,-0.2509462747120604,-0.013632314527548586,-0.001872259446255477,-0.009481543181756725,-0.004608217847541422,-0.004528347491487077,-0.0011200312579073648,-0.004300565257972629,-0.0050763763097697616,-0.5196775111663989,-0.006451223524756421,-0.007262285945145232,-0.007839590397658682,-0.004301653406833305,-0.013814518401482173,-0.011812009469561036,-0.0037231710860182394,-0.015516942534187067,-0.007564306559881221
21_1,-0.0013087569648276085,-0.00014959844066431567,-0.0008742777526930755,0.001695380294229076,0.001563671330864702,0.000926465950697292,-0.00448396500887189,0.0006816677706045964,-0.00025897702657411376,-0.07493327807913591,-0.09962163927214468,-0.0017838718380358601,-0.0021730214667735875,0.034623550038570476,0.008422963178088386,0.011115646558899123,0.01996963797214629,0.001031800870936896,0.014381704189101346,0.00773138525775692,0.006249918615822202,0.01792569011282565,0.00664536107382495,-0.021598607559323964,0.01678152542453023,-0.7826944136231018,-0.2632943903869919,0.06889231147821161,0.009388680888810234,0.0044258447684705025,0.05684166153817223,-0.0006335022731447791,0.0007784721631676432,0.003455226410110304,-0.0038404493366045777,0.000769170330790425,0.031969223260082454,0.00014142539431047133,-0.0007039150989264307,0.0005013017692708181,0.0018203728907126074,0.004820266118404981,9.193776957468396e-06,-0.005388297931189678,0.00041232689027694924,0.0031457972439605892
21_2,-0.0012847800765947435,-0.0011287627828283553,-0.000919693696864458,0.0020765054202617752,0.0020572413905337902,0.0005577934871221178,-0.002745772299538977,0.0006248748900875103,0.005554550745637594,-0.10234117449435705,-0.13484684965944743,-0.004493611390683649,-0.016450864610468734,-0.10253396339237275,-0.039727570451494686,-0.050453951233181915,-0.0621095109785495,-0.01480628925481498,-0.025768575359493336,-0.039927825380742375,0.0055493516887529975,0.01661999706862239,0.0044369025093773965,-0.023447933975818947,0.010852541397273721,-0.9361600686169278,-0.2867121386226088,0.06171278254049858,0.009025161360933029,0.00713225025415376,0.0293483982921641,-0.0015213857823810507,-0.00033739871188457113,0.0035949951558984375,-0.003159756240578587,0.004319176742746907,0.028923419649506503,0.0005395517129666649,-0.0010763645205899375,-0.0005465838724151567,0.001608211552445523,0.00318420990766239,-0.0009566885386309043,-0.003959517548730223,0.0005463484204345734,-0.0017387078005902806
21_3,0.001131209525429157,-1.2551685936954767e-05,-0.0004095446129665668,0.0017998391435378586,0.0032940588666350683,0.0018364478338530226,-0.0037888741387761262,0.0006550212259211684,0.01164521858474016,-0.06989774843565848,-0.09559090096996334,-0.0015917887381137052,0.0045697177537371665,0.039206102995223625,0.010847002196412764,0.012300791932139942,0.021794174767631565,0.005697990705222749,0.015054463473792263,0.009238759399331933,0.017429058594437975,0.019390919365361692,0.00779879261786553,-0.019994861102098662,0.030218539652537756,-0.7658383052867148,-0.2571569506312217,0.0693639941994197,0.012088089163784567,0.000925542302397145,0.06320226644606629,0.00045499238548611816,-0.00018421781379828936,0.005071834545765686,-0.003501764079756369,0.0005870272850480344,0.03267210743540733,0.001140410909241747,-0.00043416295571145755,-0.00023895159181048977,0.0016579200660238093,0.0068505311478290936,0.0005240841610486761,-0.004062532733711809,0.00043727138684213583,0.0027355112203885632
21_4,-0.0011119565470807675,-1.0086405172691362e-05,-0.000343709151896488,0.0010792988939272395,0.0023366512581029833,0.001223619320792487,-0.0046455997781985935,0.0005617988368814135,0.00016703040408711536,-0.0771220071581146,-0.1009275017471541,-0.0013658111350808972,-0.002054476049328316,-0.02574504568085336,0.009333025356288395,0.009695868041305568,0.011420429886537742,0.002392015008739763,0.014622328278229789,0.00803045141479277,0.020192300707579335,0.022911769106946884,0.006570817777699332,-0.022601907437282326,0.027900716399552175,-0.7974247618953875,-0.2640261633481422,0.06844322794815602,0.01125568908661476,0.017537435600793513,0.054589277139618884,0.00015066782110550696,0.0012478293595961625,0.005174380749184195,-0.0049183372151777064,0.002166666354844006,0.03196206764102629,0.0009454572568349173,-0.0002533837693818392,0.0002661967462230868,0.0009319106790997953,0.004699180769406734,0.0003830501857955038,-0.00408430004400364,0.0005042508122923134,0.0023250323891993987
22_1,-0.0011805675004220772,-0.001077135188530194,-8.214669305818751e-05,0.002182515553426752,-0.0016000527139933259,-0.0032327019898237886,-0.004506051503158271,0.0001424015528305083,-0.004636552658223358,-0.09304697344868881,-0.11804970810716466,-0.005971391064867025,0.00314284517288372,0.028685696855115635,0.00675524590084188,0.00669068273345248,0.01660941194923214,0.003614431732228695,0.009474625478558516,0.005562184225098073,0.01345958056468571,0.011716671700532111,-0.008309498423631783,-0.024000283764300124,-0.00362245266878459,-0.8130763872695812,-0.2679038536605379,0.0575351278212068,0.0014403100259726162,-0.00020965848222422772,-0.043847471086200955,-0.0017860097620354118,-0.0019092367276823323,0.002688031622496026,-0.007112801835556993,-0.0005918046694033122,0.02841378349634989,2.8335773054119625e-06,-0.0015620474498917677,-0.0001031693844875932,0.0016466077779478635,-0.00490584392401688,-0.00251374075808267,-0.004504743226777975,0.0003368199077886095,-0.0048491615469833
22_2,0.0008741802580772571,-0.0004998801189685815,-0.003078415769536643,0.0017741542934512876,0.0037569363847749716,0.001783871401769658,-0.005089323422288659,-0.00012008611663677805,-0.0013937428707574795,-0.07504509052502535,-0.10727017213226281,-0.006332442658727764,0.0041747452771026565,0.034390214663527915,0.009919490829733974,0.014182720836034552,0.02258242908934552,0.005742984856827201,0.012765473302529468,0.007400888099513142,0.0156289145000495,0.012923088104403695,0.008965042710463776,-0.02076318496657196,0.003480341658696609,-0.7657648763598132,-0.09767350534296987,0.06314607796744542,0.0007952732939836686,0.001108191515731625,0.06181108884362885,-0.0016963580745012596,-0.0007066739988402498,0.0030838151116505436,-0.0007009095064285869,-0.0008813255504540099,0.03458136394539397,0.0014225185421036645,-0.0004908980774702849,-0.001271984757113014,0.0010053651639591763,0.008315972750120611,-0.0018509448800519011,-0.0037971194541684006,0.00030175301467107754,-0.004180911367372285
22_3,0.0007318290234439194,-0.0007667718814717555,-4.608914905344789e-05,0.0008667486184174588,-0.002257986227622758,-0.005423937870256934,-0.00493770433603303,0.0004180832226669622,-0.007553762091094865,-0.09975760480913307,-0.12571443481002578,-0.006246396733651881,0.00037873386852909404,0.022705251094179167,0.007304060568649172,0.00821595329628864,0.014235099828755704,0.0037021520649177953,0.010126590811391525,0.005040075789083791,0.01068889094233349,0.008362924489736327,-0.012629133009786093,-0.029920072823086303,-0.023218196731985396,-0.9136814729611902,-0.29134670253816713,0.054631063251560905,-0.0022088794340807613,-0.00020865248921373282,-0.05506934843589823,-0.005894292722195103,-0.002444447543320742,0.0011716135803799376,-0.009214844572063787,-0.002356500712647159,0.027535364405094468,0.001412715970227079,-0.0018455829669557723,-0.00017685150875318097,0.0013742191077104936,-0.004533558989992135,-0.0017716525228254514,-0.0051409741452907165,0.0003185221939198174,-0.006795037745877616
22_4,0.0012225890769873495,0.00037202382672189626,0.0004889677235755216,0.0015977679149188505,8.233218998071907e-05,-0.0009798697621654035,0.003349414627404123,-0.0008075992531286309,-0.002597585652861781,-0.11727508413112203,-0.15073612200798106,-0.0077902525042660735,-0.0115357282984066,-0.08700606140742156,-0.038435809755815016,-0.04212917124289292,-0.04078689791902974,-0.01141617184431909,-0.026740888960397488,-0.03981436630900353,0.013664603182797833,0.010544631170775967,-0.007980911601071623,-0.03261599823709752,-0.0004969469132034447,-1.0354153866282716,-0.313443064241357,0.05796572318483939,0.0018761420356472607,-0.0020051719659429576,-0.02768740050773292,-0.004252915829297923,-0.001083207532203992,0.001939237399140581,-0.006970914790657351,-0.0030868551700472028,0.03234645054147598,0.0015005995291679653,-0.0009508213246856096,-0.00015089026173128594,0.0015672569906258675,-0.0014462012529169828,0.0005020372784679493,0.002612820627108463,-0.0011336812525826864,-0.004649528057566598
23_1,-0.0009680885691634333,-0.0002516731456448076,-0.0021414499540075645,-0.0032935845555634815,4.44741723805568e-05,-1.0414892717033846e-05,-0.006070772472191723,-0.0015229858863413314,0.0038015419876447237,-0.11109138619792766,-0.14344319671473585,-0.002705873431667116,-0.02329049794173135,-0.10878280942560935,-0.05002825811021234,-0.05311139971349299,-0.07038065148197073,-0.014393483419026812,-0.034329899236729945,-0.05083650724994722,-0.019126703717215896,-0.02655435878402992,0.001040044966003621,-0.03250481899955814,-0.025213926245439534,-1.0013323588672296,-0.31256933888164634,0.059818440149016994,-0.0026564336300807607,-0.0014404235709115287,0.018281380283485808,0.0006491609378703985,-0.001492887717189997,-0.0021755736030499165,-0.0059403061667162756,-0.0033408727155526947,0.01980406435531912,0.00043649130781171135,-0.0004459832683457568,-0.0009940731231357022,-0.004149302460606174,0.0016818954068866599,-0.0005725086342142739,-0.003812139651482905,-0.0008061718340947832,-0.00279786349904307
23_2,-0.0009475711219035415,-0.0005461687755474179,-0.0019840928249835197,-0.0038716945167600767,-0.0015208038567009145,0.0003683412458314962,-0.006049889988467213,-0.0011717144014791992,0.0034732379920794196,-0.10644108489758061,-0.13803633286267766,-0.004543591555692732,-0.004247577012561094,-0.04840696135480936,-0.052819705674746316,-0.05678443638514449,-0.07245540722831617,-0.014052657026046692,-0.037092697438686824,-0.05476517803876305,-0.02149372297681491,-0.02711809608671247,0.0011478791867602087,-0.03149346334047913,-0.02672411332241547,-0.9801853647042985,-0.3079185924324018,0.06055096279934018,-0.0026510969578060445,-0.0025345782856237855,0.02144339111952185,0.00017749693097389655,-0.0015589769130450305,-0.0021279784777922138,-0.00655814687126312,-0.0030434746496917978,0.018838985001184826,0.00042879712232330033,-0.0005490359291320507,-0.0010271065432326796,-0.003993335223016192,0.0022748076086266723,-0.0004565407409704828,-0.003980495977897298,-0.0007833873881794287,-0.0028504427079865256
23_3,-0.0007983323973974952,-0.0006015301358793277,-0.0020644231644873184,-0.0033693810174790137,-0.00010782929210028874,-0.0005306193369606958,-0.005040690670193491,-0.0014605885028920577,0.0035391776132351776,-0.11333461516400857,-0.14438489010415648,-0.004925506475961284,-0.020197421578233933,-0.11167436719210762,-0.05315179840312527,-0.05629289811760545,-0.0708884628934288,-0.018659916392907955,-0.03679393252433473,-0.052910292926809106,-0.020143825344947987,-0.02718040994330651,0.0020276773113058044,-0.03310462133842262,-0.02730220561510828,-1.0100620747123035,-0.3112407725760704,0.05975059122461209,-0.0029524335917025845,-0.002096135041034872,0.018115675155744648,0.0003010010968561113,-0.001801053897972191,-0.002151488981794601,-0.005172396828732544,-0.0034533925995006856,0.019035271361989792,0.00032724319277765805,-0.0005108249940341865,-0.0009465412975378382,-0.004082122970064385,0.0015422483465433088,-0.0010069304375753478,-0.003987037036055892,-0.0007604789976111006,-0.0028306636339335035
23_4,-0.0008109127039720784,-0.00044890670728180273,-0.001705919675559621,-0.0030072579181671683,0.000646070715055189,-0.00028743729781744066,-0.0042324937276228825,-0.0006568052223694691,0.004522338674587865,-0.1091527265666716,-0.14195391971910415,-0.0019802965568264603,-0.020235799892654442,-0.11465512055912984,-0.050165240003780635,-0.05683969174321195,-0.06992622973377012,-0.019585380975796447,-0.03563551789150665,-0.049735050727931523,-0.019091584925896497,-0.026590324593181055,0.0012905085501528847,-0.031021419360595756,0.009902593155961458,-0.9695000464790727,-0.3052509294970197,0.057396137979621585,-0.002947369713025865,-0.0013155773298472186,0.021512845743592357,0.0008511059469030731,-0.002170103585122332,-0.0021633260336833635,-0.003418664775846109,-0.0029134271563332845,0.01977812523120766,0.0006369155609554092,-0.00044040720011465,-0.0007752251501959562,-0.0034387300461779244,0.002228134609376072,-0.0007073319175759239,-0.0031134375420542935,-0.0007671704663151888,-0.0025570465579412244
24_1,-0.0019174896794941897,-0.0009032466531164699,0.00012791648502723466,0.000574502188944774,-0.0039354382898091605,-0.001804429578135732,0.0056560016274088375,-0.0014593928627577284,-0.008503432154992654,-0.16208000385729412,-0.18852945900738013,-0.010627502604887979,-0.004845504260763709,-0.01682549361757646,-0.007758228405024324,-0.007179919134521232,-0.009040042524949624,-0.0046551768093030434,0.013122834346086538,-0.00444358336159603,-0.020765211731452266,-0.0051665852077486755,-0.0004364581450381562,-0.031416365872831344,-0.027207403620047872,0.7115147189665091,-0.029275487746708965,0.16463433988064385,0.002648762606698338,0.0006432478455346161,-0.01590668915498768,-0.0015868794670109575,-0.0007445443742430061,-0.0010059218378719397,-0.0032050989681406163,-0.010270332482353027,0.09795978095340552,-0.0014074648336015838,-0.0005104290028594366,-0.0006867721583742684,0.0022143212920562004,-0.003842203970835439,-0.0014301564185130384,0.004684129845034377,-0.002342639041361442,-0.0013122105077619341
24_2,-0.0019445269576425553,-0.0004014332943335157,0.0004223580462512876,0.0008276389105187687,-0.0035525510402030615,-0.0012458541134042892,0.006137226521757055,-0.0006419671915915843,-0.007241674732903836,-0.15661175623387716,-0.18373627114385593,-0.01034925199647868,-0.005782768206557658,-0.018520475839777076,-0.01104130339791065,-0.007702648041941163,-0.008462895175057472,0.004858882462279032,0.007743939938723798,-0.0072335381954516265,-0.015117272146481309,-0.0034327754970471876,0.0021628184645161,-0.027514671633451275,-0.023850129171042903,0.7201996349016087,-0.021672226767520324,0.1830440494336598,0.006885810458725053,0.0010148004912608657,-0.013375651909514372,0.005249585491801632,0.00014819759856228332,-0.0008827004687554722,0.004071266870214522,-0.0005027186468775742,0.10121622631580779,-0.00031883636977869315,-4.040994852437166e-05,0.0005224253862179275,0.0030222117406277045,-0.004078047470232779,-0.0010815833090945864,0.006382931589098119,-0.002372740246504961,2.6467371578665673e-05
24_3,0.00012668688798096004,-0.0002885072681716761,0.0007281435127310206,0.0013690060013760873,-0.0019201552585332094,-0.0013154163709595942,0.006601101568094954,-0.00020026475700669864,-0.006830742380918445,-0.16711430734804247,-0.19409256812792636,-0.012036190342777359,0.0030271651113016143,-0.009218412588030248,-0.0020357011034656085,0.0006847235120745625,-0.00013649543349252924,0.004509094092410534,0.0144892146628465,0.001103812556153184,-0.014483765986751834,-0.00306126141687178,0.003033093768331039,-0.025653938954418726,-0.0228696471375922,0.7012361929339833,-0.024478804200515337,0.18461768041668516,0.006715428344719033,0.00186973600086395,-0.015560000200433664,0.006725621368426968,0.0018339882148185238,-0.0009566936053536201,0.005435386799351832,-1.5295319255335786e-05,0.1016525538902061,0.000757371151535458,0.0002529223239710436,-0.00020092196535931653,0.004690485965701471,-0.0017434237947208985,-0.0008265561886532721,0.007008180497827444,-0.0022489804793975796,0.001135205667501866
24_4,0.0006130779876813017,0.00015818220429549357,0.000698702437878555,0.0022984615386891726,-0.000640265054542642,-0.0012072922007001373,0.006829740549146446,-0.001280512314809023,-0.00587768810482312,-0.1589840419645217,-0.18434046366836881,-0.009995341891301251,-0.005353819909281772,-0.014435369045462961,0.0009377185831793413,-0.005947094847285626,-0.006358424399810023,-0.0017719564783239018,0.015599095264008126,-0.003868280353660701,-0.01281147245525106,-0.0042329119579117645,0.003228096560500673,-0.025204868976485714,-0.01670725885363863,0.7336547281565964,-0.01981234381032063,0.18779301279321547,0.0076461922221549095,0.0018819174399366601,-0.010542345583967628,0.006641538292332593,0.0021543219895589416,-0.0008232804196309416,0.0062730221645407175,-0.00020407691211004675,0.10722157087745354,0.0009053152157201042,0.0004438488384278643,-8.841521625222737e-05,0.004386067277919094,-0.0006171381182873173,-0.0007568241960593861,0.007919495849520316,-0.0017872066874415299,0.00019421191174115815
2_1,-0.00345367696305787,-0.006944713421728867,-0.002180907859640201,-0.004196964728361682,-0.003764091228723361,-0.006587006570290025,-0.009359896580023952,-0.00204947643225351,-0.0017261018284023333,0.7789147490730752,1.0038557558083523,0.016491303949681665,0.0010286555666803787,-0.016879696307597586,-0.0077938082704952635,-0.006936689789013612,-0.006216292853153465,-0.002543076419500767,-0.00900090822443932,-0.005036451882969763,-2.6728416386560504e-05,-0.008439552091567899,-0.006749767401398868,0.2012580365104812,-0.06648362816731833,0.3521399873543608,0.9550496571118617,-0.07977261654234877,-0.016589212940685355,-0.002733721239464998,-0.0072617562699591786,-0.002261001307289362,-0.010386912931850664,-0.005106124560218642,-0.004600157224466669,0.00770698976606245,-0.01143361072452207,0.0003526999622317013,-0.0037833153346869845,-0.002256139605320472,-0.003692660451909344,-0.003153961564294163,-0.005226364758027232,-0.012361655562825428,-0.0015693137897038142,-0.0033852269970047954
2_2,-0.005032214813479908,-0.004943432015235464,-0.001842488753816752,-0.003012415467623348,-0.003609382653320787,-0.006655117941223368,-0.004276557683973559,0.0008216677899643737,0.0010794585373948117,0.7613261707504936,0.949408056259837,0.008186776130959675,-0.002609557040935709,-0.009691316079770763,-0.00817541571930662,-0.006794838032771525,-0.0015750893078696245,0.0004618136979509604,-0.014585831956002403,-0.005280899718062,-0.004551533545848285,-0.008605211437301615,-0.0035131980287937945,0.19403517011442514,-0.05792658532577188,0.35682149025569077,0.9146270448279717,-0.03749063915814661,0.0010883000574669662,-0.0062789892667992585,-0.008003877504038371,-0.0034733189089376955,-0.011450065443613223,-0.004132871907762027,-0.0073898880369974345,0.0010785192004483378,-0.027972438987312796,-0.001258592237354028,-0.0032020433278801895,0.0003309227206414741,-0.003973119288047696,-0.0026868343876810365,-0.005436957054248643,-0.008924571307584292,0.0005669071967305486,-0.0032404625588810655
2_3,0.005055332182483859,0.006934180692478114,-0.00018762254698136648,-0.0008100588015986321,0.004911872593093178,0.003970311042433893,0.002755518303460577,0.0034764582828995115,0.0027541305257159686,0.8537653041561127,1.1104992622074767,0.008538475283032422,0.0012714435030016986,-0.007201243665466721,-0.005210173921434821,-0.006125147493667716,-0.0061643093473003445,0.00691312743131266,0.0176132748325602,-0.004981082376404741,0.0019253184038417232,0.00081137896568912,-0.005616542710298156,0.21785667163664954,-0.06977979436084342,0.3372373457748238,1.02894207281617,-0.07621439585191794,-0.005816308871113755,-0.0014211389309740476,0.0016020733036473526,0.0025439268633463703,0.011899018919666425,-0.004842220839203676,-0.0017068822366075114,0.007464987216599041,-0.1479173524074962,0.003326580480897921,0.0018404694731900518,0.001565355531121048,-0.002053755796754273,0.007097060000328564,0.004306816547048305,0.005282843339249099,0.0015824776635471154,-0.001694974780440414
2_4,0.004413731793040881,0.003492820097598925,-0.001558526728075075,-0.0034848132981301857,0.003239386361503107,0.0028417325509585197,-0.0017315292628577944,-0.0024156932827740737,-0.0025522868613276914,0.8166090251118722,1.0444898135429244,0.017861750198757992,-0.0051033931555055125,-0.016395132701627763,-0.006797099844321792,-0.0030533607220794828,-0.0069788821592828955,-0.0031254372149328797,0.016534008466367132,-0.0047186831907365685,0.0011376938362694024,-0.005787225213911132,-0.006925172585483184,0.21055777527578198,-0.0652403034464131,0.35742866313742433,0.986264152598783,-0.07277060632928983,-0.008238222513956504,-0.0016810363832314387,-0.007074408321036429,-0.0016319079087962608,0.00914812880344389,-0.0008646375294157529,-0.00018743775583709337,0.01016649255249434,-0.001223546858399788,0.0019764585741428218,0.0019765155845192055,-0.0005912752167894934,-0.0035762156854508443,0.005442087350591509,0.0032740469280506733,-0.001251413711516513,-0.0010856175240966392,-0.0025142254089816686
3_1,0.0005216324551959079,-0.0013697311175839889,0.00019785343575839373,0.0005735448246714561,0.0003713750979750205,-0.0018103678507859838,0.0060722177447537365,-0.0010979747860142878,-0.0006199242832887146,-0.17032297245007094,-0.19837973770249276,-0.005566625182705879,0.0010426367835850749,-0.008995021609607265,0.0033732764354714845,0.002372857583170279,0.0005621067664156581,0.004371191168556074,0.015061053585803645,0.0012959050434550336,0.007434220593930212,-0.0017437690351433336,-0.003858149821167131,-0.03779245300431108,-0.021012769943341177,0.7486080131928201,-0.01722658053292803,0.2509487729057424,-0.002588754262359684,-7.079609258672602e-05,0.0024650456053920567,-0.0022944922125197535,-0.0010624188914637326,-0.0006863429504827393,0.000570377994362398,-0.001475330092525568,0.09968136760337079,-0.0003282701480661211,0.0004844772953702111,-4.3946189507287395e-05,0.0025421337563887496,3.7233690826985346e-05,-0.00205949055696127,0.00646565323263631,-0.002576677622002947,0.0015788014615916784
3_2,-0.00043147165637141913,0.0008981093215061886,0.001052492539667428,0.003931210764919487,-2.4104847668500617e-05,-0.0011157695299720584,0.0058867726537779825,-0.0013375511428377678,0.0019419513462660602,-0.1747964395684496,-0.19874596718395818,-0.012647501459206532,-0.0056869638090656805,-0.01817493404473194,-0.009707950960005731,-0.009259506846025263,-0.0073133753798275405,0.005684061932908422,0.006753416913448889,-0.006624246743607505,0.007502934320245174,0.0004002453840968344,-0.002560645060232057,-0.03888012907543403,-0.013120761996943892,0.5231888732708792,-0.01694010384583357,0.21607034769349537,-0.0038373388510451727,-0.001041495278532654,0.004273785566267663,-0.0021623515274948415,-0.0016903431402709038,-0.0008169488473684985,0.003307384550101384,-0.006274259509372096,0.10947966724587825,0.0002697828773336837,-0.0004612454703927992,0.0026222344617424487,0.005624657561631408,0.0012655877406125842,-0.001358738497949647,0.007396698912596879,-0.002645822301705532,-0.0007253369469402017
3_3,-0.0004716595449823066,0.0004909413934957062,0.00016144856230536223,0.001200955396447508,1.4761238406172675e-05,-0.0004342045350910498,0.006158382123595125,-0.0007369963813916343,0.0001033326881562179,-0.1697953570386989,-0.19699851103810073,-0.005826954230905013,0.004904283568364747,-0.008722708001477116,0.0029648983035661523,0.002747984777961581,0.0005262464975553935,0.005811734248365726,0.016570321590381274,0.0008292450053082645,0.010678326698282451,-0.000988274556632327,-0.0025993960745933835,-0.036054764539202644,-0.019352183832695786,0.7495312427606847,-0.011062368870459263,0.23114409393351495,-0.001349093995495302,0.0005765694752483494,0.0010916743540350304,1.0484435917108511e-05,-0.0007633686691859679,-0.0020346707119116903,0.0016060002184090096,-0.0007603570906943965,0.11488080458242365,-0.0005113549962657031,0.0004563285547802599,0.000924568998036936,0.0028830132612102616,0.00027702064301575355,-0.0020530779865723233,0.0064318233088153974,-0.002083477119753737,0.0013694837780748557
3_4,0.00104671726086625,-0.001315000975543503,-0.0007867491176004666,0.0007069222333266987,0.00017372930341732034,0.0011586669422164804,0.005973563416668836,0.0010799943652796916,0.001833390556708187,-0.17125295720781059,-0.19987175700373042,-0.005867354806469707,0.0020257672169703435,-0.008327720290252293,0.0010354104049282913,0.001757777941573676,0.0007154373175778438,0.00411223434012148,0.016049086974693226,0.0004593118792129467,0.010136681825060561,-0.0025545018012290747,-0.003070457668892719,-0.03693028691907532,-0.024678685031423855,0.7278094470240108,-0.019927111798170718,0.20717713839889706,-0.007341670025130912,0.00043138233261265634,0.00025662789287711436,-0.0022605063318108156,-0.0009682189498606895,-0.00033675760361730775,0.0026791800067406868,-0.0013817685842957529,0.09429099384032383,-0.0005555633360803129,0.00021068776061621333,-0.0001107507735455397,0.002847601637773038,0.0007085878477125989,0.0006190956638001595,0.00713110684031928,0.0004852672220242388,3.677198533784559e-05
4_1,-0.0011522889586644978,0.0011638102966104304,0.001460172279976276,0.0032460091898579586,-0.002184237794687868,-0.0012950154079718007,0.0068224175871336706,0.0016532653443140654,0.003246933284741346,-0.16890071747233595,-0.19402152493569913,-0.003239537188284113,0.006008570778667191,0.004841565580496315,0.004325253684391657,0.0036086861478466566,0.002751375691578957,0.005964070540730738,0.01681037627136017,0.0029023170070311658,0.01039038718139064,0.0006824768979924164,-0.0020250722934299593,-0.03432693777750179,-0.014443241277249348,0.753509340455797,0.013177096791201272,0.24671435861500246,0.0033276169135180956,-6.0857550646034795e-05,0.0027764864321292737,0.0009511537105236175,-0.00016675437392617016,0.0006937979543659995,0.000313567948279841,-0.0010055868804650459,0.11492840261434269,-0.0010507718819335705,0.0007746265508882357,0.001435968610205211,0.006430434291011164,-0.0020223274724546453,-0.0010233683580611304,0.007088733202793861,0.001697333673562975,0.0023104593028056065
4_2,0.003277492950159327,0.0011375141692975212,0.0017912384788751907,0.0022353332858056603,0.0027069027086316826,-0.0014405458019716769,0.007089819629855849,0.0011235281524955524,0.0035162054368774193,-0.16827800672465673,-0.19326165549887067,-0.0028834475310879674,0.006611601726984661,0.00462194166790132,0.004256678423615322,0.0036076216031387014,0.0029709482029886946,0.005926770333635611,0.01649581147080056,0.0024283433344992377,0.010754865750575023,0.0007553341057431997,-0.0019415614635073354,-0.033941926953663965,-0.012863644899329918,0.7617379882499966,0.01851918916984398,0.24219737211881082,0.006377281556859651,0.00028257410467543266,0.001486271416590352,0.0011170394592071161,0.00019840664854764152,-0.0004593931879470164,0.0012472974593301894,-0.0012410350546044058,0.11724922515569876,0.002319855221330601,0.0008095923329457899,0.001625184777232511,0.005219930725189892,0.0028224265959291115,-0.0020145036708786824,0.007052423194532211,-0.0001913028585288059,0.0023430637688253097
4_3,0.0030046739957617077,0.00048705836258034645,0.00032038703837268144,0.007153333077546321,0.0026940651029595288,0.0010992822336137714,0.0077003864936838655,0.002406480144915113,0.0054931428098927496,-0.16585084126344798,-0.18920501992378613,0.0011815727267638998,0.007682887171664244,0.005077616955513007,0.005457682297391797,0.004647397724590972,0.003568419991634944,0.006601130676056472,0.016976000906063216,0.002958951240045571,0.013451484644873347,0.0009210335155450236,-0.0010600072046949229,-0.03355761088840236,-0.007033383300479915,0.7667742922285248,0.014392536065625431,0.23423878078740518,0.00670785062130438,0.0006908123439443492,0.005199779723254067,0.0029760594096030755,0.0032956932863506243,0.0023112966168979373,0.001378935119867913,0.00066212653181329,0.11655680015728355,0.002477900478413009,0.0006580577644565982,0.000260820974164976,0.0070548241094161145,0.0025659058922002788,0.0005691490972901861,0.008334087918398765,0.0018300132135380396,0.002930073800498956
4_4,-0.0008747245206584403,0.0015934055858081388,0.001493972731636729,0.006313863695140488,-0.00039575321737775674,-0.0011197932085893459,0.00676362437635461,0.0017130519128769628,0.0037991198169233993,-0.16623179528890875,-0.19197119485286743,0.0005588867924136147,0.0073539354405868776,0.005578067356272837,0.005118463218843116,0.003770882518326956,0.0029167109696925384,0.005800444716975684,0.016100551353743307,0.0025827293845135995,0.012477124615624896,0.0008671107370508559,-0.0020487822985396395,-0.03503300178537998,-0.019872483469172208,0.7497615143412834,0.015412399975832358,0.24919630639564863,0.0021671349335898645,0.0004415442945097954,0.0017033709416615045,0.0005660138512378795,0.00046007619086638034,-0.0002999380234760521,0.0006803424021430106,0.0008608980792794556,0.0738697756295091,-0.0006803612580490386,0.0007373348139447433,0.0016607450819414705,0.005996770211220851,-0.0029598101707325186,-0.0007691659252614477,0.0070499652108327515,0.0015256356685816191,0.002661868891049113
5_1,0.004881414296804793,0.00629965432709988,0.0012981422871243442,-0.0007892623001236642,0.008427336447019172,0.0026011734628612784,-0.0010637570783858553,0.006539643590899058,0.004590797789606551,-0.14428819432193493,-0.14543242092353156,-0.002939252783818066,0.006350555210578059,0.006354530055235716,0.0032206399602218577,0.004197809671731335,-0.011138610646725245,0.00133522250780642,0.016906018524585294,0.0045014853485932475,0.006157909714913655,0.006014786181182807,0.0013792251187518666,-0.03952630387939069,0.01941548489210599,0.5233513543675781,-0.1357491978068733,-0.0998674897973849,-0.003587577681959898,-0.0015879282986144383,-0.009964196790383364,0.006447160168451157,0.00672698667246377,-0.0022908466212218114,0.01058575714091197,0.0008614120120690648,-0.1481457589747839,0.009046235960914589,0.0017258498188360229,0.002796628105348593,-0.0014018869299169795,0.01002930789421647,0.0029838277954070203,-0.004135812855002583,0.0041488247995181285,0.01048553938996645
5_2,0.0050342139256241095,0.0016686357828704231,-0.0019112961133021997,-0.0021289588283287643,0.007433499147817004,0.001845258605666114,-0.00017260837863103108,0.0052886301567413975,0.004072796134680469,-0.12244616089656546,-0.13872373970098525,-0.003852999000765436,0.003522785919858872,-0.012707043373463133,0.00391070330492962,0.003988791382714551,0.000799585367576976,0.0027091372084168458,0.01637790638961204,0.006349313227898578,0.0062328570854133,0.00786951770094949,0.0013736029871282247,-0.04062191693979121,0.01832940417069024,0.4882429077015906,-0.08479374589952006,-0.10646897113872866,-0.005310666217443032,0.0028023716159879227,-0.008181827939882608,0.005142173422189019,0.004674858758359409,-0.0024333468632260834,0.009883630152853377,-0.0012381605537669438,-0.1741538001623077,0.008633130992904168,0.00081446015370921,0.00039443104744996116,-0.001167333185536937,0.008980612272415197,0.0020964581615127553,-0.003350969465494985,0.0039942018772779996,0.010675222658483982
5_3,0.0049416271012425435,0.006605720833900422,0.0011823629070576557,-0.002119468677062059,0.008220792286696121,0.0018936870212150996,-0.0015521654110760715,0.00569775551803287,0.0042319954702009855,-0.14395738267702923,-0.13477888775072186,-0.003383182765352624,0.005694947583741463,-0.0117894208531185,0.0031918289418755,0.004223122029248125,-0.005389293320533684,0.0037940603152309257,0.01685444155459049,0.0048253765776682025,0.005193083247889865,0.005715882530768201,0.0012468485005864372,-0.040482951803856554,0.01902740575768556,0.5208063822978038,-0.13753362871143904,-0.10171958858216418,-0.00476934177420461,0.0021677882188055157,-0.009766192006524161,0.0060112319773999254,0.005811619877053752,-0.00241557181567438,0.010594299217554625,-0.001587764430697567,-0.14446831506386085,0.008723934509848083,0.001148284269719082,0.002202428833254816,-0.002237517197751218,0.009846374534332738,0.0023707511193597716,-0.005151092802448398,0.0032730757738007425,0.01073784093631423
5_4,0.004832278271230919,0.006690969996817521,0.00143777153286562,-0.0008605080569505606,0.008534691053456953,0.002852641473111565,-0.00023949617180567433,0.006804186948476627,0.004896274305717599,-0.14300590942197494,-0.1352659493683939,-0.003089386040790643,0.0034477893988984713,-0.020691937843023048,0.0034882178648920764,0.003695534602858429,-0.009234556875531222,-0.003956131723176406,0.01766077035872987,0.007246621161785643,0.0074573599167735765,0.009780256056435826,0.0020855999771182297,-0.039048963704550084,0.02055907174262543,0.5530297006004116,-0.06348703613570532,-0.09526466967397207,-0.0015579269092749319,0.002484464974767206,-0.003456151256870047,0.006318573034556973,0.005733195649994745,-0.002167813333675573,0.01164103176289764,0.0011324701426233814,-0.1487539818120729,0.010212549371923325,0.001749679224361649,0.002514067714240852,-3.323874985092727e-05,0.010156541340699564,0.0030255114692930166,-0.0040310267055444,0.004923077629910097,0.012990920625407031
6_1,0.002000636386614441,0.0005895750574744699,-0.0001119877677553247,0.0029535822223376224,0.0017825536354019445,0.002662230068555522,0.0052991979034109175,0.0013930448796724397,-0.0009858679077490654,-0.15945530537125374,-0.18519659218287468,0.003307715714647029,-0.008455219420676363,-0.020035194680517055,-0.012706727654853305,-0.008255161080617536,-0.008705128515281012,-0.00621767231807164,0.008436877768304483,-0.007255774654316625,0.0041138411683829465,0.00105079097285724,-0.006397884228812915,-0.036127255685573414,0.006865147538928847,0.7026513858207735,0.0162063101639244,-0.09338395259323877,-0.004981161208679618,0.00041035407495713466,-0.0016904550972637981,-0.0026586804956055506,0.0008023739912809127,0.0012098360868354502,5.9101549326673466e-05,-0.0003428761369664817,0.08779414172369061,0.0018841118050948336,0.0012817245526310474,0.001022993779107087,0.004136260494690373,0.0015054375010326497,0.002357337870801369,0.00573980476657203,0.002287918387293289,0.0030904826797368075
6_2,-0.006256305724799168,-0.0014587770783505483,0.0008884322816612994,0.003263408733160697,-0.00023386481280973005,0.0020417952494709004,0.005163242812874138,0.0016259610111189822,-0.000611070682907572,-0.1591675364119099,-0.18477919350675676,0.002440355114114276,0.007519612645714831,-0.01644189803783957,-0.011804210248477267,-0.007899757972301092,-0.008680271289303652,-0.006370415785897296,0.007910129198272466,-0.007453124857655467,0.0038781190715246323,-0.0021620904533017327,-0.005558832665892344,-0.035935266527180286,0.019636285178502667,0.7028996596854423,0.02115988417332357,-0.11346411726546653,-0.0069421507643435566,0.0005104314253779587,-0.0035245375754184415,-0.0026396440054763863,0.0003723079274731767,0.00525744216695512,-0.0016365365148479833,-0.0011200593258549954,0.10100253753712485,-0.0015437494208606383,-0.005479895514885667,0.0001612655570276562,0.0029231739681589,0.0015569614862935696,0.002067676187540518,0.005567185507192218,0.0024154434582994095,-0.0015993949078607422
6_3,0.002283104803180876,0.0011115658919713892,0.00019227703692340683,0.003540000885284064,0.0030264160551785003,0.0029871637377330445,0.006371113465688796,0.0022755513962292536,0.0009156601229028393,-0.15788857258051123,-0.18280748677727093,0.0040833806572837935,0.006756344780563331,-0.008164551118971413,0.0045833117633474404,-0.003729375374747094,0.0028177450081199335,0.007800752557947886,0.015092004269874991,-0.0007516283027154552,0.005296096547140821,0.008266955171460305,0.0011384367655067425,-0.03342298299759796,0.014428955704681312,0.7289050386337966,0.034631894549399224,-0.07218140172577434,-0.0010289895909803028,0.00019734008383788033,-0.0006495537167942895,-0.00021555232125770955,0.0006661289895154856,0.005647436458304001,0.0013866995343646536,0.0004051581176387448,0.0962975115082215,0.0023883839775385622,0.002027717650880332,0.0013083269984866253,0.00493823111229366,0.002527481335153203,0.002886425667520863,0.006095894609457407,0.0017705660129872817,0.004483561894302573
6_4,0.001542951487129579,0.0012738243333679893,-0.00022555413073053473,-0.006251391663175281,0.00010900913495083677,0.00048723209422215323,-0.008848952834167015,0.0005754384774500417,-0.0015044269714315369,-0.1623797606259954,-0.188024596430611,0.0020757761244751998,-0.0250469023003533,-0.010720079549541102,2.4331267303493618e-05,-0.007368657932922996,-0.010504263530079064,-0.006131360301687787,0.012448515591724793,-0.0015921031044410965,0.0028963766416215115,-0.0032268727279654535,-0.008747334878077781,-0.03567756454127391,0.010557405371885561,0.687213354441588,0.009557798027791178,-0.10064498553103111,-0.013343614733486445,-0.00014300905272420032,-0.003139657136776636,-0.0020165006924698224,-0.0001549497774903329,0.0013867203494597334,-0.001107659542765601,-0.0007414248508248648,0.07216106140335188,0.0013114370165171123,-0.000123675266770409,-0.0002455734669487996,-0.005487900691759336,0.0021238488484480217,0.002753880807273517,-0.007599120775105686,0.001162391197713628,0.0031236835734817503
7_1,-0.0010095303377697853,-0.0008969083801155272,-0.003367100306341184,-0.009064071195143054,-0.0013253935397623713,-0.0017226501329940416,-0.010247443507589882,-0.0010717140367713567,-0.000624058307304258,-0.17416078602187435,-0.20064135811787587,-0.010274009215189036,-0.028921058639533374,-0.025590422891079035,-0.012207419917523728,-0.005303575876868924,-0.009336317235413108,-0.0072635157556337525,0.007684381597801036,-0.007783275147755921,0.0023054707490987748,-0.008562132220713229,-0.009884995363218461,-0.0445018860712449,0.011466639527000222,0.6635312725091808,-0.002662868015498072,-0.14450559327021867,-0.016989332984634602,-0.0012061362462770073,-0.004515829713119732,-0.002864119901822243,-0.0020119785341020904,-0.003393990700019735,-0.004453416741065267,-0.0017174946155807062,-0.0032359668544165226,0.0009428188879540074,-0.001662317470134591,-0.002478469305079132,-0.00960675426565331,0.0010382461188441381,0.0002860391948042258,-0.010826080095908262,-0.0008935942027064628,-0.008406207156231355
7_2,-0.0018227515377245366,-0.0007310209469218639,-0.002975735513032669,-0.008236465894064278,-0.0013397370815530817,-0.001959507129142094,-0.011495383237638272,0.0006007051531319204,-0.0004053630189408689,-0.1729504008636534,-0.20306813215888436,-0.015536511795072053,-0.006611954642792048,-0.016992467147554646,-0.0007887163460360517,-0.009195208461225938,-0.009663411510103697,-0.0007720520248772272,0.009714489779406449,-0.011251223706402497,0.0028282585073720295,-0.008111136369734375,-0.0030276782660656337,-0.04971683565941377,0.016493564634751226,0.650274564123529,-0.08282341227643644,-0.1674228199392722,-0.0067668480267234045,-0.0015246337702742917,-0.00489741927075516,-0.0020852687003768376,-0.000508570458250199,-0.0030550085972875286,-0.009258586464027833,-0.001632163289996651,0.01371705327541739,0.0008058997680341545,-0.001915863500263341,-0.002962528679691702,-0.010309041694520283,0.0011963671535114575,-0.001181012772807877,-0.011162122728211986,0.0006154874057082756,-0.006856597799256673
7_3,-0.0030300940512699402,-0.0016819876859725299,-0.0016288796258338912,-0.004549294558849289,-0.001499207074140242,-0.0013535410325113929,-0.010096758034683689,0.00035141017183238813,-0.0020196539877055395,-0.17379217189109744,-0.2037840177052305,-0.018278762186685022,-0.019009022734487853,-0.02196789531753251,-0.012462552651674359,-0.009679428847379429,-0.0046164001041841835,-0.006033978450455848,0.005108686567049529,-0.009549335552262839,0.0021250457846995426,-0.00944604751846248,-0.0029070793187710303,-0.05253478479287242,0.0027858645120146463,0.6340563230519429,-0.09155310702707059,-0.18980295493280022,-0.0017663933628988121,-0.001929736858615154,-0.0058752392915371885,-0.0016531353033716646,-0.00012318644745909946,-0.002793821740167781,-0.02024363523254058,-0.0012698876934210976,0.036547254031654444,0.0003980603805554922,-0.0026346773469696724,-0.0010245279084470423,-0.007166424037529236,0.0008685326444663065,-0.0012151675687133948,-0.007302474423111556,0.000882773353078344,-0.00777448499104896
7_4,-0.002274507473043301,-0.0011691208074536795,-0.0040843414734802515,-0.008964208290269483,-0.0014679601920569915,-0.002388598169107535,-0.011230422077496615,-0.0008976417857768735,-0.0010840910171606927,-0.1739540014618462,-0.20122642247177655,-0.014285297946007889,-0.020075987158494332,-0.019332576062532077,-0.011236689625023765,-0.00874566026611599,-0.009350008514604385,-0.0013384489326928467,0.004987656868859794,-0.008710482187409576,0.0017659352932744743,-0.009760461707579318,-0.0026873463203016916,-0.04485723008437262,0.00295659982666113,0.651289989917257,-0.060319857387632084,-0.16192755502896414,-0.009707837103658813,-0.0011872337628178681,-0.004918764840686286,-0.0025111318794714876,-0.0017776010871349678,-0.0032972304709924407,-0.005304003573744185,-0.0017472508664103548,-0.003948806770374086,0.000531138823492449,-0.0027315984675898583,-0.0027522104503060404,-0.011034024230324792,0.0007163073471425304,-0.0014317324830775942,-0.012186150253215374,-0.0007800351362195152,-0.008459051731983525
8_1,-0.0024939631877898337,0.001837933958211961,0.0011092878106769562,0.0008286120326360975,-0.0010741052736954223,-0.0012748090685731671,0.00316975167201236,-0.0003916757280431176,-0.010637872232347108,-0.17021922863549596,-0.19675569005649754,-0.0035015119328076585,0.006448910852323103,-0.008686412199477307,-0.0025558453475927165,0.00025848249612658413,0.0020018467443609217,0.0022615450200988564,0.014906574481268737,0.00016480264204722504,-0.01937319429520715,-0.002909661788046173,-0.003889655876384335,-0.04435540623549847,0.006328930886122887,0.6700984585814753,-0.018970630150367988,0.11281558655455616,-0.0016252792614479825,0.0003306045138987861,-0.0279857518924105,-0.004520464527092958,-0.0015588395691846252,-0.0009760815404539745,-0.00056834039661148,-0.0037719583133290686,0.05712903814990126,-0.00154219053862881,0.00022812747943502893,0.0005421238878425003,0.0016189895811365655,-0.0035806904891668417,-0.0011374125748546088,-0.0007478611778165548,-0.0026606918798570173,-0.0028157575101336314
8_2,-0.0033831597782969327,0.0017118466837945457,0.0009296549813709855,0.0018481459570982492,-0.0007780129506109192,-0.0010167823261852224,0.004347459736511937,-0.0006170494167395041,-0.010396085628111564,-0.16823264284603212,-0.19377004106814738,-0.001977634749546371,0.008308643933361991,-0.008172455911445603,0.00019492853332410732,0.001979878710140141,0.0016743736335300317,0.0027711899522877307,0.015687513337127913,0.0022753446444646204,0.010005636557302654,-0.007113407303557242,-0.0023719447040888675,-0.04169903447359451,0.018827206633392757,0.6914803717267323,-0.00943452981922332,0.125849383660458,-0.003971688867508929,0.0008170687621453497,-0.022446315967143516,-0.002444961972641565,0.00010927421745043919,-0.0009727604395270854,0.0005598113993872182,-0.004547917005460202,0.03763582403734122,-0.0011453562750007537,-0.00037732356287486607,0.000715299267801063,0.003407938111705915,-0.0035110569999472463,-0.000933337280436743,0.0004970924843028158,-0.0027600409113820537,-0.001051024649557757
8_3,-0.004408864026200955,0.0007718308649512244,-0.0006048019675460453,0.0013310237577106839,-0.003143080930699366,-0.0023830818491363693,0.002998038502350431,-0.0014822732797844748,-0.012279020301911416,-0.17254360416465717,-0.19799414846215913,-0.0051277380560523535,0.0012878206511071555,-0.010438151339788463,-0.003193761997363668,-0.00015762906833444347,-0.0002916872046118436,0.0010385502334193818,0.012453663858791672,0.0005977684365314595,-0.02679936471354506,-0.006691595253647701,-0.004238580718148436,-0.047244930913469006,-0.01570958862453668,0.6477840318688228,-0.025903515136264908,0.08800170105645824,-0.003797732027950283,-0.005120697149971514,-0.03196504759504576,-0.006994622267406186,-0.003262383505248319,-0.0009659003849721968,-0.0035212618687666813,-0.0042312858643213155,0.03387347577597498,-0.0016700740421039279,-0.0009732420194823363,-0.0011803746776345553,0.0016563340972377578,-0.005084095306461041,-0.0020326724322855655,0.0015060546880435739,-0.0030955670973330956,-0.006116890296371786
8_4,-0.0018698570648986617,0.001642416018083664,0.0007090802381309449,0.0019630547805683627,-0.001628896498574736,-0.0015568387390019485,0.003042779338133807,-0.0006087279745984281,-0.01013973892071214,-0.175271303052376,-0.19913036241347382,-0.0032690321277408724,0.00611427558255585,0.0034663008206657782,-0.0024562913636803855,0.00047264185747079813,0.0018946452005296158,0.0025994950299487378,0.01465536183260776,0.0009341098154581246,-0.021605408994488897,-0.002634264821532176,-0.004004044603047871,-0.04421136838780649,-0.013227935777490131,0.6523633798794376,-0.02231979630487572,0.10097364116572469,-0.0015942586192185043,-0.0004094310337246068,-0.02828437270009511,-0.004099913122945276,-0.0016679669473572912,-0.0010607895598503264,-0.00010955492344922041,-0.004412395375056614,0.05822765955963769,-0.0013051054324502652,-0.00018626635485096562,-0.00014527516444076306,0.002412220580957769,-0.003313707572652054,-0.001147922437855252,-0.0004656408625466474,-0.0028240397061570586,-0.0065825591278861366
9_1,-0.0013617321397798845,0.00020153517355086688,-0.00045365644954204387,0.0028797160506626924,-0.002899685364077046,-0.0012745330379735711,0.006418938861178285,-0.00016889148821030043,-0.001066913621965863,-0.15838778866581868,-0.18550062177049453,0.0016415498884868043,-0.00012260535816102202,-0.016977673391904542,-0.0016763569631376835,0.0004499799347969301,-0.0053343582362266745,0.0020581237094682912,0.01555584080834233,1.1041741201801875e-05,0.011234304149499984,8.236545499001198e-05,0.0020434462646235405,-0.03779210443157263,0.00952113067981499,0.7420658023730811,0.011854341694370331,0.17600374063940083,0.008976918788323997,-0.0021072748402078813,-0.01972700364687725,0.001444589764942277,-8.755239278914427e-05,-0.0011662339984471332,0.002570740523425205,-0.0005977806056475005,0.1209351508153518,-0.0011244766224375307,0.0001384953605468539,-0.0003679885407366217,0.004320405729386221,-0.004715957890520345,-0.0008417308971885401,0.0069597633023480085,-0.0029164860207761475,0.0007439849899390897
9_2,1.7863821994833651e-06,0.0020644115238474038,0.002502725033232169,0.003021654262311324,-1.1102974358558944e-05,-0.0010150858084317762,0.006084060420315407,-0.0012035249494708876,0.0019524583494004873,-0.15032746874561523,-0.17542110821307164,0.005009977949952435,0.0004201075694810562,-0.018939187433714345,-0.0005375702615959973,-0.004741086943844547,-0.007195234505991513,0.0013411592684529497,0.016177620835251875,-0.006307464822144453,0.003763258694054206,0.0013516090648079805,0.003985371106706046,-0.03246072092518998,0.05688644092497859,0.7704836257881159,0.023791619725684488,0.19682698316195332,0.018318620181664556,0.0005716163573390922,0.007452489427886245,-0.0001801287041603932,3.9914692686126175e-05,-0.0006542161930839872,0.002297045393673071,0.00026363761744772044,0.12677853947956302,0.0007278433048650071,0.0013548662881767651,0.002019697924123983,0.003963347013986906,-0.0018287029223009676,-0.0006655598287438105,0.0002110333376773737,-0.0017614119694100206,0.0023607210333486187
9_3,-0.000318330526901624,0.0007237182466103129,0.00021691520226919364,0.0011029912840224395,-0.002126669552423558,-0.0015922180116755748,0.005963116822475165,-0.001905206739094628,-0.0010547312648000998,-0.15788848910344275,-0.1834370299309273,-0.0019434951905617358,-0.012833276683760088,-0.018423811652139608,0.0016207031309166465,-0.007920016934756474,-0.007573783040040191,-0.008009871439558083,0.015196627618471775,-0.004416694725191691,0.01408742940200446,-0.0008944504740670111,0.0006846437767492172,-0.03507273895348484,-0.02089215130582015,0.7094710555633533,-0.01878837316389372,0.1610876512589876,0.007793694688383754,-0.0019372997889769686,-0.016136658930741163,0.0010346484056248156,-0.00021729291246459933,-0.0010858468805179094,0.003264479754387639,-0.0004128057399961522,0.11436799982770489,-0.003116464616762598,-1.871667840448217e-05,-0.0007672023601192212,0.0032340902681720902,-0.003806083718106521,-0.0012667158355461766,0.004448055045922945,-0.0029453990567818817,-0.00041920599187815895
9_4,-0.0019612626138511397,-0.0007090537428740927,-0.0016180442734895796,-0.00028729301263881885,-0.003920261127290936,-0.0023874709156898257,0.002271237029911172,-0.002892532911551369,-0.0017376173125422418,-0.16273858285379678,-0.18642128991063633,-0.00152635555453935,-0.005842790051788617,-0.02177250790252708,-0.012830371112077778,-0.008819134849518651,-0.0005410701369030654,-0.013388551302556014,0.006202021019219738,-0.007694483830120663,-0.03214550803376986,-0.0014968999100118355,-0.0023833601246460397,-0.044880362110123674,-0.03455661489672727,0.6778746251303964,-0.02762243782278127,0.13206940059574668,0.008715251238526012,-0.0024401550662079964,-0.020858784080117748,-0.006285450461927546,-0.0010767952438788346,-0.0011387461734159272,0.0008074927522520001,-0.00043597462896579947,0.10026274987942671,-0.0025032291133204126,-0.0009157880749625429,-0.0018599319624854878,0.0008143943997199333,-0.005819243142493424,-0.0015610516069669512,-0.0040737772546239875,-0.003976661462535359,-0.001782758460809267
