,0,1,2,3,4,5,6,7,8,9,10,11,12,13,14,15,16,17,18,19,20,21,22,23,24,25,26,27,28,29,30,31,32,33,34,35,36,37,38,39,40,41,42,43,44,45
10_2,-0.0001813944455813874,0.001435585970368853,-0.01354546566012486,-0.006920175219859704,0.021401591655794614,0.015473169716526998,-0.0033764085267209668,0.0026950134469573414,0.01645775548293007,-0.4678982137279262,-1.1666518695061308,-0.8377542792618488,-0.004236945445027646,-0.0031665893122381572,0.008292508472488767,0.03686428206510614,0.006941615631844626,0.013960832343333352,0.014650106480651476,-0.004981846745078934,-0.10598889144523153,0.04103073379503992,-0.02452353863485233,-0.5316934647705075,-0.020470726225373603,-0.8321080336509264,-0.7539799924485924,-0.1404410334266226,-0.4233771862109303,-0.1003532065579984,0.15561791796005411,0.02120113925541611,-0.022428697263707532,0.0330254026427146,0.05116722251073619,0.05120974063007576,-0.028464555246897123,-0.04326620717401815,0.007011043977786272,0.00020115049539676423,-0.0024053977498028393,0.0034686484212495153,-0.004822119500583119,0.0017523143480822519,-0.016542317082823423,0.026229311220935962
10_3,0.0017808583877880505,0.0032259556856483827,-0.012298349880083635,-0.0013286718274412826,0.011754175783586967,0.023822237135593574,-0.002532776025295335,0.0028805892711160908,-0.006183054762667776,-0.3306344571655648,-1.249402254413761,-0.8034789025011525,-0.04432610252399293,0.0011255382958869754,-0.03728894010541883,-0.05447740006397844,-0.00483334371197699,-0.23538299007049565,-0.013814971643372406,-0.026270662219139273,-0.10617739726090115,0.03587297870062295,-0.004048782867691868,-0.5735593176848266,0.004533894272509539,-0.9284617881811574,-0.7079228784740255,0.020295655175516607,-0.1307583032936786,-0.12284272305615329,0.13018771532461387,0.03101884995400011,-0.01539187918846801,0.021639402172259233,-0.001032465525877089,0.08317341041691746,-0.037143705272553534,0.01160209513371113,0.0066100147495190345,0.0005719345155314441,-0.00031740033686355324,0.016044223658346547,-0.006700493973034479,0.0002466981074259857,-0.010636854303973091,0.024299349491785735
10_4,-0.0018142618927693855,0.0024584956614987926,0.0028175231849167383,0.005051549245908625,-0.01225064289896415,-0.01850512625779829,-0.0032201991184245657,0.0019917829039581506,0.02737477260562602,-0.4203695791948365,-1.1286855879641775,-0.8525283737753362,-0.0055172543412686315,-0.004231857003336005,0.013554629575264394,0.07348579931166029,0.021890623074043426,0.013313975577158913,0.013704332936255146,-0.006690664505783871,-0.04130252346955024,0.042583226707903696,-0.0806657598342674,-0.5118333565682325,0.004424069338635575,-0.7792582315552529,-0.6673081453874534,-0.13822958980155378,-0.4497437572393057,-0.0841240625959367,0.24550728303210534,0.029548487481643373,-0.019592598924139223,0.0340595008545818,-0.007646192963365712,0.059948290953269145,-0.02937878152946881,-0.02192213182764429,-0.007927802136484146,0.00056857654732018,-0.003910845269570872,0.00670043015417775,0.0035919263249284345,-0.006615512965624484,-0.014945819999575019,0.044648235877015205
10_5,0.0025870673119648187,-0.0006649733757786095,-0.014029002482693008,0.0025800063235581474,0.02158866860278015,0.014121741561327573,0.007202673551359578,0.0015216582023698704,0.0038094833144917506,-0.48984739813137,-1.1205733742494217,-0.8682400651246903,-0.007995902226620543,0.006222594591175642,0.029382384700185026,0.0535475440714529,-0.012548982490632651,0.008903099318864377,0.00027148483185304977,0.05238551386916341,-0.04193105645612911,0.039317374916840175,-0.07449898749548071,-0.4776686431333237,-0.026393631853343612,-0.8658913373252726,-0.7444210104479042,-0.16115505516024486,-0.48123016846655525,-0.10792630009478792,0.1397761857367201,0.010330876658939222,-0.023783574502705022,0.03429770678246726,-0.005800844962665595,0.056803867550524224,-0.040974394305151846,-0.04477049612515642,0.005880667554518118,-0.0001254889468101715,0.0016492488347234005,-0.0005235869246581187,-0.004976289530750148,-0.007066917475093318,-0.0006522009514747183,0.03674113113344667
11_2,-0.001854969139320874,0.0018900073059610791,-0.013417840396897706,-0.008490779015619,0.010064153149443637,0.01353591680128424,-0.0030254716111632017,0.0028798279468370343,0.023568954855006666,-0.5434550576554368,-1.3046144774598938,-0.8309308019440301,0.00021394017358093817,0.002133403924057674,0.008298375008302102,-0.009432795078538538,0.0017635641856714507,0.011366049314169284,-0.00249331666767966,0.0007470046664986954,-0.1071436651402541,0.02961896820853245,0.018840491743080525,-0.5476373199631377,0.0013906753764038875,-0.954019389873807,-0.7736084516705589,-0.030359540013142502,-0.18349107586953137,-0.10045033288674414,0.1274208157119383,0.022606793472711932,-0.023260655886834587,0.021007191427950333,0.002739866421858402,0.03173556715248627,-0.029183966737618493,0.008215831300364827,0.011611192426277133,0.0013584626473048123,-0.0026201015807685107,0.004822260359986022,-0.005325906881181741,0.000753996308311404,-0.017140439196625813,-0.013626481335632776
11_3,0.001158949817458157,0.0023029370925217165,-0.012460893170384275,-0.002376639797943732,0.009567799552604018,0.014521826550154174,-0.0028406091997457946,0.004072801882277323,0.2140432394386577,-0.5348288743552588,-1.2182951620580436,-0.9553038600176291,-0.002807043668517287,0.005410970211865024,0.0020992930225445378,-0.02544363735809298,-6.214945850392202e-05,0.0010300302036309493,-0.01199054450176969,-0.029503796616942225,-0.04116873110906156,0.02978676582086334,-0.02555310442587616,-0.49114546351531674,0.04679063261724114,-0.7606117276188199,-0.7306095205723127,-0.1535623231861174,-0.3933670091577877,-0.08842779095748933,0.1322162658339429,0.0008889270506220379,-0.02665200320309147,0.032953497096455606,-0.0009957658453836,0.055999104348573914,-0.03771237001637747,0.011943608311599232,0.006840053779926299,0.0006820876542993034,-0.0030191881970145153,0.0031659585531764027,-0.0040611273121300305,0.004441366596417504,-0.013196040028856423,0.031357967869239625
11_4,-0.00402353750324877,0.00211704377952584,-0.013947984354091275,-0.002141746436382706,0.009992876566261022,0.013502150767611812,-0.004585038559945731,0.0029642843718209345,0.01816330632480331,-0.3508059245023986,-1.2564231507922532,-0.8324955669330568,-0.000671086222479429,0.0073900965423660476,-0.0531567926965315,-0.017505891253463492,-1.715511889274541e-05,-0.26753996603196706,-0.010662903244336032,-0.023911277100567258,-0.10658933346808387,0.022692184396854862,-0.10378859635223628,-0.5596849108499558,-0.02737716588972923,-0.9374860438865615,-0.7546398346850627,-0.030385092739173572,0.2735256314685163,-0.11610866658960368,0.11967837675081155,0.01706597687837414,-0.01978008947803684,0.027175836932674974,-0.0002683040300864995,0.03635822043361504,-0.038608006981862564,0.02302673901442986,0.011231486718098914,-0.0008816258091541154,-0.00316699090360135,0.0051206554821648384,-0.0047258223621851475,0.005027531535705013,-0.016518442194103655,-0.021965796218462348
11_5,-0.0025931324687186886,0.0018525543083912437,-0.0140085669903296,-0.003790793566647514,0.014361278065810645,0.014222561626754353,-0.00640237047593508,0.001445481513147914,0.011234517206783846,-0.5047311830357085,-1.2389751936416902,-0.8314105976547348,-0.0066884581102189975,0.004532853763796731,0.005102902441726166,-0.02137126967635264,-0.0009789049025451353,0.0021886650393050182,-0.0007969823483366878,-0.020215627870329284,-0.1080233998122439,0.03679822586919117,0.043082987455307684,-0.5318724842682566,-0.008455404475395598,-0.891379321742205,-0.8025512564924118,0.025621020768125176,-0.4019619110820694,-0.11941041699938935,0.1360219720223164,0.03955562246979995,-0.011413038143886726,0.02084127321794665,0.011431093163120984,0.06629751017309896,-0.03585872249691689,0.01608406529776464,0.006720914667926717,-0.00020956105282844562,-0.00323729183795093,0.007431032606772864,-0.005099318228823457,0.005059356444573924,-0.01670433301376086,0.02508637019543192
12_2,-0.0026442955193097337,0.001953460896123055,-0.03157970497940295,-0.005145490577678078,-0.012778117196941106,-0.03351359105355332,-0.0020774647931810024,0.0032710112567353603,0.03258227904293026,-0.4701518718401446,-1.1105521036467993,-0.853488615674108,-0.00598222606357547,0.01804451236689748,0.0016369354333461818,-0.05312899517140679,-0.01205467671090364,0.014779734151404435,-0.011520713075264845,-0.013065766356069092,-0.13670221680272987,0.020891777480412956,0.03082500629844254,-0.45158916958606155,-0.04289789228619492,-0.6947472576317436,-0.5503516302073727,-0.03851559824240045,-0.5040270598668739,-0.09208662468579415,0.018723448526739486,-0.0012508314132957984,0.03726631425994914,0.021990523597285986,0.008493821657774727,-0.00997675177089803,0.008183940299303518,-0.04474680397093953,-0.010908057034989337,0.0003189587872935109,-0.001966571789762413,-0.04095909958686391,0.0051832602830669235,-0.00521521606049778,-0.014995935140003283,-0.0037533232059166616
12_3,5.923809746291413e-05,-0.055608971080488165,0.013798190769039913,-0.01381060615372526,-0.01121710088290294,0.021187186367665027,0.02837496210305789,-0.002643013849617915,-0.26486034803684405,-0.43248909095230126,-1.0350868171929921,-0.7919263364609358,0.11248155134552806,-0.004947075240223208,0.009122709166419378,0.026416167682691248,0.012122654421144251,0.031944319239670026,0.002008302021287563,0.025097817074090163,-0.13711373445505434,0.011069235204073364,-0.031213808406657235,-0.4579138721954275,-0.03458055172033252,-0.7057002157250505,-0.4601817175003008,0.0035388779843496245,-0.41850453799159343,-0.08174630089594621,-0.13909401779012584,-0.02142822039723519,-0.03074486987949419,0.021866743589239658,0.0033448783022042403,0.01347920541103298,-0.00954116181223777,-0.03076690700329946,-0.0028370634202365386,-4.090439835120025e-05,0.012584657829178423,-0.04297681872253534,-0.005757382401269275,0.00809126611697581,0.028402442495630082,0.0017638965206181925
12_4,-0.00038436614651949676,0.0011472506790955786,0.013201341470248495,-0.002188374277514088,-0.015410431749944295,0.008502550582979761,0.027471685210155115,-0.0026759608956244186,-0.28459473997796636,-0.4354069278096042,-1.0562290348121595,-0.7822643062115626,-0.0031901806976307166,-0.007414352515853514,0.04450526813086291,0.0258376591380329,0.011609923293026436,0.021396269207267518,0.006578022742863219,0.02398761069364328,-0.13692965433050336,0.01158607485046703,-0.03314677616864847,-0.3884487226327148,-0.04611570314909584,-0.6657644984113068,-0.46037705487954594,0.003595336188546199,-0.4191063831477405,-0.08498373077783165,-0.14782924492345523,-0.2177859138667655,-0.03499450528358898,0.0178950113243998,0.007957546379100438,0.01603666910001007,-0.0208558932244908,-0.04474115625219708,-0.002783643427509263,-0.00016435233807564486,0.02036126186565477,-0.046439221060367464,0.01645381074109115,0.008266137910842387,0.027629320364954135,-0.008963558812643642
12_5,-0.004136952231401989,0.0023797819366428007,0.0005809395755136707,0.008970165787094614,-0.02069683126809956,-0.03071116118917347,-0.011837881429153202,-0.00020798599332656737,-0.16402863664409087,-0.46880366865756606,-1.0699603430015963,-0.8471714483604662,-0.0010269365879616698,-0.0066730658583830284,-0.0007783100211361691,0.0674527929309529,0.01875811336669054,0.02062139264856523,0.004293774152791329,-0.012731440911329474,-0.10777286846959737,0.02061446353053192,0.02478545372426152,-0.4684260442013231,-0.04682596677212301,-0.5895676256992983,-0.5014845888427353,0.0059965304528677215,-0.21480194531250207,-0.09286362225687657,-0.1192876366590671,-0.04811912186806215,-0.03789870036052929,0.020883855847646363,0.13203093318825534,-0.03251628779561071,-0.011492453055685147,0.06532785634834766,-0.005810932016192777,0.0009789311494761213,-0.00338394800810175,-0.043998037788727455,-0.0010862412212158921,-0.009182443589921898,-0.023540005947972512,-0.009600721983898532
13_2,-0.003228128365845319,0.0016967709890172741,-0.051055418170508016,-0.018793225677101337,-0.014491865963154557,-0.10904552154126963,-0.02427905684777913,0.0016762053369216935,-0.4704049450316733,-0.11909587621245889,0.25241593239196264,0.22085036767120902,0.10182772356788652,-0.011150989493526116,0.013786132258378382,0.08463568309015922,-0.04750584358725828,-0.04755633009563307,-0.0010733077782437166,0.10196231900941373,0.014761414466605158,-0.16675346294238766,-0.18231897479629675,0.057311536822614854,-0.015198991993285105,0.32660971060187277,0.21918968965997218,-0.1830535164739981,-0.8216559190228154,-0.17178618666818574,-0.5477713046005391,-0.004594247176869291,-0.17342666737942727,-0.2949243190748651,-0.01579197963945631,-0.11272422193652272,-0.002511711949202216,-0.1931813466277856,-0.024266195491751723,0.0011229540890796339,-0.025485210481155474,-0.05172162466184907,-0.02682377708574154,-0.01148414625674141,-0.12408705777892899,-0.18854902939263626
13_3,-0.0028780775794394853,-0.007154307373743298,-0.023301130417419134,0.006679309145776184,-0.03136997744610426,-0.08705580618707086,-0.033504804407904244,0.0006277054198597916,-0.5910318677299987,-0.10288457728052947,0.2899114379158998,0.26348014810687487,0.0016901220182879897,0.01798682402506953,-0.013602738735665235,-0.0324992451903317,-0.013893907313412068,0.00723991149626173,0.000769086341074608,-0.06755408715457677,0.014761296918691954,-0.3391507498179932,-0.33260875167574716,0.07726960173482032,-0.0209105214188399,0.11371274802726639,0.16941307577670925,-0.37399568921915916,-0.8498508554910117,-0.07321447504536222,-0.3061855753741298,-0.0032810915539308776,0.11971293570068084,-0.23830443360269657,-0.1920458906907753,-0.14445874782705662,-0.1743159306480983,-0.10825727902871735,-0.02629173785265546,-0.0014929792194166283,-0.015287432730651182,-0.09771917466983848,0.012395986750763229,-0.007934035873391398,0.06534726430582354,-0.1535933580650322
13_4,0.0002876445009364708,-0.14374180859237534,-0.017452037123529645,0.07211540312928541,-0.029781425340889133,0.07498965267104533,0.07625594964378174,0.0005830490414228417,-0.724406368800128,-0.1766189957556605,0.249748502861908,0.251783871833054,0.004941085368309408,-0.008692936478755181,-0.003616847586195931,-0.0317368480432831,0.0021981905395167018,0.030977908114312537,-0.04670908101915769,-0.04675094457446909,0.03694235529860572,-0.2744546746943219,-0.17170866684816022,0.08328991832878005,-0.08945177675208703,0.06355158022779922,0.12323555617249989,-0.13556743388013986,-0.8007091986326574,-0.19469942984795738,-0.32281378230662533,-0.4955319871400103,-0.14634222826959328,-0.18033535693668623,0.10657734305066728,-0.16757265350489536,0.003384060806205514,-0.14556523035679123,-0.05150018475192518,0.00012734138284387287,-0.017758593009697947,-0.09576501942045194,-0.03529424659375917,-0.002778363420721388,0.02195040169837655,-0.10212688282193413
13_5,0.003254350381587608,-0.0007563299516347799,-0.017088714958247788,0.00910903618109343,-0.038371527776395804,-0.09353988229205885,-0.02961943177391372,0.0006081530896360904,-0.7263575112339863,-0.16170812223320277,0.25332308248728136,0.2205536906622263,0.003478496002909023,0.05237205007183,-0.0027891674092419432,-0.03491891508378333,-0.0006340449896399815,0.03172888764281528,-0.08420755115974433,-0.06317902202871199,0.036313911733507925,-0.2576507245158858,0.027289955381899406,0.0852910999472532,-0.04007811850217958,0.05787564727191841,0.12441714356493115,-0.15325622409371806,-0.7369700986536782,-0.05057535411625329,-0.5419123514466232,-0.6599864445380224,-0.5910326936854068,-0.14589502493182577,0.040147914984876326,-0.133669817081671,0.07355074167474444,-0.15212430088051065,-0.029909290522996148,0.0002217390942082274,-0.019039462234535072,-0.1314534203631676,-0.025720938101383383,-0.01611183921027681,0.006979198384708981,-0.107306331301886
14_2,-0.006630522655565131,0.0024898682136413656,0.013288091887554523,0.0037187756072818204,-0.037686010087301325,-0.05760937329117573,-0.033033024578957196,-0.06872929106289921,-0.22457173692482021,-0.017317053510730446,0.2692054895443131,0.32193156838264103,0.008137416038535293,0.01650979925594381,-0.15864109342758242,-0.16110579140720976,-0.058997294000267896,-0.012955207161347713,-0.0678916858513676,-0.05933878072034806,-0.17310563761174919,0.0875688330791854,-0.19759314800650205,0.1665852398179651,0.08296006154249677,0.1448539324284293,0.06571170208848894,-0.4746556951764468,-0.8610388145824301,-0.11595952136431803,-0.28415951653580795,0.005706045595684991,-0.04022150843046875,0.08303107992461896,0.0163450973255681,0.018552854735993038,-0.09804760096487122,-0.11825807003486719,-0.00916008026195125,-0.0021317433923834363,-0.02436680792516018,-0.10361228061978975,-0.009512729648899548,-0.01531243796403138,0.0004354433108041426,0.06260659885016512
14_3,-0.002562240939290125,0.0009977218148517883,0.004014838681678391,0.010880143977081142,-0.03146521951878251,-0.11757059694931014,-0.03558098090978424,-0.0016830089639900542,-0.6041760715082911,-0.03286337709843993,0.18142879619361776,0.22019004295472655,-0.19897983044933257,-0.005437400875818408,-0.05769252947502113,-0.07913151684241411,0.002897911816315712,-0.5298898284287584,-0.13492914823654253,-0.04487595439919379,-0.10356838974386165,0.05496484124780947,0.0375005708055428,0.1306300263460064,0.12347600276356185,0.08346219159783796,0.1398287967496512,0.07778016588034711,-0.3393037281220981,-0.05098327691047297,-0.49921466868576253,-0.6822099548340117,-0.5926704878801425,0.042361247781940045,-0.07183905872824119,0.04797555265319825,0.03445684342977775,-0.18989205309252902,-0.006945332434764728,-0.001007029400805578,-0.016192959842664528,-0.13810234499657748,-0.029654218971505747,-0.037559092049138695,-0.012526952850514753,-0.08161885430182775
14_4,-0.006901961456101904,0.006533789348224277,-0.04382099913846581,-0.01117037565618854,-0.0682753521948943,-0.132250737041137,-0.023556265508772285,7.534244919417399e-05,-0.6324604601214889,0.0042787344702054,0.18944632116524945,0.2378750009954498,-0.21341718690807499,-0.005854010660186837,-0.02645990886795981,-0.03939739504577154,-0.07695493424407959,-0.49240371477739664,-0.11979969178059306,-0.04355685465304115,-0.10466769121323147,0.010283361809883432,0.054519292563263815,0.10190680530984679,-0.02371766458701937,0.1287751111158557,0.061467791476488357,0.07298884627661083,-0.39418219149683054,-0.1725616602350967,-0.516510780666006,-0.647718362174685,-0.44087913068501156,0.00884914607135623,-0.062482267212343075,-0.03659863813767518,0.0744233960398859,-0.1955121398903924,-0.0087268097947975,-0.000607753355924695,-0.024919752878185777,-0.13672303010267933,-0.02701417166816031,-0.03706442060296143,-0.022771981534733414,-0.07780469670087987
14_5,-0.010646876820253642,0.005411574231627824,-0.08993311369610638,-0.011066323613727072,-0.05159269022093532,-0.12037909722421565,-0.023576119032330232,0.0008359626259858083,-0.6464438462752857,0.03504133865252627,0.20257267971001627,0.2709998939357083,-0.19569988940042857,-0.012272241615838939,-0.031360081674009395,-0.05980303155945707,-0.021740903699283907,-0.48873621134418566,-0.1276589234455318,-0.043480299862319625,-0.10576096124113395,0.04755827806267083,0.017745469747425635,0.06690488307455983,-0.049925184346616594,0.18829967305013537,0.05101919500909868,-0.13751911805149522,-0.613401738093356,-0.08559376307076581,-0.34146008811711304,-0.3241907738124509,-0.4147199663658543,0.010270249007766697,-0.021781557327877742,-0.036936955480617595,0.06288531508055065,-0.11753918958397869,-0.03054524910558638,-0.0007678022823610826,-0.027305827930066934,-0.13925320044997447,-0.0191857729586892,-0.03667277900063927,-0.01920221064932679,-0.0615494571289565
15_2,-0.0026746502010675448,0.009307574889699044,0.08858580177760937,0.0028760476100794566,-0.011409056555506886,-0.01455624194664165,0.014911149747952913,-0.061774479546584576,0.20573519702062049,0.24769991053124246,0.447404125530618,0.4391087533893067,0.011901722355921938,0.016760440986055967,0.022186999415929443,0.1884586149754274,0.003058834820891544,0.04187005333075883,0.05997416827839085,0.24546010615627922,0.01628754458983967,0.06026135197052454,-0.09916464372591367,0.3184811377603695,-0.07228957701285238,0.37049914974332465,0.2984992769621401,-0.05948614545349629,0.4759457534889892,-0.1107560464952397,0.3562397097495842,0.08628337467065583,0.017025206639308628,0.14158050706182113,0.10015820030247088,0.013950830894399193,0.1651846350692643,-0.07162055106281255,-0.01228548028247893,0.002339707618940164,0.012262472234566496,0.03529435082247965,0.08060736424963293,0.0003275088322068758,0.031315349545724645,0.04044518572166447
15_3,-0.007322599786600513,-0.06421796827509578,0.08469661048895123,0.07436047657690262,-0.01718661002591221,0.11673472419795117,0.07782200999110363,-0.01641819584688001,-0.3702603370186679,0.23085729262159474,0.2963859401065924,0.441146223163624,0.018954439762616185,0.016584592870205805,0.14753007758958744,0.20184798969300932,0.003574230126100245,0.06793591429716028,0.16475169432334766,0.0539708897634154,0.015638658702101054,0.1684345029923013,0.1408125020088049,0.23538439510104672,-0.035592075419814746,0.34209568143521896,0.14991469789787312,-0.1694363108476737,0.4769398371086741,-0.01365404677964651,-0.22331623285963628,-0.358954204128946,-0.32396371621882714,-0.08343405850372658,0.107284606066562,0.01135933114850356,0.1294712121947768,-0.1837947948695539,-0.015074497538240033,-0.00033491495716843274,0.1274996810727238,-0.057238254935964766,0.047803291786648314,0.036090231064961203,0.04221365201451382,0.04265242118479329
15_4,-0.00364872111615018,0.005923777507709783,0.03520682761043911,0.0073786475387605625,-0.024485016610962335,-0.0023424020636913664,0.03448788840428535,-0.007448414903441417,0.2263768066865568,0.28382876953467373,0.47549194747378876,0.44430156639354773,0.017619367956739913,0.049418755151247565,0.02265679696235722,0.04829544906088027,0.009907891712344893,0.04966353718440025,0.06319808475726012,0.03483877847566238,0.03581353770417283,0.08915103254025333,0.13336760551123086,0.2917686035970402,0.040625120675873934,0.3662217638737766,0.2525571199446164,0.10929236827941283,0.5062447351324011,0.040561650460191195,0.5783112654480543,-0.024399439342257724,-0.305067052511529,0.06743612512207346,0.06581647070333659,0.06590007197444936,0.10731703360090904,-0.07218288174096638,-0.006645595133817167,0.00035265900372237827,0.024768602140280146,-0.03278619147301757,0.08282878688902645,0.033986675136296045,0.01698906556218822,-0.00020642461907364733
15_5,0.003361048744504213,0.010329089829904237,-0.004875472700704237,0.010672168878258153,-0.018768392560049457,-0.027611173246636114,0.01087771407447026,-0.0007442234486839416,0.18196659578492477,0.27132109505326846,0.5081855852880429,0.44146345249380514,0.01936028750626113,-0.011296954943275988,0.057218247213389445,0.14484454427172594,0.0017007532648059195,0.07724914534837346,0.09207998758031632,0.07699480060069804,0.04123000566084823,0.12165466619503727,0.14249023726294446,0.22283887179807946,0.03775743415841729,0.36785202353635593,0.2732885898261008,0.07969189623889898,0.5288415658614365,-0.05793928309037424,0.48549378492402373,0.11570122198514962,-0.006374309026501723,0.06566842638957036,0.22540598684688265,-0.043061982712829544,0.1716895911979105,-0.06437354036125946,-0.02705802130217211,0.0018491197309786925,0.03823671277162509,-0.04301981430364472,0.057749613586980914,0.044102722805515665,0.03154157567898077,0.05021508399177507
16_2,0.0014267599948913307,-0.002257781672089169,-0.025400752145354418,0.0063441916754633345,0.013750602288159613,0.04641619496470474,-0.004708071327919921,0.003672591255204941,0.2247944735433561,0.20364420413076836,0.4758082808778736,0.38383756436875205,0.0027072587077202003,0.01681585378738673,-0.006566949120530674,-0.014536555648796102,-0.003943589303522266,0.048494587727606765,-0.012644445646762117,-0.04623915367712451,0.014399608303775478,0.07483614199581999,0.13344761783630624,0.21715229341811418,-0.024044673313763396,0.30497529653062294,0.21095077184576283,0.11501587926865298,0.4880054481930969,0.34348320372591895,0.2080594941677494,0.12067822222516601,0.0693550100663073,-0.07408991609931945,0.11616383803435393,0.053889006410284324,0.07053364643161748,0.05358836441613285,0.011550113731229878,0.0006077632000780194,-0.005872721897672281,0.06294130429646354,-0.008412897679000084,0.009244741822610328,-0.0172676333669667,0.03067986411226374
16_3,-0.001842050847255605,-0.004624736041396577,-0.027383052346715838,0.0017209328631551568,0.010986588093921418,0.0453489248961528,-0.007001218378604643,0.0028216330332249246,0.22788557433843798,0.1971311919341198,0.4729762830802152,0.3899565230891721,0.0034732103083563804,0.019458505197162298,-0.011588792027321718,-0.017074897966910887,0.0011444013799889227,0.04440463002995015,-0.013698503179391692,-0.05138848868909561,0.013280500556714283,0.08444485638822986,0.12980998538750982,0.22049884142758705,-0.0031206320382163063,0.308147578433279,0.2480356414741287,0.11326321556192569,0.47429515557320256,0.2969708020831704,0.21342032675764863,0.11856662252941,0.06274386725250897,-0.07727181710980582,0.09256711451415604,0.008744319141236205,0.08613935700653429,0.05730717233765978,0.006420487645054475,-0.001755220290276899,-0.008284462666446842,0.06129642787763849,-0.008447872270464308,0.007926525571650102,-0.013174466200727129,0.03929436049497038
16_4,0.0006939738113701229,-0.002786127622666348,-0.026610682782453713,0.005017458060757094,0.012338444733226137,0.04626071936246928,-0.003983475384665124,0.0019340070591675686,0.22372380194282715,0.2036755262553888,0.47139426716022187,0.3837598472750193,0.004349253035408323,-0.007597951114603588,-0.008436889385714411,-0.0161543939804411,0.003797551989548444,0.04540781999623913,-0.01347643087415962,-0.04642678656567075,0.019917563256887344,0.08071816873186645,0.1330460405707502,0.21483929224764842,-0.030908786896745418,0.289857756452261,0.20918588489019815,0.1198574315231657,0.5170578299258479,0.3386079701663195,0.20842424370716436,0.11985177092010621,0.06999592176297108,-0.07409723839021952,0.11812100808017088,0.050317206561410636,0.06347815046973383,0.055770065076943015,0.007498019845511869,0.0005474973486299299,-0.006454250466879469,0.06181333910618082,-0.007143292725484299,0.010756335041284726,-0.017176342194596687,0.030305863356776576
16_5,0.002320154270537815,0.0028783993093355336,-0.02239210673445814,0.005647337549576228,0.017802325735082277,0.049970180677539826,-0.004583650845628039,0.003697182979547212,0.22485627806360797,0.2032910531638448,0.4754088525385739,0.3976985631235871,0.002300977226779452,0.014026020604411162,-0.010184971216070003,-0.01609252322080122,-0.0054749966585740635,0.03266340993309176,-0.01828287530204812,-0.03923703388961952,0.016746208071261433,0.07638764474311018,0.13715818026569118,0.2193557871843941,-0.02808360146459268,0.3148101600416958,0.24155045694249774,0.11983723546806974,0.4919428431548699,0.34536457415502025,0.21478140790335246,0.12131887937294147,0.07529188194937492,-0.07386030775306325,0.10006993905740848,0.05495775657376375,0.07092624762416275,0.06294632051248115,0.011976376827054878,0.0005568892858357664,-0.0030999623119796144,0.06631243531837314,-0.007046108394113842,0.012403951861039942,-0.010632295490408315,0.04165145632086663
17_2,-0.027365409205434003,0.00560757176420313,0.01319115586523349,0.001320095186182243,-0.04722866861886403,-0.033797149079279436,-0.016680959618110423,0.003382035048637802,0.34588708220960934,0.14157287157556253,0.3729925068943705,0.401515451955988,0.01728868679872522,0.001595442208274278,-0.04525876932385713,-0.08152244537356657,-0.0006830975865416149,0.035218982318540454,-0.04877236231592225,-0.07018210326553205,0.03996303488041114,0.042894716497323834,0.09857440760074342,0.20962831855672198,0.037708544814479016,0.2884319033371382,0.17413191671149977,0.06659630870350702,0.43937163993809797,-0.10004194842785653,0.37788156873642603,0.16784571572977972,0.07528462996730566,0.031716507979905426,0.015385290976114623,-0.024624424648469017,0.06494913841472608,-0.10708482438718923,-0.016666678171335898,-0.0031934800725518056,0.017275026153517548,-0.0657263358879148,0.009665427160147276,-0.017358606142653017,-0.009936451159849032,-0.05919689260654566
17_3,-0.016694645985776826,-0.008873209801748688,0.009396411987614723,-0.017547475963546864,-0.0336153216261413,-0.024181668385492423,-0.0009448246312500881,-0.001446800591196203,0.2771531019340283,0.11495779870619217,0.366242442903367,0.36793073841633095,0.013226844568327024,0.049152221931546294,-0.038997264013257385,-0.07611203882748814,0.005427574239558732,0.012314999317144916,-0.0450785881955688,-0.05214524083377477,0.03249537284965728,0.034829372495856985,0.10719886085929835,0.19802473229467796,-0.05605863425438014,0.1935142209291947,0.23207773947426552,0.06792516227476661,0.40602538119773307,-0.14692007465056278,0.2899692578347719,0.1414349786344422,-0.023106897441199988,-0.14109925995943953,0.02590330310719187,-0.006393552123769011,0.0696715674499669,-0.11857759525688762,-0.01514751787237899,0.0017737813468354574,0.013552879578293153,-0.07326021303077285,-0.002281642796207582,-0.023501102183285303,-0.006595450929443196,-0.08971730030787935
17_4,-0.017956797920361353,0.00011800925398502353,-0.023676304033881723,-0.030332825382708782,0.07640139962361776,0.03742487066116528,-0.008275263663525495,0.0021201954431873753,0.18493481826116617,0.22455623151793647,0.4199378106218606,0.3889939808615781,0.012681754174904743,0.043545244314853994,-0.045431932152524036,-0.048259226833291126,0.0007850260388938344,0.025139702056398663,-0.023946887418700023,-0.07378195976057686,0.02080517958551937,-0.022747613520034085,0.053611181391128165,0.21841468031567696,0.029531406683923813,0.2858322000017764,0.26248599707365766,0.003649186902597021,0.4920945702254178,-0.08566868836737691,0.2820822318452238,0.11102893138720067,0.10876323885154401,0.05217886868762441,0.04675856880669215,0.07615389456550992,0.08313322650287126,0.024890636951841735,0.04015779489338199,0.001937084312987892,-0.009987893911275482,0.04908507535291785,-0.0024446985620223847,-0.011526733862092306,-0.011201481944481763,-0.04340467709608283
17_5,-0.04404886515124533,0.004087963899071469,0.013936937129033992,-0.009043651842788191,-0.06539447822205592,-0.04525581672236786,-0.027906486553145978,0.0014157889316227066,0.32522816225466306,0.14932325783381434,0.3780107253742511,0.33455938635191457,0.005243057919210115,-0.0187063257352483,-0.03554754185322766,-0.03857734603353256,-0.002166523599142649,0.06886368964392023,-0.0611964828102297,-0.0832319669614962,0.016670208030405066,0.043471200957933574,0.08985619297385548,0.19431842325663035,-0.044133478449444374,0.27860298749371565,0.1636455013585702,0.05024986741370251,0.4385248226204632,0.251400834253718,0.3029845944345573,0.11389397920240688,0.029688842920266353,-0.06978035173481295,-0.015059892469886198,-0.03531568876458943,0.05094706969595726,-0.11129256232403643,-0.0246906250047113,-0.004047653833098744,-0.014765710385574601,-0.0732439287122853,8.279562282981982e-06,-0.012884057168937748,-0.030731864677268194,-0.027024715621508596
18_2,-0.03718105263489255,0.00755012632922691,-0.023512325098055384,-0.0027728077675451364,0.021577970316481395,0.041814648589462634,0.004982975384782011,0.0009491930013875302,0.20182667682095864,0.2509839173302166,0.47157661708098253,0.4006618597939661,0.01340697418985931,-0.002004357466883755,-0.006968345638236366,-0.033783295502508484,0.012867063400244443,0.11398623756135075,-0.03494995561604356,-0.053381638807178056,0.04059932044322035,0.03795724285565668,0.06913771968203004,0.2129849600297272,0.04932226241324458,0.2854557607446782,0.29356274294080487,0.05809933530175977,0.4214324325869391,-0.09576842471244035,0.27507420927861564,0.14152862481226042,0.04627222797634762,0.05733134715552302,0.018444310539052936,-0.00737555401228152,0.07781001552010017,0.039474792718749395,0.027273319802018123,0.0008983820816760796,-0.005044720980470223,0.06365928549862225,-0.004714174202795676,-0.009721297652277893,-0.009758082198401586,-0.04600504233065547
18_3,-0.000909108749671528,0.00015960837541831882,0.013216300602672258,0.0024068991695210553,-0.025819292799258795,-0.004531332838752778,0.025489572380695345,-0.01771266813613586,0.20105403445280157,0.24791671333075757,0.4527267150530338,0.4128573982564639,0.022690071560606352,0.009277900717599093,0.041367072208996006,0.08746611938060952,0.013560338441193564,0.05220965795305592,0.008954561103167526,0.07043884368279703,0.023489876100583812,-0.032613458029129176,0.08439482415244227,0.23150469751617228,-0.06223762254706938,0.3552055839646969,0.2817227681464303,0.09733988838160353,0.39173479168041414,-0.14679565115514792,0.30931540844090655,0.1683391902966285,-0.04245923863756771,0.060947646337980534,0.03236294237341508,0.057403246639018995,0.048129337386710096,-0.09119941003328699,-0.007116090886039758,0.0003490750604208438,0.01545160342329516,-0.05761753923235439,0.009882865799941328,-0.016428158420251072,0.01674902524071342,-0.043195668539134306
18_4,0.002991817731143188,-0.008566555962856862,-0.02097301046394546,-0.01908744217904941,0.0120527906565492,0.04405042968308985,-0.008557424180280002,0.009065037470966463,0.20506727517196752,0.24288573976960173,0.44249008379683835,0.42218450427214327,0.013071224052290609,0.04391620322263651,0.007535467080799342,-0.030668909561826864,0.002154742577650979,0.030620326016494816,-0.018695452233179064,-0.040710572938717327,0.021125717114534686,-0.01471949573416743,0.07262446356502486,0.2213352519826235,-0.06964694978316402,0.3004695908018863,0.29093052618291826,0.05755618330383481,0.44387586806522983,-0.10930957738969757,0.25872456880464956,0.11551939285221076,0.10737403236277406,0.057684340365166314,0.024606767165451536,0.06017332701652664,0.07741980063494039,0.04169135170430816,0.013654899432092962,0.0014099533969532437,-0.011461929104082686,0.05603680859192344,-0.008824852119313099,-0.008790699460374104,-0.010422246897857168,-0.030424898846457937
18_5,-0.03095549307450863,0.006896711196034482,0.0003252514730748633,-0.02722060950982774,1.5185565411836557e-05,0.011399083718245695,0.004354153637452607,0.0018409189726762188,0.24029512543472512,0.21184949967678812,0.43979083405540836,0.40339235317454675,0.004972340286642514,-0.016871748863590132,-0.0077135415772265695,-0.030027741007826812,0.006625276427359572,0.07878197073875409,-0.022288198229462878,-0.05891217344670608,0.036567084213574574,0.12645291646715953,0.09480636990895665,0.17751348440958942,-0.026690664683409557,0.2751569309992602,0.24121006379422233,0.10247675495273706,0.47415875752263686,0.29927992263858444,0.2106159637821147,0.13649516829124791,0.0668170184755202,-0.0669117212210287,0.021912352134917313,-0.016801344765522055,0.07692817215791495,0.03222548781516408,-0.016133350390132913,0.0008872321640187083,-0.01249238120204554,0.05604335562745909,0.0026585143943242493,-0.014335914351945976,-0.01401143580023423,0.02484127995564889
19_2,0.007087721643675458,0.005294819379341904,-0.0037330685313889606,0.008935281147293653,0.0475004326288026,0.01330582400968018,0.0031871281055686996,0.0006732712946754508,0.12949507472447513,0.24872360820051692,0.48755007179792825,0.43627679307475703,0.009796421851030164,0.0554435345644572,-0.03672704114580135,-0.038975643871480135,0.0029781960118030032,0.02833043752818734,-0.05378036465593316,-0.045514344857055355,0.036529148925438036,0.11289702547634489,0.12023710602659128,0.2625837298901162,-0.02692418364402766,0.3085671452384068,0.2930933542553815,0.1028003996984312,0.5599879224960084,-0.036844588132551655,0.2798599375274893,0.1622113710643891,0.1632107509173719,0.060150249899299464,0.04948217638422315,-0.025821830583908786,0.1576056913293441,0.06341660049950461,0.0643538988550975,0.0006088422390359227,-0.0012448557667952297,0.062323615086307765,0.0007934122677150295,-0.010484260724691837,-0.0015995594084281459,-0.02469533529568712
19_3,0.007268876274430864,0.0037308286171531344,0.002290814719603463,0.010004859540625957,0.03312253606154737,0.050693348132139375,-0.00794742834649508,-0.0001274201051219855,0.08795605818179844,0.13034383747215483,0.48132693269188076,0.43458358325394275,-0.1330457509287799,-0.027206221975571244,-0.025553803293622813,-0.04107037017104689,-0.00725136333646451,0.016776229729571865,-0.04046252081484068,-0.03995543838333374,0.031911075103297534,0.117242279555586,0.09802920157567806,0.19531568614616104,-0.009266818993364234,0.28041556385472644,0.29937042753449294,0.1035860322251658,0.5542516472177622,-0.02502573000853884,0.2731149733943617,0.16684342349567846,0.16780718998873267,0.061965354598073445,0.052881762736317235,-0.018907444832412783,0.15636580132506864,0.06739603488749536,0.018171964991288946,-0.00040044057998880574,-0.004928816961959556,0.06588673020455456,0.00044339927942821725,-0.009966261427131208,-0.018173470919865424,-0.08144830851704837
19_4,0.009157565133667315,0.004092927831265577,-0.029127597886655164,0.009637360264748122,0.08601569173434202,0.04021671997797251,0.006842842005594426,0.0002356142669936326,0.12111796539440645,0.23680335876506226,0.4578650007042261,0.43613312589317715,0.008099031006654113,0.01889445065774908,-0.041037878533877484,-0.035881538379469814,0.0009542390050703576,0.02742906465121998,-0.0641814016509182,-0.05195885158206638,0.024852184278415953,0.1240263580775801,0.11801560152807924,0.2403996315107464,-0.013891843137558658,0.3069839692552211,0.2587261479572933,0.08685478207666857,0.5690814307022828,-0.015577011062558944,0.2730378645765399,0.1632649805618209,0.17177054730105873,0.053430910513963314,0.03766728468552296,0.00206762710302336,0.15402580658545786,0.04363265861398188,0.06349485731034425,0.0009778926032433049,-0.005855825250728166,0.06400066358385852,0.0029791945344835313,-0.011415256654176517,-0.005215556473117087,0.03528221400936624
19_5,0.00959427055582818,0.004697730113945111,0.0016022712298714853,0.00936463318057504,0.09218938984031234,0.01338338410613772,0.0055551416462723754,-0.0005788309266613049,0.0990983162293483,0.14738667002729725,0.4813743165758288,0.43312535538066427,0.00916920868666093,0.05427375535719561,-0.04097178080145288,-0.04058355522258211,0.0022610187528468314,0.027062828729942662,-0.054562680245201244,-0.045732478341287006,0.007010716016663074,0.09701940657362931,0.11838419093043893,0.2208995773317282,-0.00010333664484502724,0.3158500157509295,0.2507741976767929,0.12020803987607491,0.5545180431423069,-0.044245030025527245,0.2743991419934922,0.16231904185314044,0.16414417207682197,0.05365879567435599,0.044000676730330014,-0.017898247715547703,0.1475144894493361,0.06271103563537732,0.02210774513355823,0.00039743950837695894,-0.002084101510050538,0.07378936425410114,0.0003289856548791326,-0.010998478866312207,-0.004385765005698576,-0.026617942086575228
1_2,-0.0013797903082091406,-0.004902065621321832,-0.00782355508829812,0.0038021780794203134,-0.031055142264593022,-0.04798839863819446,-0.03942058484498196,-0.0012398169237221104,-0.5846909787534477,0.04348649761457574,0.024279708136427477,0.07161931754175972,-0.0017056351454606627,-0.019695048080907017,-0.01434821713336106,-0.033579627918049755,0.005594469253142892,0.02882344843731053,-0.005386695907282373,-0.021884459393396602,0.013208749342285142,-0.1780750320888503,-0.4272641985315555,0.0007175584894456128,-0.051501040546464795,0.12106453030845485,0.10745112615937238,-0.11686966177249788,-0.8550990033778831,-0.20078681869731255,-0.3556002068363662,-0.2018937038605623,-0.3730722557572158,-0.17796896593865974,-0.40757511331325846,-0.37265776808080947,-0.40643778068625547,-0.17067832229026447,-0.01322332257287013,-0.00024557826871920963,-0.010158211214145061,-0.14495821145869459,-0.029413535657582864,-0.026035182060799664,-0.07250659542770285,-0.08229639946209358
1_3,-0.00655304312431694,-0.011855059679257589,0.007205158501835516,-0.006192237612029437,-0.03230334466450568,-0.008799587537496632,0.06852569149717556,-0.01036466891366214,-0.450987913712039,-0.06494955370227315,0.09603946528306863,0.05666334936957291,-0.0036745278502337076,0.020962594724893577,-0.029091394338509186,-0.05806242557965645,-0.0024691523434407447,-0.0655409768410067,-0.05684566616325649,-0.05218165091061312,0.014189468949578904,-0.23960271977731928,-0.24046263767487988,0.025851703518615172,-0.015803551193300812,0.1122928375339842,0.04398557414564715,-0.18579255273472245,-0.8497376969575687,-0.07290019848273162,-0.36818615121074766,-0.25946240923504776,-0.26468395371959025,-0.12448047922996537,-0.4501934473409924,-0.303766436493446,-0.31834429120444896,-0.10800237713050445,-0.012994314373696626,0.00018857036052334522,0.02031088080930968,-0.13993243653140117,0.06693346662090228,-0.016303406832305606,0.031543576136742815,-0.0655670646968518
1_4,-0.005962756396085699,0.0015379966255525295,-0.0069451322660535305,0.006417296616484804,-0.03358496437160869,-0.04679150020265491,-0.03887996239068882,0.0001297344182377303,-0.5369578121323931,0.028671517193814573,0.06281314014685532,0.10561066262166033,-0.0014642664874554181,-0.005169904379332841,-0.03199984280075522,-0.06352293662680344,0.002857023252760248,0.0262888770455827,-0.05548435772162059,-0.03727667459460905,0.017562963894444134,-0.07992897673298018,-0.24237658691107003,0.026599785596428196,-0.05658270903259458,0.10184070847347314,0.062023258656298895,-0.1281359548655889,-0.7807244398493525,-0.14630814067269096,-0.4489703930792459,-0.3419497303127631,-0.3803308160327081,-0.1339500430616055,-0.4055200415752047,-0.3678034909568704,-0.3736260854545097,-0.15187190183931695,-0.015409486103936838,7.66931858382757e-05,-0.009560126549804968,-0.14268621018869868,-0.027525605328214697,-0.02846113503070947,-0.07079602759270695,-0.03853844452670115
1_5,-0.001812308899038852,0.0012613663108508326,-0.00660109584004484,0.0030336279761298537,-0.03440626187810781,-0.05079551018606295,-0.0392400971754579,-0.0005772671868612689,-0.6536632148785503,0.010989771512530002,0.05196078295661272,0.07040696253533492,-0.0015505279855876227,-0.01904538206493549,-0.015710688674143145,-0.03246857278373033,0.0021099659539457996,0.027454215542840454,-0.005978107247623416,-0.021285346505450435,0.013064583514736711,-0.1766945860874468,-0.2161922388880769,0.00010359410837252169,-0.06684796784386646,0.0894953937074325,0.07006234370673349,-0.12434522714135646,-0.7859837240034561,-0.191506658744185,-0.35289857150213727,-0.4288225067317465,-0.3849188906537522,-0.1336555377958956,-0.40554394214977,-0.37027707960174616,-0.4101354238574519,-0.10495281630482657,-0.013432178070982903,0.00021963328415402732,-0.009389380705519057,-0.14236117451475563,-0.029034757459631893,-0.02594676053265669,-0.07172501294165512,-0.06754623690156716
20_2,-0.0037252029538973603,0.005489762717035608,0.010462784830721108,0.008111667638391485,-0.02135145034484787,-0.06182600770246255,0.06908972130579681,-3.907964136256291e-05,-0.21954093537407973,0.1445250564445965,0.5140974796596528,0.5873998490855272,0.0034519555262679013,0.0021885940596727002,0.0014239854332071323,0.07969540832953079,0.0105866242960265,0.07256295863830993,-0.01115077054703896,0.07725451823794734,-0.037184397379817845,0.09298973543552812,-0.01786580024644373,0.21946574225559212,0.20704936383960212,0.37914354735007605,0.35787681728169374,0.03030322004632224,-0.16153419325598115,0.04099197089399585,-0.27980068196511815,-0.021856195332397268,-0.04658840185954853,0.14732576247405688,0.24036786943855296,0.19006066461463111,0.12603091101566988,-0.053554981077857264,-0.012808016597945806,-0.0013479841797660746,0.08269875423222937,-0.1266096729690637,0.003852112211840156,0.04232180541203682,0.1216906416250815,0.11836493820635008
20_3,-0.0022379305319182533,0.005611235500230998,0.008958562973900488,0.010596914161173842,-0.014138690794709207,0.029328260455119434,0.06996833054965827,-0.006757857370644249,-0.30454987169795483,0.2010124400750644,0.4828625521541666,0.5886363402051517,0.004231427270001467,0.003080428359093176,0.06561880844339742,0.10706738182787336,0.004158760049558594,0.03315157917287904,0.20075172153716725,0.08761725115227655,-0.0375367865590495,0.06749383729555174,-0.016947507439657113,0.2386769824554947,0.16102731461156014,0.2364300389680224,0.3570521637560863,0.017431582782846525,-0.22313108275900687,0.07892749256214482,-0.21810975097129048,0.07107997612863574,-0.0562190217430795,0.12962225611497752,0.21527735618470267,0.1888700190365555,0.13027601898738636,-0.07534187175823365,-0.011925463105243336,-0.0030620504622764894,0.0985142633789476,-0.08775932844874385,0.06687417043715839,0.033257551087858384,0.0733613786545361,0.12007824042109269
20_4,-0.005609288109750973,0.006418921178171917,0.004948455654058722,0.006506080492853373,-0.017325271206281367,0.03754572448247244,0.06794997686730594,-0.009485809824701645,-0.17314067494248997,0.1597174653756938,0.4888842770738174,0.5605948294303331,0.008361294775425134,0.0029197555962099274,0.061648375810693434,0.15060441234047994,0.012289195766076275,0.03323972688425435,0.1936249885498821,0.35335226023987165,-0.03794691639593306,0.08485130618343882,0.030268398410311897,0.227332508356198,0.09162160598254894,0.38868788483871947,0.23660322275750703,0.011904444406511824,-0.10852113699875145,-0.003478541203292007,-0.21615486741213796,0.06651654789099609,-0.04713358275918181,0.14501678614906452,0.17442703086545405,0.16421419057877287,0.12977056835607248,-0.05338921453660597,-0.012980878331938317,-0.003172555576595575,0.09829535594903968,-0.0425442072883257,0.06685479755978634,0.033313948613067676,0.025187519117511763,0.0992449307828733
20_5,-0.01033699393981007,0.006889470709391519,0.010186472267566592,0.007399809076217023,-0.018311386027581915,-0.048794830985692615,-0.031136995735028747,-0.00042410718568778824,-0.29424819025378174,0.035612135472562076,0.42237309803596007,0.533645970301824,-0.00044838403336073954,0.010412907826104023,-0.023373380792771962,-0.038641847300208046,0.0054830778413777325,0.02194691650428197,-0.048743649086506656,-0.061246136387288534,-0.03805486285266292,0.10543638692247688,0.0016343198020838437,0.26588433541401185,0.21214490195072244,0.422281843704835,0.41872586568272085,0.022360364735962875,-0.37571561574138423,-0.10436810656915568,-0.19032094691066193,-0.24992696292975175,-0.08883720577976166,0.10566454640887117,0.17747019860648167,0.25684637261160675,0.13815884130785208,0.15028315971450673,-0.010152165849427333,0.000605768914112654,-0.00044713579324066996,0.22276100454935746,-0.015040496718701411,-0.014043788611687544,-0.07939337016979726,0.1450690907010922
21_2,0.006167458300255966,-0.0035431026484843684,-0.020363313298090675,0.008070019562768767,0.02196197045218367,0.04951298814851269,-0.00032522594898497833,0.0030172253200514993,0.31163669981806097,0.17563505489353554,0.44893113504352333,0.3982653494310109,0.037519280198308705,-0.015604496135170084,-0.007192579662993001,-0.012982530633665033,0.004677950137044941,0.03931361266357784,-0.0034689647499871914,-0.010997560660197445,0.014272739926525906,0.09079700520124144,0.12336589560183835,0.23242474080599956,-0.028487491694452353,0.3134100611861503,0.23987129664937576,0.12085452348579884,0.5510223957092452,0.23344580165672676,0.2139372874951012,0.11998423081572952,0.08859214490981696,0.02610097739561613,0.1324953215641306,-0.011776136766693285,0.08177276240151148,0.09287260805582401,0.01200270119369308,0.0004957834121307721,-0.007965343361077824,0.06961085636491161,-0.010982315400139695,0.010369753548070881,-0.016664635412550994,0.018049748436883725
21_3,0.004275257853900597,0.004318530343076789,-0.015506045011365266,0.009577156528920099,0.026519656399252235,0.055564326768574465,-0.0032599340885702747,0.003800851101252624,0.34216894275646764,0.14308010728573406,0.4524756391330357,0.4006864129244086,0.0024654883732791798,0.019832671354687765,-0.019364573216277246,-0.01123774729299383,-0.0002439687017772693,-0.11813572035902968,-0.009551061968099607,-0.044794146899326065,0.021227906090438658,0.03524482618757861,0.14715673147169722,0.21807073803543167,-0.027605026048152386,0.3148388967186396,0.22594203310455493,0.11753215763735321,0.5649451114216868,0.38951009667394965,0.21631611084518748,0.11985315639686772,0.07474594235748827,-0.07175680792484282,0.12634072641568506,0.0682375256491086,0.0744615973797353,0.072556852320912,0.00861792063565523,-0.0001550493056116371,-0.0036990781428422547,0.07392447130446962,-0.010487167985652484,0.011016550244201567,-0.01338491624233479,0.022480615534483377
21_4,0.010448319650487517,-0.0027157368565045898,-0.017206773190071165,0.010920484056275487,0.032726920024887834,0.050194535942727686,-5.9935042080750764e-05,0.0036574664067313546,0.30444321075638514,0.18196855424791974,0.4597123670098765,0.40987511105049057,0.006751332709248146,0.024471914303024905,-0.005674092655736697,-0.009597117398750103,0.0069808478056661485,0.0503690029810994,-0.004015793190072172,-0.04525296627593412,0.02005634033077653,0.07141196164263229,0.12504986063956314,0.23092193141853953,-0.026258153436977672,0.3239898220931096,0.2498282725235307,0.11430581822434216,0.5655462695597011,0.3044823839318001,0.2143813969035246,0.12570573739179042,0.07607858999571257,0.03303991611466967,0.13468767752290325,0.07548236821598557,0.07895305049838333,0.0816640276326473,0.010226608979708677,0.0002935045785080923,-0.001920685498259566,0.07516359761628348,-0.01164700543347842,0.01205957367971207,-0.013101019231907757,0.022502971413293566
21_5,0.010167673925436311,-0.0026211981774822775,-0.02067038178012258,0.007139658684743489,0.016774217828262068,0.05003924052092975,-0.0027718828687660615,0.008558584269537609,0.3149124362287968,0.172689707849275,0.4501726153420995,0.41115330040858017,0.04006804797179349,-0.01478283678756737,-0.007439723855772044,0.045470521620860384,0.01000635189740976,0.042529115255035846,0.00953489011013991,-0.00694452254774262,0.020459713671295638,0.0829122252565527,0.1484523669461618,0.23281502207101204,-0.02746508940720623,0.31757657507024023,0.26206596588097747,0.1287724150697439,0.5558336160599493,0.3569036728332772,0.21923198516770967,0.12193783811964766,0.08737409464798553,-0.07457922693209776,0.12446903755019971,-0.002201615295641533,0.08462972506740202,0.08043969396269005,0.01360817731567255,-0.005126358787697771,-0.0034161252876051067,0.06313286824068087,-0.00973142790582458,0.004366076267474024,-0.015670031626766008,0.021551727697220007
22_2,0.0010787878030623426,0.003878293981726711,-0.014414626421729169,-0.0007057300308119023,0.020789046026196148,0.10027584150125773,-0.0036738050103168524,0.0038652737311054525,0.30312974221982925,0.10067906360325897,0.44816844212215357,0.376447156354063,-0.07746828674972982,0.0043221561596907005,-0.027116312254201566,-0.11322981456483126,-0.011833047568405869,-0.4931496666974565,-0.010187201276523573,-0.0512496173497086,0.00932671319409991,0.07229946619151555,0.11351499088842214,0.21553007578922156,-0.02977725507317537,0.305096098509665,0.24958965646984904,0.0904117149103785,0.5453286368944411,0.3053423322008084,0.21148648732646466,0.11970606819033051,0.0735339235947555,0.032076033924487594,0.12717232141070203,0.03964377459248293,0.07123894978578277,0.07891552499393296,0.008459521455210351,-0.00044623290540367865,-0.008670518841393644,0.06707600277682736,-0.012250594632849008,0.009900044386315204,-0.013571368449172404,0.07818569609318018
22_3,0.007253795165376029,0.00341019000459274,-0.01968542122349058,0.0069115788757748405,0.028915025601494133,0.04836922745398916,-0.003697752768522186,0.008656558808920864,0.29842109266037264,0.17532760391370314,0.4553804462929697,0.3313197207956865,-0.0006418936083917811,0.026861231496237682,-0.00123127917872713,-0.060858972288462175,-0.0021187469413121445,0.021814868894530215,-0.00923034888833429,-0.046858728495189184,0.01489531743561784,0.005941291073262302,0.12327811910263976,0.23645997821371995,0.0023228482080527666,0.2989010542689068,0.24534863432376217,0.10159634012105778,0.5794915561906976,0.24823890781747762,0.21505796531633659,0.11655889295254718,0.07909206212960343,0.027658635256856103,0.12764127771904749,0.044194841541183326,0.0786074570149424,0.0817689883728384,0.01145023869926151,0.0006588889064065965,-0.0023807237524559504,0.11092842272264043,-0.010727173930638165,0.07594019758859084,-0.013226264325516587,0.017862184583666497
22_4,0.007490357398606961,-0.003027753447927635,-0.02088507472719404,0.006359334192619341,0.02057253598334795,0.050306792398731696,-0.0036626954150488973,0.008605033447035197,0.31593334795518807,0.18367915505096236,0.45719434385613955,0.4018631724217306,0.0006782261169877772,0.024595503361727243,-0.008459965388749888,-0.012184727824268762,0.0010505962962032793,0.04854103882962471,-0.002887704102271032,-0.05466640517403181,-0.023908237940016355,0.07446984467133062,0.11775243819945526,0.23001552677808232,-0.029357263122400376,0.33354876038850323,0.2584043122360388,0.13815912686574913,0.5719859436399412,0.2578407017425091,0.21721074714186783,0.12279569844445588,0.07452577834891963,0.031936636489307876,0.1208536419498004,-0.00443503179509787,0.08915152753526497,0.07686989339987163,0.011882474369911728,-0.0013336907590857233,-0.004222773851361871,0.071205332074586,-0.010451644279758818,0.00909326871514104,-0.013710610890280176,0.0246920767629493
22_5,-0.015121000058516814,0.005425175901879366,0.016048379221334164,0.00522104964198025,-0.0170814031084677,-0.0287435796622113,-0.011154106804736894,-0.000331765926977957,0.28575380233251096,0.1611489445569014,0.4039683803133965,0.21188147781090902,0.04891429008882711,-0.010218453781346818,0.04548434090562177,0.06716708644908378,-0.021027551783452888,0.10337359460920344,0.032864647626444574,0.06626211131412495,-0.04680074700377864,0.05853722263037456,0.09564711080871258,0.19733254191365815,0.005878389890153011,0.3608015099028518,0.24943635608373957,0.05196226146161259,0.5783710160513327,0.13543431238934014,0.260957495384286,0.11367230243143296,0.025276400439215446,0.02974824262625536,0.06967987869584086,0.04476210075407022,0.0761409447820898,0.06358075431980195,-0.020361138766005572,-0.00010700199330258148,-0.003060023995806793,-0.08191965169702987,0.017218544500822334,-0.03227723031335401,-0.006188815603730882,0.0485501525855561
23_2,0.002446278426571818,0.0032295777899087044,-0.011090881820574314,0.008578705467884666,0.021825521394492037,0.05946185484737991,-0.002467142697481406,0.004232700299144507,0.36968674456080597,0.16536799143224523,0.43503733909887204,0.39665971923126137,0.004865657064002991,-0.014465111504486317,0.006062611053562043,-0.04464774444833638,0.007905888636796712,0.040905072567443516,-0.0075552357723557995,-0.036315066882881,0.01248430769888949,-0.0038405753269273382,0.1387818808025159,0.23637360677790797,-0.022103227549722583,0.3277154886102793,0.24162595649569613,0.12072567711458608,0.5728654797367436,0.40534909094789884,0.21378535994509648,0.12037116146908147,0.07603527135168703,-0.08149973652263028,0.1388086801752467,0.08210466678504778,0.06951351268460673,0.09707867011434201,0.011214380919378196,-4.157922186748763e-05,-0.0033248902195501377,0.08057315330870773,-0.006981256271870895,0.01571871734575745,-0.013377397803757534,0.017445259971838142
23_3,0.001338104131525962,0.003510153989502899,-0.01198486470472605,0.008356948481339182,0.02140601346723096,0.05808954113786341,-0.003015892744637021,0.003801675203695978,0.3464117238563762,0.1672667399198942,0.4444710902186872,0.3949129921013422,0.004283431116164494,-0.011066769161823425,0.006378198894386306,-0.04479781565011281,0.0057703936272887136,0.03869442233435946,-0.008527695521102637,-0.04816135748125032,0.008755811934848723,-0.019907561380516713,0.13813414111175887,0.26827453731534745,-0.029111806916621862,0.3188919199967214,0.23799874160516032,0.12011020770811191,0.5969000651703935,0.40409809841648164,0.2131347827552469,0.11862056298481477,0.07449805601473453,-0.08209830590279506,0.13404540531549466,-0.012240577096255988,0.08253693659533402,0.1476683664809591,0.012713311015493908,-0.00022365877154444254,-0.006727921553211939,0.07889918190091567,-0.006922573530583779,0.013594413108967912,-0.013817001514012993,0.009107162703299858
23_4,0.0024207941838726697,0.003097583423609192,-0.011772709391215507,0.00854544761134563,0.02173463601430268,0.05926696370928275,-0.0027591270386546486,0.004096452871915065,0.38473444810747376,0.16984738960586426,0.43076185292882535,0.38949845567234775,0.004567789584748886,-0.011170231865394535,0.005640406575411816,-0.0448082868329896,0.008142739424499515,0.040623665518177775,-0.007845931991378756,-0.04670880427296562,0.012340353373177524,-0.01895860220617894,0.13859889254219412,0.2691537832887644,-0.02344442225145454,0.31649917032117303,0.20874159341277565,0.12018186441644298,0.5777396063634839,0.40588896367896365,0.20800694757628582,0.11921978791184146,0.07639279743645125,-0.08184876691358672,0.1346351165686188,-0.010122003804322568,0.0832204007485254,0.15001146046800448,0.014344797984191715,-0.00010676377419635021,-0.006982908186370427,0.08109803543955016,-0.006823145411044395,0.015706848104993277,-0.012097507290490002,0.014281531715357164
23_5,0.002389720123076334,0.00318098167795216,-0.01680680826478817,0.008643100946193404,0.021764345502968185,0.056086255308419375,-0.0025148370005569436,0.003988629856616176,0.3663129410942143,0.16625373010215966,0.43040301720329394,0.3971999278881854,0.005432747129164726,-0.009858070462957768,0.00659360663580095,-0.04439043505546638,0.006098146812552836,0.0416999617152146,-0.00761481588568144,-0.037906855476388154,0.01221850182137224,-0.003400645455842774,0.1383883012844726,0.2313486467563612,-0.022642619921448094,0.32715970985700227,0.23957553456484934,0.12051174605935364,0.5746834404968827,0.40476056187294657,0.21248023967789997,0.11780547669765344,0.07516233625492652,-0.08162370990911741,0.13699664457997257,0.08200398460757834,0.06807219772140959,0.09373719580911957,0.010555470229458337,-0.00031424272473583293,-0.0041463023264006445,0.08161521142487713,-0.007857788241513475,0.010937915271281568,-0.013565361732639522,0.016402266959704263
24_2,0.016969417270762215,0.005729739750220593,-4.008076916551476e-06,0.010581573689081105,0.02623811330002951,0.04928921389929144,0.004793037929063262,0.0005516523849596894,0.36150129960540855,0.2617080332890657,0.4914636660478391,0.4328348693274765,0.0073583585245070565,-0.014547045394538629,0.03902713086998564,0.0763176170172053,0.006333444147601243,0.06045873876400992,0.008408127019882052,0.08711473564416355,0.046190437276033725,0.03365753805657224,0.1338566946310486,0.22929700049135637,0.003013974485278329,0.3775712980627367,0.2685886464095523,0.07223014307510661,0.5806699241622902,0.35138907073371684,0.25228283371204535,0.17455255987565813,0.11041701803170231,-0.08540601141696601,0.22282137987029768,0.031565487333343564,0.12045145380239736,0.07700014943404414,0.027956726890086957,0.004920552950520036,-0.008970290360423048,0.05848089274241816,0.0005876555907543589,-0.005609150053707009,0.033515439794425145,-0.006573588757893935
24_3,0.019597118596793743,0.012505088692613202,0.011516997194141131,0.010768126884450883,0.026874493448751265,-0.025560831586392954,-0.001355132304322906,0.0017835078719827552,0.44962842096367367,0.2492980401636246,0.49865175979273735,0.43480687225581355,0.013363406830934328,0.019513047053603894,0.028923686384221596,0.04947449498240425,0.0020537542545864215,0.06485816586312915,0.014693678343292178,0.025522088031196023,0.047093335820684944,0.08612098993703513,0.1472450329749588,0.22975006001477916,0.00677109690602563,0.3802364677163197,0.27935130067968766,0.09616507181536556,0.5510059570657803,0.3774577721719998,0.30581606157547614,0.1775681095688911,0.1229870991918536,-0.08882071132423648,0.21001078033520573,0.02992863519598325,0.13799634918663287,0.06370934631563772,0.011371266132217409,0.002916276919540799,0.02052443789911084,0.07382836242088978,0.008473313529824618,-0.003727825978574525,0.008777713157854656,0.032120187109108744
24_4,0.017263125431188357,0.004792297185156913,-0.018502191292919485,0.010718801249045461,0.0197250589781054,0.05718006737190711,0.0011147164458246356,0.000586455910751497,0.3782960407988293,0.2613677556808008,0.49544014301579825,0.42114965876414184,0.03489191708471908,-0.014893730702591024,0.017903185732081616,0.0745365079843777,0.006462210381728123,0.04915632028066014,-0.02300209246120605,0.08168059234756485,0.046505178279707626,0.04010325243491619,0.13374749534898525,0.27672757208045917,0.002982181736820985,0.3721645271545981,0.2687915943184938,0.08306880631864759,0.551394522464924,0.3375470503904737,0.267448779018095,0.14917104737949924,0.10456663962546849,-0.08523042333263693,0.21998342843147708,0.019379567995527234,0.12425642687015527,0.07705704373905849,0.02794577647806181,0.005163323933932874,-0.00837888869032705,0.030252463115918393,0.0014887839103990509,-0.005307884681224495,-0.051663402555745724,0.01476803172602948
24_5,0.018504716687864207,0.01258179337279613,-0.0006516080983979228,0.008766618825157868,0.02372371043211662,0.01644674343106104,-0.002908445886309416,0.0008088513979510666,0.4431563151983485,0.2260080947045878,0.49762951406570166,0.4307780071757235,0.013670726849831803,0.018554412749069448,0.030985786500825722,0.04168966400960463,0.002163137745668181,0.06242021011876093,0.016545135470958348,0.04559809869161581,0.046632236595931235,0.07614254795054987,0.14532114378097669,0.2299963665276912,0.007561641052218196,0.37927796739185865,0.2658090295160149,0.09549149911817498,0.5471863786223643,0.3779959673592399,0.27968474262722137,0.17700479210590286,0.122947410835061,-0.08439447041988442,0.24144000050461029,0.03249558591774484,0.14006331033876163,0.06273197978016201,0.01115430957963848,0.005159569142089946,0.02014605790019636,0.07906750097002939,0.008614377726083228,-0.003929587036476747,-0.00536644018205363,0.03134862354516475
2_2,0.0031298564532119804,-0.0004721330713360937,-0.008959604751753836,-0.0054392449776283595,0.015279765143650446,0.018374034346928816,-0.00523254753493807,0.0018020044141251327,-0.014272057627203391,-0.5169835701038991,-1.1491208467682172,-0.7436262554023936,-0.006994098208625619,0.00559015035166645,0.004920773151182764,-0.019647667283766528,-0.0015182581732900975,0.005038342178865228,-0.007994929293190827,-0.02484096094087484,-0.031536073125659016,-0.07916431927062142,0.042028178127476605,-0.6037914838716684,-0.016571492952250706,-0.7727672827595046,-0.7068045534556227,0.06827773727462177,-0.28814299130182874,-0.09955570961654453,0.13705827903958812,0.020594650776615542,-0.02110016563955268,0.026351215221317965,-0.2594504338375103,0.07410196858534526,-0.1250638594563599,0.006527497139678253,0.00871077637057848,-0.0005517840069420271,-0.001480206016697339,-0.0071268809210306835,-0.007166334902589299,-0.00317629688987592,-0.016288727521441962,0.01921334350760267
2_3,0.0015697481642084118,0.0005800752440090946,0.0017007963528850637,0.005425077371962652,0.01564823414283988,0.012705725339092755,-0.0015916064233769981,0.0011407835675786258,-0.00867276864827633,-0.4956533640437025,-1.0656909760771653,-0.7485810409918338,0.0010679303319154243,0.009425351919968449,0.011093691645961454,0.038439932598173986,0.0023423889390623317,0.017796652962191482,-0.010581210946251318,0.03867683253105011,-0.03975597847634586,-0.03273641311545261,-0.08151496414412145,-0.5986579162477778,-0.03162663566965962,-0.6898409640167295,-0.7911287867554099,-0.027530755402536484,-0.2781570792483662,-0.10258010559485004,0.13615052893633198,-0.010834777340917565,-0.029027154838735955,0.04209764708679296,-0.2340328710057486,0.07838706171801806,-0.12247146975276177,-0.04325507455448059,-0.0016839145693657014,0.0010411155029433517,-0.0003497510163196337,-0.01676374075833673,0.002626837502468039,-0.0030316983688292685,-0.017805443350200234,0.02036392603685443
2_4,0.0019719688809288604,0.0016874955036076554,-0.008624943901503843,-0.005082382290301283,0.0144674857323157,0.018383803817817755,0.004450042780160464,0.0016399908399970715,-0.008661157196346555,-0.47164394495020834,-1.0701224134108158,-0.6727805854435212,-0.0020668359580395274,0.009470384978055949,0.02460143309421841,0.03084589816912682,0.0018061631126496502,0.012034314908726243,0.011672247594575219,-0.006581988090868784,-0.06163432755043999,-0.0771448031854465,-0.14552412932313524,-0.5436966210080104,-0.017811606581913608,-0.8161026434010793,-0.7370144838402587,-0.03856562432073488,-0.41328576962248637,-0.10245078094732868,0.1406477851407865,0.000496529709535689,-0.02759205050933456,0.041806206884650955,-0.22493783134318374,0.11761938352919238,-0.03547412092336476,-0.0464820717809213,0.012041032896035196,0.00074968892202032,-0.00019773862363004583,0.002490015695395017,-0.002060507186391016,-0.004716200321163634,-0.014148912315594852,0.02080561678813484
2_5,0.0006944920274517385,0.0014691474125795283,-0.007975685570281695,-0.0037844893999782977,0.015925804272063727,0.017778051023697717,-0.004683604206890715,0.002072264606702231,-0.006365847194329822,-0.5199797366650157,-1.1404839630002415,-0.7442514443015675,-0.006580343776500945,0.010443888652074835,-1.2689587722463334e-05,-0.011449164299063614,5.0780897262870535e-05,0.00625384324369627,-0.012522932880625236,-0.02494935568466109,-0.028988213364611205,-0.07752297665833459,-0.003018389464839015,-0.6073763671245914,-0.03379148024409147,-0.7728090447595919,-0.7016063502116439,0.06916697820979241,-0.24948877643744946,-0.09096333063592567,0.13862245476126592,0.01958095251871175,-0.01948978548166521,0.026403676254636747,-0.2574559085984399,0.07093220535360241,-0.11938923188068623,0.00728139256451264,0.00934084462210006,0.00046187150207304794,-0.0009464090534286842,-0.004708905775761527,-0.006537137569940728,0.0008560775071388338,-0.015555337916905623,0.020252797043284827
3_2,-0.008970423944799726,0.008508729776294416,-0.023651756533727614,0.010875534669364272,0.023487813921596785,0.045409861151634465,0.012225465364147764,-0.0006893063939663428,0.179350871811475,0.3372142780567592,0.496696777366456,0.5011899319386137,0.012865866491745719,-0.010049062104124191,0.04989834364507982,0.11084033892939653,0.01111538656609585,0.05322642585149545,0.012781035682554183,0.1395350898171141,-0.03800347701445261,0.0765937661394305,0.09287368303130428,0.3393182859084341,0.11560985494145104,0.4117890783359936,0.41874921712707214,0.08905852052264454,-0.19040684994023793,-0.040033475775322694,0.341243541566089,0.15045938812381882,0.19746169093231275,0.06884364374889845,0.17465114027586034,0.17225124393306607,0.10105868713974427,0.0536486783508592,0.013894928480669765,0.0033304055256071644,-0.0046546649891055095,0.06224051501893993,0.0008553121665213533,-0.00669265054307016,0.053229833434656586,0.11664454543444852
3_3,-0.008752771892228832,0.006785206543833753,-0.016102588343899923,0.008509142550221477,0.006951722879047314,0.04745670300200628,0.0023045783596913894,0.007125298486405887,-0.12248435809456776,0.29989625187887425,0.4299718430057836,0.4883838565525295,0.01475844367491577,-0.010823890919673238,0.12130515933295055,-0.01809673581060811,0.029065232727466087,0.043385118199928206,0.04152364198103595,0.024847433928539067,-0.03670683310875919,0.09307479151667195,-0.04938639108955986,0.37599285664691395,0.11945697226271418,0.42138941234816285,0.37668602553936514,0.0020438374888348118,-0.554358952640498,-0.016761572344853152,0.3277549843804977,0.2030895917689221,0.17693576830028898,0.2671810617113358,0.0065941432475256495,0.1793258242588977,0.06527614169787878,0.09160065237063016,0.011935087886706759,0.0009502679302136065,0.005206214320790378,0.061472630168518276,0.012650350145399093,0.0012570330592049242,0.005015134027721895,0.13754186340205002
3_4,-0.0017540927375937414,0.0003313537345195015,-0.007298140418516741,0.0026978019975205593,-0.02040482428294079,-0.07040180297040584,0.006197885241282902,0.008028691637241705,0.23726715144845661,0.24520860072424247,0.4739925600035205,0.37637047248066974,0.015944567786506204,0.021584356957520062,0.05785691110873212,0.1373439092853633,0.0045088117941369035,0.018194731326921062,0.014090645799964201,0.11287858999976136,0.015130863605137547,-0.2706329341218971,-0.31683531010061483,0.2662444495415837,0.03828628120047477,0.42799827591938333,0.24370165018050366,-0.17555782438959097,0.47366410061750397,0.005576678940213706,0.5545296711700174,0.0410770818998021,-0.05144948507566734,0.13380860506086426,-0.14984333166869207,0.22417528501315323,0.015502905409899816,-0.11722157758983728,-0.013835980907117292,0.0009868655521805753,0.03454851273043147,0.01653050569648596,-0.009219020472019215,0.007961616859162747,0.076296800735043,-0.022921686753677124
3_5,0.00010699756913425769,0.010561219300031448,0.013820247308477692,0.011106622861140942,-0.023693676775937842,-0.02469204510968179,-0.009123981559029099,0.0006842505659434324,0.27670753756625033,0.29942002340883983,0.5063891652655063,0.522743779580371,0.019340414595646827,-0.011294109463569207,0.04958901952255526,0.12666094562362248,0.01240134592302047,0.05373438154366446,0.01952956414914072,0.0047855615877295575,-0.03609086172522868,0.09670765945649913,0.1402834779063814,0.2857076825647827,0.1657239544560705,0.42396181744150246,0.38456409211573134,0.10551600342912128,-0.12560971928515735,-0.007215949834789035,0.4777664713242026,0.13245327794887843,0.17084714125620717,0.0564792771092227,0.23658511115417064,0.2237669470570101,0.09993411258594175,-0.04509756332368852,-0.0060288499598621,0.0013746075360110328,0.018319486176654777,-0.03372250618017598,0.023503354093767147,-0.007563949855862436,0.01793894181857284,0.10048077238982647
4_2,-0.014819376380935697,0.009544647974606546,0.011894445844360942,0.00872586672760145,-0.018010126536468007,-0.009208334518549938,-0.03209157412497969,-0.0014319208902740085,-0.25777035519594754,0.28622610451901737,0.41654039146925803,0.4979294608822986,0.018751707270615287,0.04917233429706837,0.01915528097152376,0.00516543446403228,0.0031689511000936492,0.027786051715793497,-0.01975758937090331,-0.026815001622113387,-0.03748449629655242,0.11689775450280933,0.07740765216152971,0.25829019273382975,0.03715255389539182,0.3591664806160756,0.33613674989033004,0.08807707232503136,0.4464883934748572,-0.047409667662860436,0.5140494681835821,0.14363273004447547,0.15645404278150105,0.08533639093293538,0.19162899849610174,0.1431002892636521,0.11013409590520909,-0.10949674362565784,-0.012494755368941447,-0.0008567634385566803,-0.009352110498298349,-0.03077527515002279,0.02399399493001629,-0.008166032121577611,-0.008939218004512221,0.10826958098314152
4_3,-0.01209543048260071,0.01093382699828232,0.012640583115158349,-0.029577531838929045,-0.00751919608341072,-0.012885516960098922,-0.002614103984100224,0.005229766952399691,0.21978091059238256,0.31993815013839716,0.5086146534744543,0.5068834941026256,0.023079107082177336,-0.006002534304103513,0.047223993570869593,0.10790290572540287,0.016336545419485836,0.05431818019590421,0.053496720998574665,0.04377328948267373,-0.03809637976757322,0.13034810530535787,0.10168784929993549,0.2828086444850074,0.08417532206374963,0.4109766454437943,0.39506220265304964,0.09574763703625655,0.10017558175978412,-0.04387094450956674,0.3659129419513296,0.1277922812297745,0.16205414371951257,0.061980676737917156,0.1840805667066418,0.23585916435165347,0.1006285090070163,0.0618902962449526,-0.008708586287098075,0.00600155730605571,-0.003631050151133507,0.06498836638302696,0.025463948807501195,-0.007054051381553695,-0.02129773095710723,0.14585280171069004
4_4,0.0021580810957321267,0.008875162059777952,0.010667896073701775,0.008131407976449264,-0.018358968128685513,-0.02841220467075326,0.0102465067526938,-0.0003016284618055936,0.2574869760420435,0.3052240661656535,0.5100291093939473,0.4761114211213497,0.020755555478558882,-0.005800519699398534,0.04996085965564841,0.038900090045342214,-0.0019914578257214884,0.06098084513324316,0.028377979473579052,0.04046711829620506,0.03776451459221077,0.13958488498974161,0.09995209843024609,0.26417432725391005,0.07250162133438062,0.40170112582083817,0.3403296932183161,0.09875058747947803,0.5081019898113365,-0.06561606413949769,0.5266486624695786,0.16323508346832338,0.13777240775208663,0.06490646881502027,0.1934264139044754,0.12564638949990198,0.11006301635648712,-0.07781819945324721,-0.013168570110369112,0.0018861358680582311,0.019484018971271718,-0.04090760110539199,0.020304464008773455,0.008214499669378927,-0.015900927826703538,0.052430087889722754
4_5,-0.01277647578761263,0.008837631756500078,0.0126287323197939,0.011973660337869431,-0.026601676513165477,-0.011144664329692407,-0.0010187272203239122,-0.000549257051863979,0.20152908354856927,0.29663365104355377,0.511827898200748,0.4773437410375251,0.020656131057384546,0.05472304325768382,0.04906641117971159,0.03483055191956365,0.0035032166441104277,0.04958910818452092,0.014358482229469356,0.04537200425417345,0.03679462730247967,0.0960152229303034,0.055135218302965666,0.30781325065228743,0.07207100509868206,0.3761613313065617,0.34681201419646085,0.10203990901763033,0.45217993650365185,-0.04520727756283973,0.3351081330148713,0.13482560818650371,0.18116355556496713,0.059153234674099775,0.19294925467754376,0.1851711316481834,0.11656330322702958,0.04237593456262848,-0.014001557934058943,0.006176395305404045,-0.011171772332295968,0.06317419276298072,0.017426248740274736,-0.009668633699444075,-0.014479931292582437,-0.02596967608788746
5_2,0.003400475177676112,0.008321335225476971,-0.005146751877803525,-0.0032588158076974683,0.027262251678597953,0.02784096483486545,-0.018405184596596503,0.0020816736391114335,-0.04553551547225408,-0.011483051448777997,0.1673909267304352,-0.6028679762121334,-0.0032359396123328313,-0.005012347115176298,4.106791678969244e-05,-0.004707905537769094,0.011515278131199597,0.022974447731013203,-0.06128013299193872,-0.05746188045107455,0.01065727244156885,-0.18600580154474503,-0.40399751135489437,0.05470861029283431,-0.06482902015540301,0.031215055618867633,0.17398350906040813,-0.48353704388618723,-0.969962419953123,-0.12130050386186474,0.19207638809889907,0.047876265653337996,-0.02459143934430979,-0.2167156591594184,-0.5635580266621568,-0.09097182598326876,-0.7001171686584515,0.014681506608649664,0.024547041435060094,0.0007966957417212633,0.0011414379847568053,0.020202122782203475,-0.005949127167149421,-0.007389125700108114,-0.06251261688213083,-0.06822655798355136
5_3,0.0035404937382728266,0.0070009227618395556,-0.004616930324601636,0.010602794343919607,0.06368602271731462,0.02797491400071725,0.04066045449863729,0.0015457325992182694,-0.037589099745472504,0.004232779212153016,0.16130842002824222,-0.6354122707767366,0.0003745607106137145,-0.005215632197607387,0.032809341332576465,0.042995515207887566,0.012979662381763298,0.02005738170298352,-0.058214303413969326,-0.009816938848818606,0.011070081970977206,-0.198012031153696,-0.4042525395049169,0.052568972781273336,-0.05602373438891388,0.03347955996440018,0.11779413123857845,-0.4833202137369401,-0.9403218950881003,-0.12096908765755487,0.16320526633388405,0.03996900450235338,-0.031008079572172744,-0.21602690816888495,-0.5626445339541496,-0.09124723295109236,-0.7027535258417663,-0.031718649906090024,0.02435235437101333,0.001159270951875118,0.0009901701590487495,0.007552315692659211,-0.005954261752206957,-0.010915591587912603,-0.07475875230397606,-0.06399376973992142
5_4,0.004494015343000432,0.008387986925699307,-0.005882953509642125,0.0008038653368613702,0.021104824666231328,0.028024357158955425,-0.021696742624710372,0.01401794070976716,-0.0492442019642155,-0.004292639246833331,0.16538774232932418,-0.60720404619903,-0.004194090102090002,0.02187954117400449,0.0011329289061351284,-0.010261427850105566,-0.014569396860017196,0.0008503780405504415,-0.010753635486935087,-0.08442626873019715,0.016612848053393282,-0.18285543930865078,-0.40324875264862964,0.05781563378783019,-0.065537505309521,0.036871095220804895,0.16206253066354737,-0.47346782898243644,-0.9818918564053728,-0.14768575599132708,0.19330887153048523,0.07420357544315988,-0.01752244229158994,-0.22370641260347898,-0.5693751744567935,-0.09066034518500196,-0.6580116367361681,0.014805930546612613,0.024768162964041388,0.0004865625493159667,0.001061992273538305,0.051837750376225046,-0.006558206172968151,0.0019277310798266026,-0.03015303363731519,-0.031166345684841917
5_5,0.004213735290971059,0.007558049544829689,-0.00434273795416173,-0.0033102036531596235,0.03659715157472793,0.029021832616234818,-0.018743681842139478,0.0021129307221356085,-0.01971177391412898,-0.027956297868619615,0.16651006380536817,-0.6108905112903115,-0.003474210456730753,-0.0044233110583060484,0.0048294302821958734,-0.005208928091383813,0.006703973268878696,0.02165909213801212,-0.0032322472703748073,-0.036405065785314696,0.015061791723803165,-0.18539322874752298,-0.40073062966537515,0.07582295026350207,-0.06473298364476869,0.07277000726981653,0.11532313372182451,-0.4827520921764721,-0.9751636140900518,-0.12384061775623136,0.19314087542293543,0.05082306675950005,-0.026503503718798956,-0.21517104042004326,-0.5638527061522342,0.10622921867317031,-0.5987591915453158,0.027600650935639934,0.014750174611337524,0.0008265226258921967,0.0011417965919834916,0.05436455501652957,-0.006040748577611988,-0.0023290613383320814,-0.043325597115173836,-0.030713521639976222
6_2,-0.0027986676417498194,0.0018372144337330562,0.021947248752292967,-0.0031185321077378267,-0.011220764274905108,0.0066143234227372194,0.0244352224625039,-0.006768493671885187,-0.13151879324705462,-0.3627096097782576,-0.9874244257890183,-0.9377557773598054,-0.007781430724533642,0.006776324125318596,0.04368794344939831,0.0640872715957976,-0.0028956899689073523,0.0034412534895452707,0.034068509260571235,0.04150688202582931,-0.07024100642368865,0.030827863587979964,-0.0773622632391021,-0.48622884019728996,-0.033956724788272975,-0.6841484442051501,-0.4963310370262258,-0.12233260401087666,-0.46530001225140916,-0.09635549871152015,-0.207548354263181,-0.007066124665755287,0.02613013631134525,0.04062236615151374,-0.011030264127265727,-0.02161420682467205,-0.04092442958149285,-0.03332181816683219,-0.005258008004265359,0.0001484075486736437,0.015698030223597476,-0.04182126291863397,0.01075104038787156,6.462758138676972e-05,0.01684165883923397,0.03303591248045383
6_3,-0.0017686438266499797,0.0017813435932782541,-0.014922226105202146,0.005177645188798024,0.021045966103934888,0.012099604010452462,-0.005226437696790312,0.0015811697368995155,-0.11814333525234885,-0.47960481153579293,-1.088388339813535,-0.9274667690223205,-0.005467733448430117,-0.002875170982469918,0.004865531461655241,-0.05087682622023579,0.00992793488833378,0.018173536155065298,0.017192365347913026,0.022593234200237677,0.009353472341973331,0.057846218111305206,-0.07370731733987962,-0.4792124874906157,-0.048238456171455044,-0.6568321347557163,-0.6343546017733849,-0.018843450497842577,-0.5076879511966286,-0.12883022986481354,-0.07693071416203613,0.0166236907374372,0.023504870666257494,0.035314036358359224,-0.0680331328953692,-0.039124118746524446,-0.03262339152021551,0.055244750145542316,0.017544586783074842,0.0010285236995850673,-0.0027103231966195598,0.05011765821440683,0.0013384910028838685,-0.0050875913901801545,-0.023521623626757287,0.02373535227966494
6_4,-0.0018888595393905475,-0.00010844508812361865,-0.0040731203234520355,0.006276040654134313,-0.0126959653071124,-0.03213566974606337,0.023962706132937973,-0.00013983413860018702,-0.2014813079832214,-0.3842796325632622,-1.0217604749397713,-0.8584418226730728,-0.007431905974614354,0.006147044481900555,0.023649887550751134,-0.05019917884195707,-0.013196680729793972,0.015062993256321672,0.004952158402184776,0.05160717636329607,-0.04464618112151537,-0.07263873958458018,-0.13888501470180492,-0.37349919165136597,-0.04525695696869476,-0.6245194068098048,-0.49379524153657756,-0.12879976131873752,-0.4725161010721011,-0.09414067083170907,-0.07978978659774139,-0.0021231210946161655,0.014990542150946501,0.04134505561017511,0.006345060445300676,-0.03916088266165972,-0.06786403330428391,-0.05801884078393106,-0.008247925966393246,-0.0008408841008967465,0.0012771872122542538,-0.04044012465628088,0.011512108211097003,-0.002534819578786895,0.021051570275761954,0.02685642485741402
6_5,-0.0017587821189419695,-0.0006789128548239797,0.01743622673669595,-0.003126514271930855,-0.012348885233809975,-0.004340211030657231,0.024215981672484715,-0.006294521612236698,-0.24237114868556955,-0.3032754064742462,-0.9885742403938462,-0.6658066412408941,-0.006229066223858543,0.008505537477558979,0.019901125114500012,0.032201097283426613,-0.00392478994974019,-0.07970450239296209,0.10342844990623437,0.0391076035802366,-0.04110830197767411,-0.10800602562969808,-0.1394503213195423,-0.44728420307224487,-0.044118742714935086,-0.6542270288606027,-0.4527689088763938,-0.1332229878509157,-0.4146723436012971,-0.08532145035233028,-0.17485475217582475,-0.001611446309475394,0.017426977491139927,0.040436621879451934,-0.04566880863488005,-0.025527150949334228,-0.07514980256848545,-0.053532915342724495,-0.005304300596321273,-0.0002798739362550845,0.015359373954041938,-0.032091116494548474,0.009892849112948635,-0.0017640096177950193,0.02222967438507599,0.006442383191968579
7_2,-0.020297198102551373,0.01290633587259112,0.00915075971070175,0.006949466942282687,-0.03733409138267338,-0.043955955526314865,-0.005723295229774574,0.006685860003910927,0.4103549926323287,0.3392227410800108,0.43995827990855907,0.4557250618105782,0.0022629075916853368,-0.011667664572586252,0.015103072497358287,0.08133307479128082,0.03775150328952233,0.03315741206953654,0.014411458922740136,0.18894707447460776,0.010489227554022382,0.05298585853739065,-0.12174313667709363,0.15948604343026065,-0.05217018840836613,0.5769493712052082,0.3756260565383524,-0.271980252704879,-0.7328137517458065,-0.06740209746719399,0.3289780034924167,0.1277319444394414,0.14818752547463823,0.14472379407746244,0.07634388268452055,-0.01878904664577786,0.027710900905508103,0.056818935694098585,-0.01739488505845023,0.0008134417136722561,0.013653703430201404,0.04619955608007043,0.01764550404911666,-0.007737827980384143,0.04302773510140929,0.06953033680397094
7_3,-0.010970881408713516,0.004244683390768365,0.009114517565012291,0.004854968594665778,0.04601093709478539,-0.037378826074073696,0.038667481985510746,0.006289976733505969,0.22865275920233852,0.33519794440335515,0.4847723071406702,0.4726180439441223,0.0037379708638878746,0.02179592440799275,0.10960388317664768,0.10120972334780638,0.0077074276287564065,0.03246502006190958,-0.003196042416281474,0.1768578350326221,-0.04449352855633411,0.048952915539060886,-0.15522207359833337,0.3256389192219437,0.04834015701130359,0.40601984971343275,0.3799334700885425,-0.2644693069574916,-0.47051408274284867,-0.13608009528366904,0.3079275432086792,0.11493292918524475,0.10693466071586166,0.14274747528694853,0.09413350805482763,0.13495322348448274,-0.006183229334223784,0.049768977954989184,-0.02665052721415838,-0.006533123977328792,0.01437806127910459,0.04506610324308098,0.0219301705510823,-0.004696940404259752,0.04266067267350574,0.08735684668285264
7_4,0.008944237587855208,-0.00015619093754189417,-0.03203860189331661,-0.042596190014401236,0.02750689899961614,0.03966961271816949,0.005731526823276287,0.0070584849201378985,0.2310200333500507,0.30354217671466993,0.4466833255086815,0.38554567467651923,0.047311797510958674,-0.014910580478393422,0.011296826964547384,0.09436874777231581,0.01104909355494423,0.025247254526674343,-0.012474419175343705,0.06312086086236175,0.04278844135837896,0.18389453990448626,0.07117937361165916,0.3226924448535874,-0.06712750728489653,0.43240197081629245,0.2904048481870312,-0.05235689541257571,-0.23739091613662278,-0.1406889770906161,0.2781431381432617,0.13365788813048507,0.1315860225424535,-0.15606382499415913,0.10043269030638226,-0.03882222876652157,0.03956892336863998,0.056362099947393766,0.07057029659322903,8.351203927475773e-05,-0.011134443604611709,0.022577883365869668,-0.01252453167679004,-0.00508367055702092,-0.04807081278215021,0.057922658310274995
7_5,0.008526415656060113,-0.005164559979221554,-0.029253726040805488,-0.026179771119739098,0.06666173881490485,0.0403591493881163,0.033553551157906585,0.00795263133878092,0.2831178838121939,0.327491217166698,0.4518937566394454,0.39301263804705555,0.00669840977835408,0.01705519091028137,0.009541220606335422,-0.01263176764700623,-0.00525448094093973,0.03954814718980936,-0.019551061027746963,-0.0515500364699254,0.020491709912342355,0.19340564872186428,0.0647385071499896,0.27392710285992095,-0.04219033045338568,0.39422736669088587,0.3017570655526281,-0.03630301938297913,-0.26577135259541496,-0.04819423058029923,0.3160311236718974,0.1511929073861453,0.1572449191683203,-0.17679686022943375,0.022616985778636658,-0.04555737484791203,0.05616019111211315,0.029902487589340294,0.07038488672617066,-0.00038474398232488815,-0.01155317358934027,0.05311075428793981,-0.009781158610443536,-0.009301400113979435,-0.014489209047404871,0.055629267191639346
8_2,-0.00029979968714820455,0.002361111502339381,0.00328634830907446,0.008713550534283429,-0.010983971939500792,-0.032624146176198285,-0.010821901810933315,7.448960397277767e-05,-0.3706036023581959,-0.42628938629511587,-0.977758281841911,-0.7301668763964044,-0.0005022925685759694,-0.0013885009563799407,0.016898990776919094,0.025827493158963023,0.014173077889522758,0.024916401087535324,0.0039035648171025653,-0.015452614615966757,-0.04038935586759829,0.03802037111796558,-0.01900146491702012,-0.37832770879624766,-0.029058601868945176,-0.43327377895408903,-0.3765435718814392,-0.05395715280002552,-0.42044732891610254,-0.14456500696962585,-0.2698151150368239,-0.26464623418277544,-0.05351331664815303,0.030380930651437606,0.0007075309777020308,0.07552762950243808,-0.04786547842495074,-0.024500391412151486,-0.004792187435680221,0.0004945796307753411,-0.0013231739483240482,-0.10278691827500015,-0.0025753563807794657,-0.00842113949745979,-0.02312064866841535,0.042940794229789477
8_3,-0.001652843634397468,0.002418334251955639,0.0012879572673893374,0.006771709705310255,-0.012769228212674733,-0.035560184768906905,0.02204936869191184,-0.0005517346238804511,-0.26294164487518684,-0.41447247512130936,-1.0241320819174584,-0.7838756550336746,-0.0032012348799859516,0.009852464195421412,-0.0025202799439292076,-0.019544298441676874,0.0016641391953003213,0.023013491614356445,-0.021619295458111937,-0.013728255829372737,-0.04069538939469929,0.03468699208666327,-0.022699210206999703,-0.4277493592003202,-0.059908314292830125,-0.46146885494986806,-0.3238265129524849,0.011203381700972353,-0.42350411000289806,-0.14829388096633508,-0.27102002273317416,-0.32792652158510993,-0.058436615430770916,0.036391749724581285,0.008836646906201942,0.08409072851301855,-0.055034193213244126,-0.049750281413914854,-0.006296767697425023,0.00044696916256641033,0.031777533426148134,-0.10290859496096581,-0.0043331331958103006,0.009259136147860602,0.005108009963856256,0.030452158867688886
8_4,3.605619683859189e-05,-0.036445103570557066,0.01301914650425716,-0.014917091364973599,-0.027569642441500217,0.016321037114880792,0.027728053755168628,-0.002417253592348079,-0.29280188507160637,-0.42852762694903457,-0.9708739635926116,-0.8052297301413555,-0.004102582526667759,0.007219453714835282,0.0365865823281453,0.0336435192587609,0.0029730866617148043,0.025840205302153904,-0.010170243213263989,0.021217018080476463,-0.06997531697515434,-0.005416437810085765,-0.004136125112015109,-0.42136444799899503,-0.05784312032114458,-0.5608009885906432,-0.3213800444532998,-0.023937399260687286,-0.27579087241687705,-0.14698483886120373,-0.25044733582548434,-0.36989812758459295,-0.1539303843411131,0.03694091171513388,0.015441495459989248,0.05045894611911367,-0.05763022632925498,-0.044830310871257814,-0.0033884375101271643,0.00040771219288315787,0.010397001568720888,-0.08468683823958562,0.01626665632487797,0.0002664970902651765,0.03445095412376999,0.020578142845144802
8_5,-0.005822830916164099,0.0009650079331146491,9.113844569812708e-05,0.002682266959165589,0.018921922482366946,0.0041993826054971956,-0.002161142309354402,-0.0005658224889766186,-0.2779800209085417,-0.38960861269404473,-1.1711363714016747,-0.8932565225089782,-0.007534925537818512,0.00781110782041612,-0.014976084111425916,-0.0321029246677974,0.0001875859128808778,-0.05682716367616277,-0.013775727318374502,-0.02889179664841742,-0.044278369998501495,0.03127425110019664,-0.035676159967404406,-0.48819193700500835,-0.03848612878434752,-0.4140429328947533,-0.5390955297816855,0.030214490151910675,-0.3746899026507998,-0.1183416555648197,0.343438865251573,-0.03003737312181392,0.02785291770864217,0.04153833027184008,0.007481822592093936,0.09401106795932358,-0.04505674557094239,0.047044627738774374,-0.00552708110317697,0.0002949478671045383,-0.0017467487317270986,0.0476942520108788,0.007912581405056851,-0.005978766247437846,-0.012722526291604162,0.04294505602397505
9_2,-0.007458455838966359,0.003824030435959537,-0.01726276287028828,0.007832127596330035,-0.016798616172738208,-0.03283719683779335,-0.013713018035983423,-0.0003220346993335131,-0.44755588723894324,-0.476321864158966,-1.1082775880925875,-0.6913146547046004,0.0006067207145250535,0.01998955428453206,-0.057893621499766464,-0.038848771978967495,0.0014455770743500968,0.013571891698312558,-0.05879576189420603,-0.0422330522037549,-0.10977257061028896,0.053394213469639795,0.01798530113725822,-0.06310729207245636,-0.0031704159561157276,-0.3118479596369922,0.12848181363600872,0.013002151296606293,-0.11576379248393828,-0.11062093535330805,-0.2601694166696681,-0.5373568853795763,-0.3441894956196311,0.024474447941154456,-0.027445011498884193,-0.08133110474214497,-0.040264980149771486,-0.05950721005323485,-0.02340740255207466,0.00011566027778615289,-0.006433606562515547,-0.1476790419735781,-0.0053660864562189116,-0.009987810547325025,-0.020004229743011824,-0.0625788383021548
9_3,-0.005401579678105693,0.0030335644153833925,-0.051159284679606426,0.008833713073186525,-0.03363880559281115,-0.03900903584454571,-0.02417382593830191,-0.0006019686481761658,-0.4558733836014502,-0.4180710470051785,-1.1171117127829928,-0.8493750917797612,-0.0014326404924275052,-0.005503560212616593,0.017873909212732447,-0.01997853783042856,0.003355767108829134,0.03866658371024682,-0.005012409938264467,0.02752990145901133,-0.10994923563893808,0.05090475805921003,0.03463164451170097,-0.016116927714330563,-0.033257096699386174,0.13137989273748196,-0.2998442507199873,-0.008669352655019454,-0.30912847337579297,-0.10701148493600858,-0.25269427566195735,-0.3664828337646513,-0.1718753799641913,0.039957405113655385,-0.023888007379059495,-0.06053403745604595,-0.04484246605833347,0.10067331508340355,-0.019297024153771155,0.0005179004712589474,-0.02128304456622812,-0.1350637356216195,-0.0024210183538739736,-0.031248573770244113,-0.00834236730000561,-0.0710404669814143
9_4,-0.006534090501234964,0.005224235455160008,-0.016549748666868553,0.007124738322158781,-0.023828842929134314,-0.03060555073685155,-0.006777290016396516,-0.00076683756114987,-0.49602611826634274,-0.42935182434579905,-1.1274460537582423,-0.7125645783437952,0.0033873023339067838,-0.01056810410484006,0.0034920163186631745,-0.020050619605492967,0.003813615578642132,0.021570643888253967,-0.010783673836227529,0.08496451965997247,-0.10995163701430993,0.044320230738024,0.019120065545252724,-0.07318981167140047,-0.019224555899814318,-0.32337553904193844,0.07828356193591657,0.004947648550384192,-0.2031223370200041,-0.10354145169756372,-0.26494210614169833,-0.5535881109963218,-0.1279274134106285,0.019554876268762313,-0.039214143032821044,-0.05684886803040942,-0.04712728817068347,-0.029419186403482508,-0.021310854847432684,0.0013510059344610578,-0.011086923125442478,-0.15135240934288113,-0.004639367227303749,-0.009567105883764745,-0.015306751485527594,-0.0758470088841884
9_5,-0.003921190596129909,0.002224350490759326,-0.015575534387079835,0.00773392395812878,-0.014574550003939292,-0.02868184830061066,-0.011576625881639675,-0.001063827834884984,-0.38240178777235173,-0.44948670777897803,-1.1123462826117232,-0.9163388508130406,0.0031823459138399235,-0.005284324853626973,-0.031026924473364956,-0.017195940357133708,-0.01801956780307377,0.03938381502786264,0.014527039111731688,0.02215778706552805,-0.11073593303180321,0.03904738483782026,0.032256294818928534,-0.06351345242729704,-0.021383018812480413,-0.45612647452230765,-0.26740617614167506,0.009764120154100147,-0.1598724104441748,-0.10514938618743912,-0.23177219793111015,-0.291368432613262,-0.14686051892387494,0.02798907435365251,-0.004575285459907029,-0.055621925269137604,-0.03938618834341551,-0.03299602698622349,-0.01835879402214786,0.001357434442859013,-0.010865049993177014,-0.15024801905280388,-0.00246674844621487,-0.009523197179389674,-0.00966827850094271,-0.07913405170742015
