,0,1,2,3,4,5,6,7,8,9,10,11,12,13,14,15,16,17,18,19,20,21,22,23,24,25,26,27,28,29,30,31,32,33,34,35,36,37,38,39,40,41,42,43,44,45
10_1,0.009512398079397735,0.005327234028396184,-0.0045547839932114365,-0.020802892581793242,0.04387683401327214,-0.024160909182502306,-0.02735025679826109,-0.0034346109757353374,0.02425449362605437,0.20245372193102673,0.09173221756062071,0.24336308357275035,0.045434405143173075,0.008529866445877922,0.016907842208085395,0.015599075211744888,0.00224454340044133,0.026061415692712888,0.017967260588199075,0.014526837911332266,0.15606300935659284,0.039610308089159385,0.057783308765431106,0.140073608413371,0.008204871937459838,0.16782062718474514,0.04884743077388969,-0.05051193545234884,0.02095103627476784,0.012105267421347776,0.15355263148768167,0.07001611296180589,0.08513601456543149,0.07163307891694042,0.06555813007813026,0.04546581249066829,0.11728930981236005,0.05408479217698992,0.030155195074821117,-0.00961909115415735,-0.0054110367873545845,0.008091902787546837,-0.02779253603820314,0.005623958162709028,0.002825198006785179,0.05436241770621962
10_2,0.0012817969170371797,0.006199044362085976,0.018573935827396953,-0.01040135504136152,0.01851256422171223,-0.027513267363597018,-0.026458339650268052,-0.0053257699869865205,0.027550940423336688,0.21872288919380242,0.12324812168633296,0.26045197424095723,0.037524046530150436,0.02192917735696143,0.017717422413625977,0.018264601950841994,-0.013780902299045767,0.020057956423801922,0.057924200602632855,0.031634967647981904,0.12445571359401018,0.03549460663249481,0.04245284503695768,0.10102741789094606,-0.03311799359923914,0.17183216662268808,0.04324256369141549,-0.27869000138906497,-0.01347092387238142,0.016292423371561893,0.14864861117442252,0.07408978174388957,0.0931751525082809,0.09510518493820924,0.07665190344367115,0.05622517199597284,0.12821347216562648,0.051668392935896014,0.0229115330967075,-0.026959780872567892,-0.00859806541447392,0.004834560515787429,-0.023851529062813844,0.013272493813540976,0.00815146332459246,0.06617915536515144
10_3,0.016579847554073306,0.01605157729351511,0.015749604724003018,-0.0037947995536823185,0.037760434971561604,-0.01810348588388598,-0.026574238588714345,-0.006257953309937771,0.03276171889174887,0.211876391752888,0.09173188314794917,0.26856888677205076,-0.33840227073703,-0.046387114660745334,-0.08737979696015295,-0.0851710255751283,-0.0668045631825728,-0.10037615892110441,-0.059193406344616714,-0.05865082157709348,0.1668094392945537,0.04870750628755209,0.030793090093390155,0.137049798133932,0.0384888542801107,0.2128597309210278,0.039831148735443245,0.06940251583413677,0.11634751583872835,0.007488153300159166,0.16064318763642435,0.08493205114198173,0.09948760946624526,0.10181537438070065,0.05231929798964787,0.07616540403203219,0.12336085700255223,0.07709440500253349,0.05269047935008911,-0.0013243291693213755,0.003525230999680817,0.006637680966094587,0.006218219828820271,0.01196370957539118,0.006904785109700201,0.03938061950889166
10_4,-0.005464729115045111,-0.015557305760774232,0.006850027321897144,0.02888836901585488,-0.016108381718216894,-0.0025819107521432277,0.010325695161008341,-0.006567535523311003,0.044239089388423726,0.26050588100839706,0.1310431279144628,0.25657833235503497,0.050813836736080725,0.026252432072761477,0.03031335054996314,0.0210476721611882,0.013763524558605736,0.031027999370808544,0.06613255840461517,0.04004633816425987,0.12649139472466342,0.029198643844420547,-0.04213380324370722,0.13342892775901508,0.04974785040864515,0.24830718316032313,0.06724230176029702,-0.27213593695602734,-0.16861581521466318,0.021215306159791433,0.05056599400000905,0.08611696989287465,0.06411152382470353,0.07812552143747173,0.08531934444124546,0.059632764878859094,0.1258104575404168,-0.013620557610318655,0.0016301424797355538,0.015435423565550372,-0.005337984954411159,-0.005434706492902861,0.017159587133262412,0.012218357662165294,0.00528068426176123,0.08640840233304187
11_1,0.0009417133568541444,0.005676942136298215,0.016251736589694896,-0.021130140986810583,0.031134519792673676,-0.029028052961708146,-0.02643552636518396,-0.0029681724847050914,0.02400311312952939,0.2086537824804588,0.11304521195853465,0.24356353588008278,0.044410549339134374,0.007462175551511521,0.016775689408150992,0.013882013635486728,-0.0005840589369779433,0.017509029301784062,0.05471671146853111,0.007528414179003177,0.14443514466472324,0.030736591818211235,0.04979375112975049,0.1375204038847137,0.026008416304877213,0.18081660037114478,0.04577162371365929,-0.049236209742681884,-0.004067650581128622,-0.004296415181059309,0.16194986125284033,0.06670752471941784,0.08957731341734446,0.09381360083201055,0.07970236370732454,0.12341454690005875,0.11110974202550697,0.05218926202521365,0.019959962223408952,-0.03434922455585668,-0.0067225333462737355,0.00725085995845577,-0.02095016222788456,0.006171476051685696,0.004616744150098622,0.041587530988393184
11_2,0.0071938274082308535,0.004347215230030652,-0.028719397370233102,-0.01334104282276977,0.02663238237722045,-0.029918447221685275,-0.02563676836043184,-0.0023167581444157675,0.016188568466029316,0.2266497086712254,0.09604049336864987,0.25333752321376307,0.048255231632247673,0.0056848035465049025,0.02055640391953431,0.020192576251802048,0.002302516063839577,0.02471981897090115,0.012719420274672127,0.02404661206135321,0.1484759898194498,-0.005193818416751246,0.06816888411440125,0.103337454334666,0.013170261095595,0.17597085310369998,0.04940199108627734,-0.015914759914994896,0.10587800072015913,0.021356287698215175,0.16265151084645615,0.06788214210865172,0.09327592361705447,0.09932315448740113,0.055170256830504805,0.06118220857268211,0.12890727906246396,0.055576045305792965,0.03645034936656169,-0.05110398004952541,-0.00914921109338538,0.008642482571345382,-0.01900083850134056,0.006475558003127571,0.005564731266403143,0.03573713323207263
11_3,0.016949218065454765,0.006811095944550847,0.007746349541179446,-0.023921793215853384,0.04486940502429886,-0.021892094409528485,-0.029753681307768523,-0.00395118012252396,0.007900788837896881,0.2057591404213944,0.09077903997312778,0.2358126344506205,0.025376874370595735,0.008003721389925118,0.00611506806619065,0.00926066860251841,0.003060794956663044,0.026044872657138916,0.01714138450694391,0.016362109180101978,0.1689934092537347,0.03413387019610852,0.04717362151531048,0.13815258106298894,0.008025752303185854,0.18431084395613645,0.04576216993061096,-0.05762186783011674,0.029141163702612133,0.017776952524428815,0.1536957649897801,0.06682437510214802,0.0865645678553667,0.09009061304421372,0.07343813751228269,0.06879703277537183,0.11228834978770973,0.05889733662958637,0.029626751196064303,-0.007562898212338853,-0.003726672499727044,0.01109046340932042,-0.03082825303114605,0.006371292777647828,0.0028224640174602266,0.04754074662797877
11_4,0.015582494429160569,0.021150932630814374,0.015849111901453078,-0.0047830191179078245,0.03693345678848441,-0.003313354816296554,-0.026797209877309464,-0.004041463186940355,0.02917463284838573,0.17334516918713486,0.08321470686017436,0.2799936707870816,-0.204776576840908,-0.021998832930900207,0.022315204889192804,-0.011474202275260793,0.00713249741998453,-0.1069214781453386,0.01161207176896747,-0.03208037285841889,0.17066613485304996,0.040806247254118896,0.032209254000979515,0.14802163057994835,0.005254312316418527,0.21562573378676778,0.06119386899975462,0.0327653025616462,0.14784370866458804,-0.0003292664566607002,0.16409973670854786,0.07410245719054642,0.09477290801320178,0.0992773931708419,0.055900850097205905,0.04908346993518761,0.0975843991108022,0.07901821346143827,0.04590199915263751,-0.009734300561302492,0.00666561106190771,0.006160770839980962,-0.004882657389148,0.005046390811057057,0.0034560045842108567,0.034540154329278754
12_1,-0.0050263528142256144,0.017670755207164785,0.038178015674346144,0.014736638648625568,-0.04942280616424779,-0.02016303599198559,0.006119718747809383,-0.005900873347352325,-0.023704924871945095,0.14571493168428615,0.1006412028839784,0.21067188895540911,-0.1672443426681377,-0.012192166552369859,0.02568305970884452,0.02261628632130827,0.009186434460543905,-0.09433831677768625,0.010390275420318479,0.014745899718001292,0.08717643648500768,-0.09652932509266005,0.07111541296024239,0.13622388529769752,-0.02482934216418025,0.15577574790336804,0.06292422822206625,0.05114359416786086,-0.15249279324000292,-0.006592879684563457,-0.05779346835932975,-0.019808467485062688,-0.03401488936431463,0.05753196077641192,0.07937593886270276,-0.006771077526707691,0.050356256958133165,-0.01464955223953667,0.008591681142925854,0.0004761831124950245,-4.585886076551547e-05,-0.013174916888880697,0.007084918020109872,0.008863604721966293,0.0021589793154322733,-0.0616880080979808
12_2,-0.0025757079341510087,-0.003797630875223622,0.005419153350987424,0.020839929659079454,-0.03183942919181822,-0.027821810902408945,0.0028028199923442647,-0.018385856417585462,-0.0199458656472114,0.13889477449467003,0.07766888277695597,0.16675531353458053,0.031061853372170333,0.006013629996002741,0.024002697337060376,0.02429633981022923,0.004292269797719361,0.022947644615380222,0.019951652895462125,0.02702082346962549,0.06228868540380995,-0.07254010808862603,0.06572360490647998,0.09104568063694815,-0.0769374414167118,0.10812372022349072,0.06595192742329704,0.018004367788951557,-0.4350555087055475,-0.0020963450510775236,-0.07907372305344398,-0.01665103770363229,-0.031038478233730512,0.06698977359879006,0.07255878107673372,0.018204913918433638,0.024652149889571626,0.029175825868054193,0.004249779756692526,-0.0020517179987365017,-0.005201967750629931,-0.003695851796646827,0.001893511941234064,0.0029769885578600076,0.0017910788604398801,-0.013237193821036719
12_3,-0.007476785064854093,0.0037695497598822956,-0.003438161997709091,0.007893800885445059,-0.014820388064409966,0.012726895385518406,-0.0030932430779868555,0.008562032310468724,-0.02010538471539137,0.13777558634922313,0.08293950082699475,0.16690991473156752,0.05752369400468758,0.005656759320517791,0.006720615357491819,0.025817231168378422,0.02031234409297873,0.033978962508985154,0.07755645689692424,0.011546656874668784,0.04744996118164589,-0.048341769653939264,0.06372930886578909,0.08052974434839168,-0.0299918068851991,0.13712631102071007,0.05451456849679693,0.041153272977512215,-0.47396890014603665,-0.00682561166932687,-0.18355591254857676,-0.002392454870702469,0.01813405679380055,0.09517951695525345,0.08388090383572123,0.0639763890533144,0.06529257654315902,0.026991928062438844,-0.012985370800147477,0.024283431039879,-0.003952466831131062,0.0015338338092405885,-0.010682028029830393,-0.014673363340917019,0.019761750375811474,-0.0253946507971618
12_4,-0.011601738702438691,-0.0035530107121771273,-0.022292723725687278,0.0019640622009440447,-0.02484680055175809,-0.007363971965005332,0.001563343388778239,-0.021662082132810213,-0.04101848906042036,0.11576407957865735,0.0745552177219779,0.15143430645531364,0.05450838084861509,0.0034717146818785435,0.00305877800326542,0.029335281671563386,-0.017991146416206832,0.022174621543729636,0.037730805458865015,0.013431583837894539,0.026065649647135838,-0.07472014862309859,0.07153826869951091,0.06199955528676465,-0.03585631283255644,0.09913762761306559,0.04693443207253979,0.05738321294921203,-0.044610655070195585,-0.016920868886585193,-0.24344133561907166,-0.02858462852672826,-0.003689741288291371,0.07761975445369267,0.07492068755836938,0.03107602339639024,0.045868469159221145,-0.012576609699398549,-0.020822570862948368,0.008994892636223618,-0.011851800518976361,-0.006179807154033409,-0.029244911790111457,-0.014284502265280549,-0.011049424552912909,-0.06270332723622209
13_1,-0.007621976783427533,0.012103946566468739,-0.003944742647837405,0.053939215089704444,-0.007454557162403278,0.005822373138037568,0.008106378832285207,0.003735964989484212,0.013751068025741315,0.13360286142540612,0.18421313133271422,0.15401215790659706,0.08034002639222584,0.023956616015319142,0.04626877987733221,0.035749606805800825,0.018789150670650356,0.03572557943475974,0.0798494279654477,0.03707088001154316,-0.026587773494837184,0.046170447253390236,-0.011752026820200248,0.03763550890836238,-0.012693731032548672,0.08060567507369489,-0.0044235374552471845,-0.05604429141541183,-0.042199429330541854,-0.02059712013185475,-0.02060736794270364,-0.0016565750350602086,0.03119853333953081,-0.003924830017408506,0.08050899453315966,0.04002941452078922,0.08390396305711408,-0.03787005353786997,-0.0028129722223142403,0.0013744877065558503,0.005043739793768022,0.0007317131938652892,0.007862572473759764,-0.012283721966078928,-0.00040959636969108837,0.00859099518865223
13_2,-0.0069241298609970725,-0.006958649348484023,0.005164828841545279,0.014016979521975819,-0.007029435043315199,-0.039917509808612084,0.008992104377700212,-0.009051147931361577,0.016054553894600688,0.11698132896768633,0.16900911540815686,0.15063140742208908,0.04870198485393876,0.012282133914216155,0.019815688654510645,0.03746691433982735,0.01767123791997153,0.019441581271441098,0.08070705182596413,0.00559836176382399,-0.04048507196313656,0.012099754904523361,0.060878943494488975,0.02779749232972614,-0.1482623021675749,0.027798934993927233,-0.019215631136588477,-0.15496669641182026,-0.03807598179818596,-0.029894643416733827,-0.033528168057575636,-0.018062291246317856,0.004463647204682768,-0.006463146170271234,0.06785150399643386,-0.0073793059158560196,0.0878891554836135,-0.01101863278854448,-0.002511522381616116,-0.014697282232692453,-0.001164910627618343,-0.009985937776155395,0.009875947285850074,0.011014137099357077,-0.0010856395171488676,-0.10388565526902509
13_3,0.0018388718601957594,0.0004461669751877961,-0.004300243780594002,-0.011420767690305063,-0.023266096836619933,-0.054870497766515355,0.022932427911175668,0.029613317104800026,0.003639717506872693,0.09366717963680779,0.13151322881115554,0.172110322462203,0.05737078296751089,0.005008989697759631,0.029173011792147308,0.027703392888834437,-0.0006011928571813403,0.02609714310287976,0.038225067828358945,0.03542842292934916,-0.042465541075471694,0.0313589460210988,-0.5976805406237771,0.027107293350739952,0.02093409544793413,0.06650218735722792,-0.014707788158227467,-0.5443564587331516,-0.6332905113561528,0.031096608439861867,-0.03345104957622272,0.005460326748140053,-0.007098234254174407,-0.05024083777742309,0.08414300803109959,-0.036518852106751945,0.0921824554064742,-0.008548263193734326,-0.02044890425262825,0.006081606136137431,0.008557619623336468,-0.0018803255481412479,0.003995106790634013,0.0011364233894253597,0.04497967558976791,-0.1261153659951498
13_4,-0.0025659936757003953,0.003851248884404497,0.016385634099769633,0.016370477694227642,-0.012559284135064236,0.0006700802411867175,-0.0129213834236271,-0.005185713456806537,0.012858653315261833,0.12701231778638422,0.17689441183738167,0.15188250237541334,0.07070968518070965,0.03496819887339484,0.029308387713148473,0.03705785251214377,0.005143658577369704,0.03870686260250301,0.06154649468368423,0.031140453475991595,-0.034814713903457424,0.03416029719669972,0.08877229853171562,0.03435987884589097,-0.00021667546110091303,0.07413945714837847,0.011990330936994986,-0.01286593051277443,0.011384625331644771,0.0008547685863267071,-0.008931950565294285,0.0018538868146241068,0.056118716678558174,-0.00828812952221221,0.08800681787301412,-0.006090619081380664,0.07467139221076272,-0.01472700073494914,-0.024600901173370958,0.01421755916804809,-0.034348188960981754,0.0013711646029819999,-0.02124276709846446,-0.011382350778195533,0.004812416236013146,0.00035987685640815085
14_1,-0.006981956579066644,-0.006995125450712531,-0.039850472524835555,0.009327913507783014,-0.0766941781473604,-0.030131745876760492,0.005181318297689545,-0.014279502174599173,-0.008499987013455721,-0.15490894485502438,-0.046949876815586884,0.14152186421467366,0.03994243793891784,0.013588646613135219,-0.187447878045394,-0.1255809445926991,0.01674859778921689,0.031054100772489514,-0.152503483890535,-0.08119888105088012,-0.00856931871310593,-0.044086686556196415,0.01433180087913224,0.007668777941894767,-0.16199999029652792,-0.0028670189669924703,-0.1061434658216826,-0.28894782799749724,-0.2294435707927601,-0.00533701584433172,-0.08837669204120817,-0.03760958511519965,-0.03711489211671285,0.05348624699466195,0.05977413412961328,0.01664866996921944,0.023155830884749,-0.05291876830587887,-0.0013395666674119442,-0.01613760029724479,-0.011195515409523247,-0.05771531225690016,2.314211631124027e-05,-0.009981679589713579,-0.016856716750817867,-0.04184486544788823
14_2,-0.0025501549135481683,-0.023062363427383728,-0.02437907491041587,-0.004640672882579218,-0.048515561232335545,-0.020613869466946884,0.0016002150403260974,0.010512443232920223,-0.0032486350439398766,-0.273460899595729,-0.030762214976100696,0.1394507070246374,0.04310892134025117,0.009357800290260175,-0.08275968497324818,-0.09139663714931955,0.004745089021447276,0.018466493554690475,-0.16187178568342864,-0.0880998281299097,-0.031353672156859594,0.020254484010378743,0.03465948437702585,0.009853105936588398,-0.0011927850249670024,-0.1642094804271214,-0.12735512131633261,-0.3770929572050557,-0.1149551378337656,-0.020688029884527406,-0.11771468833217841,-0.005735599438557476,-0.01778097599534461,-0.012643246970598678,0.05578430000755199,0.029088210450582984,0.04417368105609524,-0.03259953111801068,-0.027637568813309903,0.008266800248140775,-0.020715272400184337,-0.014170048801094903,-0.014621586042683486,-0.015727754883904932,-0.0028351800937370985,0.07726655846478808
14_3,-0.0030840701543424238,-0.035002117295429694,-0.035436848822435967,0.012158335307182282,-0.04850435318047336,-0.02317823952330403,-0.00823864691666438,0.01640881428622901,-0.03183929682874217,-0.26343140475173094,-0.25766014082094807,0.16295007334711864,-0.34736153466831,-0.0954964159970515,-0.03254509914587464,-0.03472565289219833,-0.12959357958243783,-0.24473665313459037,-0.08588411310689605,-0.03366809272150907,0.01804785765146701,-0.0462459152332535,0.08978119639135239,-0.10558126975867235,-0.005814361904668861,-0.12414096761000493,-0.05615472800179565,0.01980320259179423,0.05956848848686947,0.00022585852575999886,-0.14069527766444584,-0.019454163439956165,-0.023278464729878427,-0.008922732565175453,0.0476670320119418,0.011770868363554962,0.033109348888334764,-0.027760695140677392,-0.021029750876222032,-0.0002992357895061571,-0.029269829216126548,-0.016784079289613923,-0.01642790187489628,-0.010767611954173435,-0.021853614065560478,-0.0034231999331709546
14_4,-0.0009169258804894442,-0.05165144930887805,-0.012978167571441948,-0.01624435095173511,-0.07366349380847276,-0.06501515521078166,0.002748876815290106,-0.03117810241515175,-0.028786878080266313,-0.2498590677535506,-0.2601413914648316,0.14640759965119174,-0.3379686666409198,-0.10458514094651011,0.02839691742046589,-0.009550229538257142,-0.15225835388162762,-0.31441964495433333,-0.0026846605932162675,-0.009504757140196033,-0.03115930870971814,-0.0704457879236107,0.0855293351009861,-0.09474023680993515,-0.034926830039491076,-0.1152570743188665,-0.10729258664439273,0.05999394657865869,-0.038689061942406795,-0.0015282702525636425,-0.12151605481417856,-0.01863815358345969,-0.02396495947650602,-0.004292566396980312,0.05724521172102604,0.023168966280516224,0.04244677645587568,-0.010219265843061449,-0.006913914301664951,-0.030421651771334678,-0.050159259967845087,-0.013359519191307215,-0.0288500895572404,-0.0011633146004537812,-0.008049966761226273,-0.04808592205433159
15_1,0.009328343737273282,0.0065855711176037125,0.01053762771109987,0.020701751250214784,-0.0009873402985818383,-0.013565530534114268,-0.033618998957055855,0.011140720381460748,0.016025495098067638,0.13503905713348838,0.11756559375958993,0.13015866475812438,0.07632213618965863,0.026604341442739567,0.03123617383689437,0.045365406424344466,-0.011029507362815551,0.030702611756593504,0.055323515642470504,0.034353031863003924,0.05983364558939172,-0.03209404067177585,0.08855411971998277,0.031377693153759205,0.01647936945327002,0.07976545155646876,0.0357245649927526,0.043613632304840576,0.0429679834890594,0.01440260795352088,-0.012619448376208044,0.006793665564051421,0.051020592749005375,-0.023405892188494357,0.06814512516653431,0.0004701422379136007,0.07434936756169241,0.00040722894989736225,-0.015174168710989703,0.028456395335923295,-0.026178798065411308,0.008625333191303175,-0.0130301009361207,-0.009229882992633715,0.0038394131980169664,-0.025901014024629705
15_2,-0.003979666094090722,0.00015566104570848935,0.0026582507237511124,0.009746994666173257,-0.008804809465668988,0.0020958503563675446,-0.0392128455666509,-0.002875982428908037,0.0005081756262854426,0.12402498626984784,0.09349908055609149,0.15435625879973044,0.05035413223543554,0.019764424997622685,0.022872389179558666,0.03740049745952182,0.0034608720015702156,0.034703701987582034,0.08195470147045975,0.004375639382545293,-0.018896912036138903,-0.004465382361745306,0.04641561670498269,0.018526114562659117,-0.009149283533549941,0.048768201518049364,0.02201132601898385,-0.030747398400126802,0.13330176526867674,0.012999571183589591,-0.01215518902334772,0.0009360442019598286,0.02844032067047493,-0.03698438546679852,0.0839899521548296,-0.00507928644614505,0.06356755135939744,-0.02050699119995981,-0.024155735401218372,0.040183902041177715,-0.02955059450377955,-0.006418291858166633,-0.015554878116862868,-0.014037555752145487,-0.014289130141812071,0.017607601666619694
15_3,-0.0038873159019998187,0.004065371177783089,0.0032321071709379163,0.009743492992907464,-0.014982626071586883,-0.016328505487948803,0.005146277470532411,0.0009168347410741566,-0.01259385291727355,0.1278745421878379,0.09710189656522195,0.16305842775521304,0.06833296620098175,0.03349266411960347,0.02660315826916762,0.04082240928607045,0.005271111859329843,0.032250893807340364,0.06296903067236956,0.008776369627340791,-0.01296181050415939,0.01242026387693292,0.07006597079828807,0.02241102965649969,-0.0048967540051631725,0.042192282724398456,0.05245573548890103,0.06990827222819554,0.13341808091093627,-0.007480507154933004,-0.03848520488648859,0.0014544495202614698,0.01862821391344713,0.005063467057838405,0.08861634604206016,-0.0017119137366517806,0.06990972747308749,-0.017800134975093796,-0.02285545266552129,0.040002171893900866,-0.03381989889033117,-0.00860289039571384,-0.01475531240690955,-0.01182308994400604,-0.011154546820972845,0.061357473670308124
15_4,0.0023367944342373315,0.005896325827592086,-0.0003987662337328331,0.018147986631462946,-0.0022881401419355446,0.005916472609680101,0.013375211496882047,-0.0008581760506630728,-0.0013945435395583058,0.12168534042044234,0.08195027309468682,0.1117792366805143,0.06886782647654101,0.010602345507013687,0.028704702437100573,0.043389578366617686,-0.00652296253301535,0.033907476695645616,0.06039387647697954,0.0317109153549303,-0.031445022341342076,-0.06983622728813511,0.08406740619666424,0.003361011148265422,0.00867625878869591,0.03371199704174271,0.022026424284557703,0.035915335644131255,0.12096179819648031,0.01802917256158547,-0.013822923763820131,-0.00046834974303485463,-0.04780712243929204,-0.03159169892755579,0.07043032039821313,0.03542644710001815,0.0674915156367454,-0.004550116131506191,-0.010645543656574085,0.026868925466543937,-0.026485264612988082,0.007887154583186588,-0.011116143604931553,-0.011164392064595931,-0.012278331248654456,-0.04161785500418599
16_1,0.009979501308594972,-0.0006833368999496308,-0.006089937900406146,0.002961509536011696,0.010917413255260997,-0.010065540111270426,-0.03166037267452207,-0.00045399464079667147,-0.001209621607299728,0.03267475763700988,0.0242499971212804,0.1211575621692573,0.059982201007170034,0.018912813610016944,0.005585817250209868,0.007081393960079424,0.0025940828691280978,0.03486311534983192,0.007591315165566072,0.007384297402357638,-0.024017216593305232,0.03712619162997074,0.05401036592770555,-0.030358881216381074,0.003612265218205434,-0.07710186871410783,-0.01873521576849338,0.10044059977105237,0.1716748879968437,0.024223699577460314,0.1299029139617403,0.04811611714227853,0.06471227083407334,-0.005536589359052158,0.057691734826099496,0.03173043133425046,0.06059258993410108,0.043919757761841094,0.02675223034124856,-0.008730702313819895,0.014826190287379642,0.0004637843456794363,-0.036790804012075635,-0.0020483108112962006,0.0027622210379651298,0.022193004355790885
16_2,0.010584771020205616,-0.00024493515771511505,-0.0067182742525655655,0.0031315333428416177,0.007686056992363507,-0.011389156647016984,-0.032166181040068104,-0.002820679385794209,-0.0050960900440602825,0.029426440391804056,0.022088887743355583,0.11766860207559035,0.06140669667735873,0.017843807737677554,0.003715502958047419,-0.004812578944261264,-0.0004819417115328899,0.0313108120633931,0.007613658708352697,0.006790198209896648,-0.025415168356483907,0.04156523191306524,0.05352303532071035,-0.034019736963405024,0.004048701590162983,-0.07211487286553102,-0.04453186354107055,0.10322807352660725,0.17147421207608196,0.020917954767579117,0.11670931624346732,0.04510217244743468,0.0629707647553698,-0.010901772655073055,0.054759364812461304,0.026693548714752723,0.05906264030190351,0.0401623470183729,0.025255732226807392,-0.01415240606760498,0.010468552872271128,-0.002406737695278791,-0.036070264239184656,-0.0029551201941033513,0.00048770137684094576,0.015580225361219167
16_3,0.00998771650420526,0.0010095479345898148,-0.005059269284555169,0.00314404790818609,0.011137458662730207,-0.009668871306584241,-0.031761464428575206,-0.00320674271856972,-0.002066177445301396,0.034299497880954335,0.03032696603387795,0.12208929715094252,0.06019334991869114,0.019045128461788827,0.005889563704280556,0.0056509198053000505,0.0029379303133651533,0.03521532783047648,0.0048605277632359405,0.006278942956095386,-0.01144824192636656,0.02904715286883894,0.05394082317277787,-0.033841158923586356,0.008934564338897631,-0.08005341797775632,-0.010756337118689441,0.10073233189916095,0.17277363707538249,0.023126306752293418,0.12719547747540208,0.04751448253580204,0.06190296180856029,-0.006880847659247178,0.05705445074574547,0.008832360835880444,0.06689871314286291,0.04444087006043495,0.027724997075460237,-0.008468215009651519,0.015021229094871016,-0.007363122933961597,-0.036918108846353874,-0.0019445930422852297,0.002567225133075276,0.02782384064389782
16_4,0.012857182706350131,0.002664470362399502,-0.0030508316309576385,0.00440394953515408,0.011781299451206383,-0.009268005543509832,-0.03158190339669347,-0.0001803045085053892,-0.000982671456538842,0.03269146359250934,0.030079077537211146,0.1198867017574155,0.0662508076164751,0.01766259146980448,0.005344866711041777,0.0014433609212169936,-0.004175932114427167,0.042176392688129595,0.009238177667262358,0.005334161827376539,-0.02285998619236264,0.04590947405550878,0.05602328790049077,-0.03252833087221217,0.005177736429152603,-0.06347670371746353,-0.03933713387633482,0.10769094606931456,0.16712587624731642,0.023314680151739375,0.11873891180573727,0.05090097198809001,0.0649306152372929,-0.008227787874532062,0.05975522256298097,0.034168653042422954,0.06371114780707796,0.04104947873650876,0.030987620656955938,-0.007561541529758001,0.015753903756039828,0.0015599240848751656,-0.03416623426124601,-0.0019681788614966922,0.0019819664259239046,0.0181442953200948
17_1,-0.02601455709663661,-0.016248979868261588,-0.02665457955579921,0.0147792795952374,-0.0607662725717229,-0.036906228944582245,-0.0013724310100396995,-0.010239853079399458,-0.01626340448432109,-0.2250487865232167,-0.22720553821687356,0.17179025443298923,0.03678090145018835,0.005529633720392324,-0.006577496958415296,-0.007962447595434831,0.0006720621246264887,0.028695891560286135,0.009480721379223182,0.021517574307636747,-0.03612588308878896,-0.07526422732325333,0.06411023073263078,-0.04163456887758093,-0.030477987136609874,-0.10149351280180206,-0.10396783718696233,0.05151596163739672,0.1942175898650926,-0.02738029155940498,0.07085969720343406,0.004430795668758016,0.005232379413375486,0.024303365317998184,0.042450364466689976,0.008830505626970055,0.01823793692599233,-0.012038424460898159,-0.014643443069876347,-0.015463832918903474,-0.01759293998207029,-0.012495364921591194,0.004571672101020726,0.00018115789341026413,-0.007613909512552423,-0.08775241626470498
17_2,-0.007916715636844915,-0.01037818899789011,-0.06884512150664475,0.01304886979432068,-0.02872668320995613,-0.03453302833754573,-0.00587209735043321,0.001896127161864999,0.015826770114231472,-0.20153401931852555,-0.19222190356283425,0.17456376954292474,0.048265787233365026,-0.004560180503099587,-0.10589495380734508,-0.1163813530957399,0.006598130710981262,0.02980678342233087,-0.12422102965704597,-0.06805778840892852,-0.009799181598498472,-0.028643235309239633,0.09119125029024415,-0.04248394214338982,0.00013201856990923094,-0.08528603212141586,-0.04249685648154618,0.07189975540397522,0.22556751956256457,0.011585285209481856,0.08416230768328554,0.012347541069714542,0.02142798908898805,-0.022089155127610935,0.05386225239847674,-0.016991900038447038,0.07145731314499908,-0.024613757614959215,-0.03362805929011178,0.0025119354875227733,-0.03603595169281696,-0.02507201110074485,-0.009727191884454077,-0.001213102733503575,-0.023101132565878393,-0.03473558348472959
17_3,-0.006935423499568327,-0.04210453492816148,-0.03021557784218453,-0.007521707523527259,-0.06230715085388059,-0.03371692429018452,-0.002122130665974008,0.004443967939385315,-9.193173238036615e-05,-0.19741646584708472,-0.15495728342093543,0.15894923468018896,-0.2508633922872701,-0.009667690043732174,-0.15460771609687232,-0.11562515129565826,-0.00013426445511663995,0.03135562369738664,-0.1341845048768009,-0.07181040993842414,-0.0228486086771503,-0.09525267910357704,0.09318225558714308,-0.042192850999446786,-0.012558409042646204,-0.11876056764838819,-0.025668394950754705,0.06366216810971499,0.20988238563327372,-0.008516289625993182,0.08370768688147306,-0.00751099439233839,0.031974007271073836,-0.015789694469504307,0.05111242318905314,0.002986579603078766,0.05747310533455725,-0.02330930259501834,-0.0562017304339068,0.01707283467786456,-0.0461539231056699,-0.021024681738330556,-0.00589810451044114,-0.028605801460105554,-0.008780630852876623,-0.05999193496184117
17_4,-0.010853276544793565,0.0063399879375328405,0.017411934324861794,-0.04039480833063727,-0.0007837442889015123,-0.054434013454203366,-0.0198252955248634,-0.006959187850328854,0.012440977570915489,0.08229063179078348,0.050052989078487646,0.11816350715820116,-0.02207656416187683,-0.017894368919384115,0.014895819431735291,-0.021871778336258075,0.002867149374554425,-0.005320331681838851,-0.06780402885409548,0.01050001917446973,-0.029505688478681912,-0.10981566200892243,0.09417581610296373,-0.030213529049748788,0.009485641836451399,-0.07594257382451262,-0.04511836584918958,0.005561032012458327,0.1771479602608716,0.005057665197557847,0.09861009720505663,0.03417029052259097,0.029251679167287575,-0.03320033310603144,0.05800705280004887,0.04363904350045197,0.06526483572369911,-0.016405975707263664,0.0012814229526598813,-0.02312368051473084,-0.01921346452900875,0.002264556087050187,0.005913286407524631,0.003982303608221551,-0.004578054459439503,-0.058862028581290936
18_1,-0.028607896220967693,-0.004714287356269353,-0.013318320962419859,0.0243496217364032,-0.04463793384204442,-0.033686761449285896,0.002754718933406358,-0.005057064397401763,0.0022999126481927546,0.07021236986479786,0.04323557490017632,0.0750537318251527,0.04126547890225938,0.013552172185213988,0.01456923682959668,0.023842419078554923,-0.002185015421438275,0.030263908635168146,0.007529107697559302,0.017552030405241798,-0.04520131702918489,-0.1151748591578414,0.07345141903254,-0.0033614734157768724,-0.004537575770913775,-0.10009711755746259,-0.05518296621041037,0.0463324266510342,0.14723837192320927,-0.00408224311870427,0.03911131438740843,-0.013066461981241066,0.029375760765592594,-0.0504202312944266,0.044350138618930626,0.001229628376643405,0.05264044401304127,-0.020340550515031634,-0.010995318816359047,-0.03196577931997493,-0.006537730027626993,-0.04248478815835864,0.010259301043123484,0.0006517815763469269,0.0031803358567940435,-0.07869710389151481
18_2,-0.018533538873511047,-0.009109994020875516,-0.002154189681575955,0.027823533932714098,-0.04774346005252467,-0.028805878785229493,-0.001700588138890824,0.0004529960393994451,0.0045553961774569005,0.0682117578087923,0.029849641932440597,0.1168200390197982,0.03809779143296694,0.006184673290876235,0.003737481726823998,0.008868779087681371,0.01729520735668045,0.027666029737719377,-0.004302126272537932,0.011517411231739522,-0.025322522505126142,-0.05835350170867295,0.08509994171595144,-0.0353472908392912,0.000787295642906139,-0.0824380775005486,-0.03583654704696529,0.05959849436866522,0.156034867350679,0.002282923886234417,0.06568179441353941,-0.01323374563799826,0.0340471454882768,-0.05571914674113814,0.05493116164845885,0.0009109282247807704,0.07031467578033315,-0.03420263105894541,-0.0041957184591943746,-0.012327890679584952,-0.0020197107033792035,-0.018222289823226174,-0.004652172784611449,0.002035101041711281,-0.007053692808620315,-0.0610767315634105
18_3,0.00446213449331688,0.005216576689582115,0.003759995205633261,0.014202018826610933,-0.02661868720847209,-0.016101247036675516,-0.00064882724318439,-0.004372320132329584,-0.013918874456766235,0.08978262605012839,0.03704476416609518,0.06361451867179528,0.057077603864423815,0.014056230074439905,0.016733164433319347,0.03380136668906836,0.011603490523112612,0.03196742595747134,0.05655463798631183,0.0003533801629559313,-0.035440050513857846,-0.09502107041617229,0.08048794727418904,-0.03469561110962861,-0.006092224915868073,0.010918383473649379,0.020153369625404677,0.0546439051892621,0.12401330980601753,-0.018855396746367353,0.07371518516698745,-0.021441561306183785,0.014112626211219972,-0.04760473806493995,0.06685351397399893,0.03439171595234555,0.061144184351677205,-0.021316170729602915,-0.01611608483460007,0.03401606392937117,-0.033111036599917654,-0.009004186437147338,-0.0212778478009978,-0.009254319134647965,-0.001003401382651666,-0.07877392825904049
18_4,-0.019549793116849054,-0.012696403406383984,-0.016484135639860977,-0.07235593733971045,-0.04399150707376141,-0.09594203025752589,-0.04225625622249262,-0.008457632383008137,-0.006271852814434713,0.06531582374944761,0.0639169376595987,0.07951970967073412,0.00728793849582094,-0.004473525922053615,-0.0026741370881461623,0.01002219502028927,-0.009790797973527457,0.03291760223823918,0.009023617968033342,0.008875765205390511,-0.051344510173813154,-0.09791177239877294,0.06615916229347224,-0.010410537232318301,-0.008922120308280245,-0.0010202895512556093,-0.006418004935050721,0.016695628177247346,0.14423892153665707,-0.0035749189055967285,0.09127012914498991,0.016993624285671607,0.021149701543309852,-0.049849099262826664,0.053916560280533286,0.01361223872447186,0.051596932519188954,-0.01228616742992339,-0.0036367393887572585,-0.03507257705244867,-0.040759161101981696,-0.020302342443518955,-0.003428342649260445,0.0011734417047320556,-0.0008669334197389519,-0.0797685141075187
19_1,-0.001481071789697685,0.012873534796242798,0.030445095390100395,0.029159548692546337,-0.005688110056898177,-0.018758547915204954,-0.0033365154742400825,-0.0013359381658896517,0.014074703800396847,0.08858526686446931,0.020077640784481092,0.14136882652481617,-0.03221223357515118,-0.022902592968592414,-0.0066982293676802395,-0.01436973277722871,0.005176725515980604,0.008066478723155298,-0.051001307164773885,-0.03913564874284806,-0.0200152851504773,-0.05367921582345385,0.10297226749445021,-0.0363033985842909,-0.007537208423563896,-0.0716972845134346,-0.07548652275185543,0.0987562890136527,0.18040187431269503,-0.00888698850194968,0.03521253403143526,-0.015713355329608752,0.01583521845065258,-0.018856574919111573,0.05835893046915932,0.011094320309680657,0.07234755362020605,0.0346647317412488,0.005564968281117076,-0.0007808988799186917,0.000594485572441059,-0.005960834000578366,0.015974200751885406,0.0032072245305731118,-0.0038177898612508448,-0.02886411222456015
19_2,-0.003625668948887553,0.011343334157351866,0.032149057955664924,0.023589929515234677,-0.0001398463142838587,-0.017306776129834483,0.007584702753886829,-0.00015981811159605504,0.022436660703353758,0.09735529330420938,0.00514106636790626,0.14242062194441643,-0.0413509102804686,-0.02824804491664145,-0.03491305897252728,-0.04698842342093642,0.005578343807570088,0.017656132897846517,-0.042663434572172164,-0.05065134756430617,-0.01208537047291851,0.029029716460831485,0.11613872087379584,-0.03923417679003168,0.023736730736473106,-0.06841436361120454,-0.005541292853105747,0.09658437485061729,0.18445939270575776,0.008239189538810483,-0.004278089502215867,-0.003335648268336456,0.026486204167138313,-0.015748241752315678,0.07158104798386539,0.0028906296458205984,0.07800214980900826,0.019079869853717207,0.01765791146093588,0.0011982612699041864,0.008391671626102087,-0.0013780493582842444,0.014761634954193482,0.004264803511451093,-0.0013275643904089027,0.03535533671747534
19_3,-0.007653809744598467,-0.0012708899853067766,-0.00023141050131379607,0.013140234370743917,-0.006571849748251323,-0.03536339328866595,-0.0015644760774721816,-0.0013808177252335467,0.012492721173797936,-0.14306406812959804,-0.006891671029573921,0.1662862686151396,-0.3114599966785417,-0.08321914593437756,0.025697540422447793,0.0053840550170827315,-0.08671260456816456,0.011006006745905891,0.001545413797452975,0.007299763059281379,-0.019971265950505492,-0.01912704111327492,0.10249941914998535,-0.0408593954538249,-0.010917094700302237,-0.10772791114874741,0.0005503630675546294,0.0787850019052524,0.171885519333686,0.0009940854290822973,0.05748820979154264,-0.012037552887972931,0.004782110497462293,-0.016884135699101334,0.06047619284985844,0.012144387055691812,0.07731804233389053,-0.016151561911198153,-0.00024271321057225433,-0.004788171894527701,-0.011284813772202548,-0.008846505268096804,0.002345541980601106,-0.0009757472051585144,-0.0025320549000528514,0.004021506575795262
19_4,-0.0012721787556617295,0.011646831814207267,0.021915758733137256,0.027378606082423786,-0.0028113531740778445,-0.01512475214713227,0.01149351523564299,0.0001236795033626649,0.019478299954039553,0.10579909239038891,0.04212388835298985,0.1279549820057129,-0.054831937605278415,-0.029267937010221675,-0.007281911762392177,-0.047697085084749985,0.005502419285422118,0.0012951495332305927,-0.067977522791929,-0.04175373742812,-0.012372923029412522,0.03744650460130929,0.10653616328539756,-0.032239001604578085,0.0009150336113672013,-0.06651502277926777,-0.05823844882507197,0.10378706163952786,0.18874957169383494,0.002050223232141732,0.01472540757720056,-0.01623819766693046,0.02418831037109205,-0.021714682728744397,0.05910790100872633,-0.004773326358219873,0.05381765680328479,0.02927056253186795,0.010442094325440444,-0.0134010580185121,0.0020533934441231447,-0.0006908116130156074,0.015182902679453365,0.0048781507889509865,-0.0065704112910642464,0.034475430318241664
1_1,-0.014048259829228485,-0.014981157150403527,-0.013868726604753417,-0.009126330336415831,-0.05299673003782394,-0.028467474821910876,0.0007565504618768547,-0.0020271720656609084,-0.02581747663093984,-0.29309595497686963,-0.38154318373487445,-1.5403997457905212,-0.17327261860687718,-0.015598202288638386,-0.07672551887330398,-0.0906751354110643,-0.006356622607222329,-0.01794224314172608,-0.11053551702565187,-0.03294075268571542,-0.023762914392466125,-0.05929652549770566,0.04504638407967067,-0.0653119795025974,-0.01952258665697174,-0.13464503722017276,-0.0914477406687253,-0.02575013497803135,-0.02219637377088143,-0.0020919449888124574,-0.3131535936737762,-0.009791176916922955,-0.44747686762372385,-0.060185862399019206,-0.7321232684962169,-0.4565938664292171,-1.142260839321569,-0.012169792020330522,-0.03223109354335986,0.005730098179619878,-0.023302715855226308,-0.014708764435552225,-0.008602150980657558,-0.003357281215131023,-0.002802334049165522,-0.07017636070163036
1_2,-0.010824165299053718,-0.003242008959657126,-0.026299170626083963,0.011850478876243199,-0.047069485427956255,-0.04100876817856626,0.004925261476942988,-0.0036580502002498375,-0.013042920552347069,-0.2252741149101239,-0.36428255597836917,-1.3863831733149719,0.04203727529476467,0.0031533760911016547,0.01818128277783209,0.0077324749831683085,0.005451134605426514,0.038088774391317734,0.04174145385071986,0.014065753764865314,-0.02970804375996377,-0.0435451714003219,-0.21682529933582528,-0.06796789425861484,-0.009723301255691881,-0.164800609676821,0.005649613628335521,-0.1173843370258299,-0.45659560709431096,-0.033633410908022625,-0.2869178431632433,0.009643219080274382,-0.0929503696490594,-0.05015715049215657,-0.793010068827519,-0.4720549844951177,-1.1546199105296415,-0.015601655791749785,-0.03488497459659591,-0.028074870139153597,-0.06247232253881522,-0.021241172930213763,-0.003161580045406215,-0.0004487869118775161,-0.004728126708908153,-0.0391499400354823
1_3,-0.014850790244174777,-0.016859415114991547,-0.0076121200693276955,-0.018159241437600043,-0.03768307613412334,-0.012980134287937515,0.0013850524652161407,0.0019648018850391903,-0.010885192552798505,-0.32826917308421877,-0.38370667767361605,-1.442136425268971,-0.18731266180788717,-0.016487990596230132,0.013877452791596733,-0.006722125904254143,0.0006143498097007833,-0.09239473335909162,-0.005799932394900795,0.009297354824761128,-0.028555260580775725,0.02028703629841744,-0.3323320563880075,-0.07265403123851669,-0.0045657608735795024,-0.165634540155807,-0.07121903251783779,-0.14639198281725874,-0.18079333976982737,0.02541976402893652,-0.2453480356905397,-0.0012768025361389929,-0.4327711169237676,-0.027279524442609625,-0.678479548287177,-0.45781633584531845,-1.1303863445175717,-0.01652816749093032,-0.04727765051776968,0.01581372534999281,-0.03374440818938117,-0.006111373951112828,-0.009966488172195042,-0.020138211080708554,0.004308106469374256,-0.05369878382186688
1_4,-0.011961939911477384,-0.014945307568272483,-0.01621198438485188,-0.025151235409645666,-0.04052603208800234,-0.041502072504468,0.002115411863770602,-0.006355566111983155,-0.01491850742131535,-0.312557126431834,-0.43820070357241525,-1.6302183008415239,0.04984746860792593,0.009385251592646745,0.0028401907754655614,0.007591356530563004,0.0014630403933641833,0.019116626707884134,-0.01224485066552213,0.01375470375050274,-0.01948672616620627,-0.06291462543225332,-0.035518814869329625,-0.06885147517531431,-0.004981868513473254,-0.13774191198304864,-0.06707044328023144,-0.1085978945367433,-0.07284610374486444,-0.0166399656715431,-0.24148701595712138,-0.008015294419060744,-0.4175781203093517,-0.06520194290166068,-0.7776690153006166,-0.4629793283649151,-1.2104096107186366,-0.015595008718684938,-0.03686771498159629,-0.03011048794302786,-0.06379710128575959,-0.027710085273114613,-0.004173630100668914,-0.004309994003961508,0.0012582171535319348,-0.07276023634298742
20_1,-0.0024087176461752196,-0.0024957840996109692,0.014677005071199699,0.03980351900798395,-0.06132539104644105,-0.017381759585873808,0.005309181974164491,0.013339100327152593,0.00102200535203445,0.07867695824947513,0.12932114173330245,0.14321064250935184,0.060562173386139076,-0.0009956831402382748,0.029727148133304713,0.008198896550131212,-0.006837253441558432,-0.07553000037008058,0.017795820542912087,0.016021116810189816,0.047689073432413666,0.038208242488297614,0.06515815799880394,0.004357272029072774,-0.012078449346442333,0.05094906289855867,-0.021134241759354078,0.028485222351648173,0.02281362904846032,-0.027974879456864034,-0.0731868357488351,-0.009057669696150754,-0.004848541744390566,-0.02106452837161541,0.07694011728219255,0.05757537812117181,0.07146071550451322,-0.02958194545834213,0.003562749042885588,-0.01356080348242813,0.0046883101606900075,-0.02091729646810594,0.002320573649148347,0.003849286483688639,0.00039145714149009774,0.05670717674747691
20_2,-0.003735700678407542,-0.00820942946533495,-0.0019967536931230906,0.009895605821253173,-0.019020775569827595,0.0101397364943071,0.004888312630778427,0.008555221302198655,-0.001127460680671656,0.082530609985138,0.11540353126358498,0.11726995961079645,0.06268801299108397,0.021290641148973756,0.04004211598762039,0.044931740017382704,0.0029132292992147682,0.03663167786542164,0.06937088154868913,0.029755734006364578,0.05102777838954548,0.022539511872298548,0.04898137519788145,0.014045825209555173,0.011277406622525653,0.02029398588938002,-0.019233552278267098,-0.016421364292282106,0.030864993464332434,0.016046026832345933,-0.05217618884910126,-0.0017749032957295509,-0.010496703774393469,0.03227559325093006,0.06944617072543463,0.034391895228085036,0.09711174412856341,-0.01795828920299381,-0.013796796940473172,0.018292607092225965,-0.01410177216826914,-0.018723314712470355,-0.003074051416902547,-0.004475694339220212,0.0005746661061181959,0.033545895140843274
20_3,-0.00586166452992618,-0.011700440825625547,-0.001289835062565381,0.008708220224158214,-0.017471563438612572,0.009770541092083028,0.005132702777463331,0.007451952094856293,0.0008657392709390536,0.08066991512267363,0.11584399487473702,0.10925711236377558,0.05798443040283684,0.014537761752144777,0.015368893292641838,0.044055105298123044,0.0009132390155687521,0.044712171992480794,0.06014148791380246,0.013614938125835934,0.07128851443540818,0.02611467625149652,0.039398808824178504,0.01261104767790774,0.009571392552154103,0.03813931955649386,-0.018720345192408887,-0.011189767697826154,0.024053745987647597,0.009443825352020182,-0.07405958335296793,0.0062392831261660646,-0.0016522603323890484,0.04235584793909925,0.06443560845556204,0.0448789876490348,0.09142050863586748,-0.060324925870050145,-0.015491633670282485,0.03208630862973623,-0.010607319210478628,-0.015840809719082395,-0.010136545958296302,-0.01109096441013376,-0.004086097473757277,0.036710642042013866
20_4,-0.007498697716460349,-0.012499051511560043,-0.0004050398200397288,0.009470934126556701,-0.016611946639727784,0.009730443644447142,0.005117873312702094,0.005149781229232685,-0.001634471196073589,0.08094048753723881,0.100924365852861,0.10985791393245666,0.056820704500395086,0.013307478608946096,0.015510214795033504,0.042405766051553696,0.002188595489082355,0.043026617723427495,0.07014485400122654,0.01325955624225081,0.04711857680978839,-0.042230600674733304,0.03619105297207975,0.014251567744220206,0.010897997896351317,0.013267258236495914,-0.02025732787962941,-0.015572703287674433,0.06219872489677182,0.009341443370291004,-0.10974263042733688,-0.0010139079345190564,-0.006896171348293042,0.060613477725609856,0.0631799527628643,0.04401401173927362,0.09168084257094396,-0.021443444554031785,-0.015784832760532694,0.03153359399021914,-0.011555452268220625,-0.018853670233616025,-0.007032346125000544,-0.005411438245175143,-0.0040627808389032535,0.03326694274091739
21_1,0.02355343375813483,0.007921025155275522,0.0017844758006334224,0.00869726568993554,0.03917068439958899,0.03303859059979062,-0.023650226707272445,-0.006387072788427215,0.015503945276507822,-0.12142601954769533,-0.13665666997523318,0.088191941692405,0.05604342648831726,0.014715680734487292,0.007116894482973792,-0.0005000902387576741,-0.0018702234865061547,0.031007478515862465,0.010693554688935566,0.012026460238159434,-0.023631061391683944,0.019339700210831937,0.0818040040482432,-0.024042030003823146,0.007924358203690805,-0.04719364196621172,-0.02913510236583472,0.1390537172386454,0.19478434640176112,0.014405120858727992,0.16712986869204297,0.034760868476622665,0.06277388780849541,-0.018140943644885048,0.059627860966834326,0.010536922992961467,0.07796233441360659,0.05386909696166476,0.0513641346877747,-0.010648547081818326,0.033811202412140584,-0.0074854003052154,-0.04046881606976273,0.0004093490598255256,0.00393788460495315,-0.029847889068205766
21_2,0.023979322964504942,0.01181490123942845,0.01593345174574516,0.01784599240295671,0.04975838903488734,0.03625625273347203,-0.0206089755880354,-0.0028095216055085107,0.0256446035225848,-0.11441486165752526,-0.11312930476925954,0.0979394833221554,0.0646675665332184,0.014630250833304994,0.008585694699798838,0.0025747179081904883,0.006400649719343878,0.033542933133872174,0.012636191754339766,0.013694865823353988,-0.017563844716840367,0.036899645886010995,0.08487243377120003,-0.055226423765065,0.019522201276965676,-0.03951987424875441,-0.025507223596297743,0.14443180291538216,0.19816954221758107,0.018663165268695804,0.17817160889987366,0.03921211036156995,0.06864523835244886,-0.015429391889733794,0.06178980090543194,-0.009713283728915537,0.07994876357072947,0.05634050588949256,0.05569943373401924,-0.006542838447257999,0.04026872628244092,-0.0011411137670739144,-0.0264477673133164,0.004775574329126725,0.005458445089352116,-0.0205239247747032
21_3,0.0261676826894182,0.023857447857066685,0.018454909502129913,0.03223535105806028,0.04387612977583881,-0.04452282842204566,-0.017355197475572286,-0.021553754499280427,0.021030956989094265,-0.1467731032843226,-0.09884070940537455,0.06505551025494961,-0.21744575038466363,-0.004588007054327969,0.03145092378064221,0.00024769845067217934,0.010873794694790011,-0.20921213840244404,-0.01045409316671116,0.0018159191985848905,-0.02065727651897684,-0.015074461723811225,0.12106802364179745,-0.03673931923738067,0.013201771859494161,-0.06545403002752184,-0.0391832947259902,0.138719468805422,0.21046734898409913,0.02008112554098742,0.18664165530710078,0.038515577133747224,0.07430324932100128,-0.0035079779181454627,0.050140010556484954,0.04730465335325923,0.0881659051174575,0.060110638722229215,0.06836658388046193,-0.0037856105140894004,0.03812570396975341,0.004084796325147206,-0.02384778137361269,0.003462045486150862,0.005982870326122292,-0.05065336691820782
21_4,0.02660667524582392,0.003910260153060738,-0.0022409823376535907,0.009338496645619062,0.0414375883760846,0.033975826481930156,-0.0234411868198261,-2.080166127914258e-05,0.017634632348330247,-0.11449749708746303,-0.15045474272748016,0.09332896325201265,0.05388406809582783,0.019559384737451578,0.009660784238541558,0.0010357171740433626,0.0014291456096221502,0.02163163624930503,0.009233628673593767,0.011508359182830776,-0.025636879935335033,0.041068937843677544,0.08330615320524294,-0.024027664353970638,0.006580811980086506,-0.05259634731189229,-0.028958029113448965,0.1439113175940382,0.20155215646114058,0.012717747261531496,0.1651698124038196,0.032531103776513366,0.06479262300088619,-0.014937685907887716,0.06025478094149673,0.05454200236237611,0.06955675974474117,0.05940943297739714,0.05492533214224728,-0.010803073724864373,0.036600261565674995,-0.0032914309992991713,-0.039794485464876676,0.00014978417630930047,0.004932499347263118,-0.02776586781351156
22_1,0.026033748343265228,0.020605423745312833,0.020502857690608174,0.02555932369044801,0.033125606051886046,0.040283880759935116,-0.019871329259391484,-0.0017450777948598039,0.036208598621223456,-0.11260196650980137,-0.12711531902484435,-0.10290153073272507,-0.061295557251587814,-0.01601376590086006,0.027483536498705347,0.004534883017491558,0.004112733009827122,0.013398689310297352,0.026252895918973496,0.026697641659782605,-0.007811941242751384,-0.05305616676442246,0.12122473062924201,-0.026772263726688065,0.01648719935880233,-0.054622014810568234,-0.09328632570606499,0.13473635321841293,0.19908370328496575,0.005875121339031565,0.18295558820603758,0.03703413866888567,0.08183974703718154,-0.020602185336834056,0.06317586683253858,0.05315753757830631,0.0786524712961087,0.07507967274216801,0.027157364947013683,-0.006712675633498936,0.03722300292450736,0.0026796118650427433,-0.009412579796264402,0.013239210216656859,0.0071619893842139876,-0.05246944820821692
22_2,0.025017858392804015,0.020038310479806445,0.021128372521136467,0.0001891779119284902,0.033533073706671274,-0.05499411988642546,-0.023289621333351218,-0.029727481801303333,-0.0019773103025700752,-0.13021322790832868,-0.11741720425000386,0.11538991239498293,-0.2583595818504381,-0.08406191238376363,-0.10349517038316988,-0.07754276930014503,-0.06794149070397675,-0.24206101879805839,-0.06936392696995185,-0.05601832405179869,-0.02924892305256326,0.03368575564886562,0.11346382244746302,-0.054584139012291755,0.0003285267109768286,-0.049444557869382226,-0.07020034149825717,0.1328320154980891,0.22551701224916887,0.00895253167178849,0.16431605075054292,0.036902865820562195,0.07191306079048863,-0.02917825522257164,0.04891563801506297,0.021292910281666542,0.10606948599269625,0.08326203689174615,0.061251789073757404,-0.009667202415322351,0.028807584983444073,-0.0035411551366890445,-0.018957414339447066,-0.00038525382430998323,0.0052311561337997255,-0.07276650151227274
22_3,0.02453393854539799,0.019652800917093722,0.01933942805523756,0.0008014030946940548,0.0280457269878367,-0.047325562083299876,-0.021285049607499915,0.0068557659570042204,0.005687764362450568,-0.22550403608582958,-0.44552093214265354,-1.518422989341281,-0.18304096872491565,-0.03628479559303505,-0.12829542710183534,-0.06361204236001505,-0.012954535764121896,-0.040871669890877114,-0.14128274627797957,-0.06186420883192721,-0.048378658742806654,-0.16802581118320106,0.017633216240259205,-0.18014195651708328,-0.014322098555775518,-0.08623389302426289,-0.08440057451840159,0.08562678698275454,0.1675138536085252,-0.00405984060244779,0.10968815731135723,0.04520194164741533,0.042897115988043535,-0.023764307779693718,0.041710679552770025,0.027925341007958467,0.04841257614457663,0.032526968654266436,0.012199232208328104,-0.014979591517237852,-0.030855557667295513,-1.899652576072835e-05,-0.00838064818942071,0.008430671321367995,0.0007788635403541784,-0.17160027986791426
22_4,0.02552381635416904,0.006095050410469845,0.004637844504528304,0.010420562678886273,0.05086534962958528,-0.03001392901278532,-0.019764246248637877,-0.0028392745800249904,0.027415315104779382,-0.12418192582460566,-0.1314674021879149,0.029842209020098667,0.04757634784954745,0.014436770994250907,0.01662077192007672,0.008712946246164878,0.002958263209402935,0.035305731529886676,0.03853235633499065,0.029018093596751074,0.06780982800773035,0.007963018449737007,0.1110902030284475,-0.019925897298144188,0.018904068336163735,-0.053410272356954946,0.019366794615557462,0.13224444506297878,0.19109059361547878,0.01216099364658786,0.20945697316717496,0.03327999453941103,0.08317066606586716,-0.020622179859560334,0.058544719372379664,-0.006922980711029907,0.07705386644863063,0.07289191860189423,0.04308809326242753,-0.0016599741429191106,-0.01807534470131679,0.002727180405213748,-0.018877293959591694,0.010721463043621197,0.005279719067008968,-0.06038236655281745
23_1,0.026703215720894895,0.009073541211561783,0.013623392733834089,-0.002482136352721482,0.05115063441446299,0.002587450508683353,-0.02361094478534034,-0.002118184079895122,0.0067171283952336845,-0.11507963319516569,-0.09897867391845883,0.15640888320577756,0.07493343357364915,0.019438010214308174,-0.09599975372120749,-0.06791206331246713,0.012880468559204269,0.04463338332970045,-0.09528288395585136,-0.06530019594272417,-0.010777954212640868,0.051730931771836,0.06571233297181364,-0.13132414276403895,0.004381462817115831,-0.031106961823993987,-0.025983138827139575,0.14726592400085015,0.21565870619132788,0.017214000991542477,0.16643515561662744,0.037523287133025565,0.07513623267054846,-0.011723001789226977,0.06431394232238515,0.03221248857253233,0.08735523168881665,0.05860926492247888,0.057482767846111026,-0.005184413424513491,0.02962875236117512,-0.004304299672472257,-0.025516060575400182,0.003525177543854326,0.006292268261141328,0.005701836279831618
23_2,0.02628056086240646,0.010314153863242003,0.013309965321531909,0.005702737884858693,0.047623180680199544,0.00016187092924624993,-0.02402109661946077,0.0007129920873234666,0.005302602617894389,-0.120182784586097,-0.10572372762489964,0.15279972387146268,0.07131664790785654,0.020067267227184545,-0.09636086345558822,-0.07201015818348375,0.003211631353076885,0.03463691918480751,-0.07900988248731655,-0.06502994254157621,-0.0098026137838835,0.04975979827066552,0.0626881476512315,-0.12834960715246513,0.0041176626462156385,-0.032637650098594435,-0.034413914983134265,0.14622781993505338,0.2180871143345114,0.016026237371574697,0.1646490547262459,0.03438219023880485,0.07393470761122221,-0.021351567558152526,0.0625667362192901,0.02611256679180136,0.08405462330968777,0.05906698654309103,0.05863681324924856,-0.009562524913541044,0.027287944035576682,-2.5340173185330495e-05,-0.027343465385366746,0.0028628520632525464,0.00527401914907099,0.0013592972284183318
23_3,0.023823292297241276,0.007866102218134016,0.017869642301713416,0.00294564052118815,0.04199418359353956,-0.009297017111050514,-0.02919083196220199,-0.01100689534946434,0.009503538116895967,-0.13653641187806947,-0.11816629749070127,0.1374608516472101,0.06391696370271605,0.012089261190438893,-0.08806175106892039,-0.07420018642112096,-0.0007323280015123943,0.03344514751808229,-0.10406378356998204,-0.07063190766105247,-0.06898244026495913,0.002484639628580407,0.06635760096362714,-0.14763089097445972,-6.832444568419076e-05,-0.0433474438587161,-0.024481188780346202,0.13954432969330072,0.18746392111349922,-0.0015773815489821075,0.1520782400938033,0.029761509756706935,0.06060148494733024,-0.018944807333703132,0.05956354556546853,-0.007144412227792768,0.057445275604168365,0.05332589049627204,0.05137008208742624,-0.015786710904757358,0.02604194563359056,-0.016146316959836003,-0.02925480366574722,-0.003920387262169908,0.003366668914229293,-0.034807677904199426
23_4,0.025595083801157065,0.007732182020992615,0.010474579231379313,0.006076340776862796,0.04376530497942011,-0.00022841615577568852,-0.02420092563639958,-0.0022787896512687514,0.005396370433319993,-0.12377490131402161,-0.11150666351729392,0.14952296370927307,0.0667155375314861,0.016079528062555092,-0.08739325237525913,-0.07032185828191734,0.009476935790670087,0.033517387011772405,-0.10179857560946835,-0.06516119963023258,-0.011264889802033223,0.026794543064559646,0.06310889628857178,-0.13358594656602285,0.003321016527553631,-0.032071132179053184,-0.02270224749772074,0.14416603159523259,0.21547272868488002,0.01654626626989155,0.16336540838472383,0.033134199976453144,0.07259118336232002,-0.02222510636065286,0.062129915681394615,0.015465781884006474,0.061529294161561374,0.0575818072358059,0.0579355941263044,-0.01258748039140695,0.025795364757205716,-0.013733296830306859,-0.02699952886765161,0.002916585278347947,0.003614759524096371,0.00010634617283868168
24_1,9.202965400021681e-06,0.009527453602078273,0.029359248848177377,0.04606145712705814,0.0048880063355500394,-0.01955019267050103,0.006631700352483924,0.00767738484167967,0.0047750251904819605,0.1318068651229097,0.05641067090810026,0.1535956062020829,0.0707463621240487,0.013314257635004541,0.019669635516903556,0.05450998155028663,0.017235461216051535,0.04089839751191739,0.07418494450673035,0.02654154632280276,0.032129093886045665,0.02755695165102065,0.096072286395637,-0.001004295419528259,-0.05941706315376773,0.042171632419743095,0.028346715048093038,0.11034578402483476,0.17844056852426235,0.03589461937950437,0.1253268177856536,0.04234766865510338,0.05223517452615588,0.004494100837991332,0.08926617522202289,-0.05458740277070375,0.08273811689410715,0.04857412850760962,-0.0038489136211262076,-0.002235874165174661,0.012110871402716442,-0.003729504029864925,0.02023744282122165,0.0034282978501473044,0.001740097735202449,0.027176472092530112
24_2,-0.002735314311885468,0.005108421661036826,0.03190896876469305,0.043565121389362596,0.008140754199155881,-0.02870032828757624,0.006178618359266959,0.004013474071778824,0.003663262373645746,0.13317691090416542,0.053831989297473834,0.15616969238457956,0.06698451925453873,0.013057439313949218,0.02396811256406396,0.05725913984169975,0.01701004594053782,0.043117150942137146,0.07193760998692132,0.02780558399998664,0.03585687111345219,0.02855506353937511,0.11555685150465318,0.005420090095674689,-0.06111994582382736,0.04617790971365066,0.037330690877182646,0.11110500307916173,0.1780069820621671,0.035572533907976205,0.12374553849728583,0.034208640993289824,0.05799092107604493,0.0024366400296131872,0.08460491089109186,-0.054485329549385904,0.07770833000455211,0.043322425428592305,-0.0027729713095759317,-0.003138858249094649,0.005138118556340654,0.008960619077256884,0.006358463161492967,0.005983735172041903,0.001387212227723547,0.01194950033779629
24_3,0.0008550556708620666,0.014626536869515252,-0.0011459760044835073,0.04493654475141884,0.003831155667947049,-0.021591070933394456,0.006674368376065275,0.0035035717258650595,0.006061455410187819,0.12800953756785036,0.04999280570155453,0.14606007284175468,0.06400069381011121,0.016316623423691282,0.03018152730525044,0.033007591242834235,0.0019597041194364326,0.03523273965280326,0.050767744887341704,0.022037700223630153,0.039551921462101694,0.03228353907513271,0.1068838989922041,-0.0060194235269737705,-0.06920829430558917,0.03784874405064318,-0.011693275705320971,0.10673806302335705,0.178883529273171,0.0123781648018025,0.12264030934824481,0.03958776737121038,0.05373622361505458,0.0020802298273614136,0.06855445033905908,0.03310045814082817,0.08050475545445292,0.041608876621094845,0.006460779442739895,-0.0040343897541815325,0.0032217048187771075,-0.013460577439571894,0.018335432880529773,0.001761087737323679,-0.0022796696480043587,0.02310796777454245
24_4,-0.004183028999277218,0.00753907681301403,0.030372797251791338,0.04487852664737013,0.003586872360192536,-0.027243959686292663,0.007658510901049661,0.008063364418727365,0.005278824191300087,0.1333087707864124,0.0568022922241945,0.1542745672851702,0.06824813533018138,0.017600705335312165,0.01801506834861608,0.050629912036614474,0.017369297160535133,0.0362460242640874,0.07279193546417667,0.027143560509507992,0.03563234634272597,0.02719158073039865,0.09581630842550888,-0.0013509129079226439,-0.058804632624148645,0.04269312710724372,0.040687906391632514,0.11299293938012639,0.179176156742581,0.03221304802022196,0.12378589695482681,0.04617806468120711,0.06177647446619617,0.0021487134526738546,0.0890598206113323,-0.054343663294553854,0.07891500496522795,0.04343051377517299,-0.0021223180569357003,-0.0033242792402578686,0.011988076677888114,0.014083247653114509,0.01984328684371989,0.006158766477267635,0.0022166705198181473,0.02752879325931119
2_1,0.006164154886942684,0.01470622203758932,0.03349098938053827,0.041919250346820904,-0.025097057662815593,-0.013780824082378322,0.004754111215332718,0.0005374611914631549,0.04429021543777568,0.2345072938348816,0.10445197446754217,0.26250557655126594,0.06345778583782558,0.010701415393799098,0.024112832148755172,0.030831025635723725,0.012565297388059903,0.026092736822813267,0.07766534458873049,0.008459871369939264,0.16707940339945773,0.009233506664606454,0.06316873365388216,0.12771009969887812,0.060497042235180466,0.21500839988685896,0.05781441876915556,0.03855308705060989,0.09303008635952036,0.017063628843169056,0.1666183966077892,0.06570245981887458,0.08054794877116131,0.11423645406867754,0.010671831561743204,0.1286890163407668,0.14699108721176748,-0.020638391707227848,9.610932413718127e-05,0.01415343566632983,0.006994153860448849,0.018331909776357246,0.012671431373011464,0.014458908329966765,0.008313155424578916,0.035855182249926856
2_2,0.010587229307116003,0.002428492544392353,0.01953074686958295,-0.03897446003350248,0.03291908405253596,-0.07802310605098765,-0.039180611546819046,-0.0026210275915288374,0.030369856458123665,0.24325763718316823,0.08187798521384876,0.24765244974579945,0.045626080653437866,0.007460107661464732,0.018271351169604943,0.02340285040809555,0.00040109292852966735,0.03262135614870939,0.028958854264061175,0.024738933016691136,0.17650175443858768,0.002104914645956635,0.047080087547049614,0.0874175837394086,0.012676713215190578,0.16572830533948996,0.03804467200519527,0.07361512515777796,0.05908506101107352,0.011295009331593938,0.20976355873299046,0.09155176177927735,0.08018239606189737,-0.04417353589943325,-0.03377637041059695,0.14113692927199484,0.17868066796159185,0.05450499782019559,0.0341921664345413,-0.006130692148310996,-0.004057373142053718,0.027812720336703928,-0.011354246798186675,0.013908219953547402,0.006240579404495544,0.0036841402899089057
2_3,0.007902212021632514,0.0014268895293154556,0.02948714017728744,0.03965915809304206,0.013954325618876488,-0.022060367321274477,0.004777130990824379,0.0007007255425961639,0.03454173795069708,0.2350052695579721,0.1313473311651958,0.2601447102348664,0.056824566328093934,0.007000828670634491,0.018508518635838602,0.04733694790147166,0.0022130260356892513,0.03066885818198494,0.06332413994852995,0.003103497729655169,0.16031677001305827,0.0322004276351602,-0.06303638810572192,0.1418774367969145,0.04259169534691624,0.25201014294546376,0.07386411684728642,-0.021981058816279278,0.0453771135488385,-1.2704422156245175e-05,0.16140850115409514,0.06793235870441149,0.09160777656133698,0.10927119989140913,0.0284772955437184,0.14799588540383674,0.159684157701716,0.05640567393197809,0.0029916050819768294,0.01618553383696327,0.027404408607048975,0.020726892945895477,0.020565710648083053,0.015312845918528509,0.007301582258984759,0.04051171046513125
2_4,-0.006203984197779939,0.0015480097546806185,0.02265428131065666,0.03479888083634006,0.014439235597742663,-0.027524599577918706,0.0008196640765999714,-0.002507165486177262,0.033920338544396036,0.2407250104830106,0.16030331176583407,0.2548682654889874,0.05605391111641416,0.006667645284548649,0.02105424438816794,0.04825304305368319,0.002133959195965138,0.0328293812770933,0.061084247690158036,0.02469063791574026,0.14937289747997506,0.022512983334668155,-0.058007257300641255,0.14075900227937332,0.032270453679319404,0.2136120661255272,0.06060915780637241,-0.03894575561635064,-0.006243327797253383,-0.0037091856253324007,0.15033482525007819,0.05022198312771816,0.08468055092360953,0.09500059401126218,0.02053029155629141,0.12546669489942694,0.12730792518805553,0.04435317733559426,-0.005642326149591455,0.0024665909124832446,0.025286489383807616,0.016370756899123276,0.013049303227159739,0.004509446990551515,0.0011742816734460768,0.012397012683207326
3_1,0.002527422223945893,-0.007585050846547582,-0.004681046598777026,0.006825834291694535,-0.02934591980103651,-0.004921667970354646,0.0032972349394879627,-0.00696173151074293,0.0033809261413148425,0.13990145581095434,0.10328876156463175,0.1437672651250507,0.06071822343381526,0.013150372677039696,0.03478513417612091,0.041151220187934365,0.005918808338228344,0.04096427195420709,0.062395373004363174,0.02308668350940623,0.0027884474950821267,0.04474890855960246,0.07151200939170285,0.013994160647813185,0.004990154074507149,-0.05802609424328246,-0.07377771086598812,0.058300765458079475,0.15662524889968668,0.010212394422726132,-0.01276464937685987,0.00532484359188014,0.04418089951617316,-0.004352758868862584,0.08289179836027366,0.049761796507458066,0.0650530176327718,0.005565235400000536,-0.001431494326957241,0.021493039355990916,-0.016854452654481943,-0.00794659363294213,0.0010471887405150745,-0.004668801287286862,0.00466145071355156,0.011453256610658907
3_2,-0.011487511092891133,-0.004327155283194965,0.008763509100824744,0.04034123874451583,-0.05591209714449393,-0.0282575572820271,0.010660862435449225,-0.0001768360253282843,0.02856906581362281,0.12191828495857125,0.12166124253581925,0.15946188404123357,0.06273911829034927,0.011128111747300898,0.03072165809057551,0.029419500657948374,0.026614107256915757,0.029014520336235815,0.03837403555412505,0.003245421426593048,0.10049315582141002,0.022976243209665157,0.07724989443947892,0.03745360016529521,0.017601043931665467,0.053552018631901975,0.0037462089160638532,0.057707619468787344,0.0586661586223795,-0.013012606950836057,-0.0389537651470549,-0.008567938811111696,-0.0067417500666553925,0.027436944859455192,0.09586460771615547,0.084410233737874,0.06840493682695444,-0.0308758252718012,-0.011247779824298242,-0.026855673929140424,0.001114652412692987,-0.008890633409801587,0.017934162023195227,0.010329552909722574,0.0024338292376663616,0.048454581115085264
3_3,-0.02168126860329977,0.0028440932467685143,0.025881757637391728,0.04606769529359866,-0.037265113279530235,-0.017416049221609012,0.009636985178275622,-0.013065784168942812,0.017829535486683253,0.1341549602613717,0.14442205150936085,0.16404961989452344,0.06016963432081526,0.009195975251944525,0.034722403822254895,0.03625227055991165,0.02454339295647688,0.032935534966262135,0.05544320620489098,0.03907142840008042,0.08050816821781878,0.033109074445171034,0.05660136278711936,0.040292587981330535,0.06242475917550461,0.04972595689498264,0.012516971963601381,0.027174426823462997,-0.09180682277670489,-0.013470526235714148,-0.02709728857356682,-0.0007538608313849967,0.008114209090645592,0.054665142270611915,0.09707671129530789,0.11357149367596253,0.09226857651702043,-0.030177307190300106,-0.0021443614390985514,-0.016034990884114263,0.008594496928024543,-0.024505237501070764,0.018823302376235734,0.010172945467063625,0.004722100891232763,0.04869555313407317
3_4,-0.0024125228014622163,0.0034955451591987497,0.010340623245959996,0.015531090656849298,-0.0211966399276077,0.010006224089052126,0.006412017069763756,-0.003512092730911925,0.009147698776528466,0.1321777376373545,0.09802742158464657,0.20847669024556117,0.06702345072311426,0.023984946824413204,0.03705367623018322,0.055876688258065875,0.00831421754028057,0.02434991019002047,0.06609368158411347,0.017117741597739933,-0.014291088575040535,0.039665845514022254,-0.2431137889226139,0.017080707849825422,0.015456391172079618,0.049809280789667155,0.030137670110123294,-0.039580946637605315,0.14014913017835431,0.035335733485434985,-0.057716971869964544,0.0015299349896737374,0.020773485454938144,-0.00768073762673884,-0.03626177119743426,0.06723917393447854,0.08903955651548599,-0.0012059081986917613,-0.0018157801417681124,0.038796350846400755,-0.020651461976118068,-0.008009189103195492,0.0007123119722208037,-0.004803220978007392,0.0029484624268806005,0.017465975659439845
4_1,0.0016054087099464862,0.0033502964914250773,0.010339488330703186,0.04365828793709097,-0.009940333138128166,0.011980593633154067,0.00506154859334185,0.00438062252446057,0.01045299911916845,0.13774541689723885,0.09469224758555445,0.16054984391335972,0.08063771146686544,0.019186456448438447,0.036250009230235004,0.025522103460238588,0.010858032152225843,0.04324464026147048,0.03931372689442764,0.03758575013925045,0.055357315471646705,0.018981313816513665,0.09408989957833944,0.028988683793535367,0.010656689911557304,0.06718892854358716,0.03582361497838158,0.0833866089842519,0.13611563413417416,-0.007697941315463522,-0.01778062139953736,0.003199126129332013,0.03029552013804446,0.02745778122427575,0.09246399853225691,0.03391629201387098,0.06784135254970182,-0.010860632970742528,-0.0006342379122889338,0.02145842424747998,0.004050010065578808,0.0005222145373538537,-0.019593217301678848,-0.013556552642407994,0.002034227682183686,0.018782990181019102
4_2,0.001977535481312813,-0.0008278218351090985,0.0018838046811441341,0.044195513059093174,-0.007236621276514473,0.00907534309753571,0.008085981526038498,0.005754355157664893,0.004456540418024342,0.14714075972149973,0.11561920956631029,0.16531352785301323,0.07868079651014478,0.020706356684738636,0.03303860254993108,0.0467240489302908,0.008300043586153114,0.043383168459490896,0.020695363307917682,0.04221182311433616,0.08330727257137542,0.020998939130234096,0.08615978140018905,0.025403218362074438,0.011455167378894699,0.0716520107045447,0.03105127577917073,0.07862983022285652,0.1271017205793613,-0.016744196088822813,-0.031241766622963067,0.008941092269845054,-0.036742695037312596,0.02911337596145172,0.08727844327546726,0.04192299934425209,0.06360575056796587,-0.0013219875866638552,-0.008733318225490085,-0.0019659037336325754,0.005096077526548972,0.005673044163861561,-0.018666987106552565,0.0013605476886075398,0.007314263078675105,0.050268013667896995
4_3,0.0025066721419579425,0.011134913577054276,0.02764988606271491,0.033952578117230896,-0.05617450528374214,-0.01984356592544603,0.011704506775069705,-0.009473959806178548,0.03130539101872942,0.12443169037069944,0.13084337531476478,0.15770645103353947,0.0656249760742561,0.010892059475666368,0.03594165888932047,0.04976324610356927,0.013598170917127627,0.03856801326100164,0.04413992698709394,0.03896132940768195,0.091022737147227,0.023658646990883922,0.06949461659284353,0.03316531982706493,0.014814968531111335,0.0503682245488277,0.016193330808234707,0.050360177616921,0.10594459535670031,-0.007706316791220437,-0.01528912951641612,0.0007676433576044992,0.007134560537946606,0.03728964688645841,0.09000637579473955,0.0861716819382871,0.07961723707213861,-0.01652164361441875,-0.00367154924409115,-0.005899578988071561,0.0007960035069938522,-0.01575733792746212,0.009466040805966955,0.012462573116937499,0.009655600646189021,0.05677765379428458
4_4,0.003968330632270862,0.007607921233546936,0.005091088259068583,0.0465844356775052,-0.015194710415004122,0.001679144796132783,0.0038959373810258137,-0.0013639178476443617,0.010566893434996,0.14376647664109854,0.10918215917345943,0.13606080650844005,0.06407318523247262,0.012499860212727573,0.030140425772531617,0.053178131239705446,0.0048689568351902605,0.03953805956376603,0.04898831789919713,0.03722178733148738,-0.058624824042955395,0.01933016050900312,0.09641762129957003,0.021643510578477722,0.010146404403769446,0.04099699580674014,-0.02877895212445279,0.07434561161359503,0.13281011019496106,-0.002585720605389975,-0.0472141416124668,0.0019691711352233846,0.029358247729857328,-0.014708427644170982,0.09098290261774865,0.05138576770361964,0.06329810633156262,0.001737399454638817,-0.0030988865141984173,0.012811343594391327,0.0055705141942744745,-0.005542732795694399,0.005366222170706391,-0.007075247103999002,0.0007654118678054025,0.055373250255485874
5_1,0.006392107023854115,-0.0016308948294509833,-0.036267024312910214,0.012871065099895088,-0.04897050758959152,-0.12476025548207789,-0.05612769086937123,-0.011780108091678015,0.010189832703958858,-0.41072491808092315,-0.34915775352089984,-1.3168203758018453,-0.13193774103226566,-0.02051451315638131,0.016011519935895162,-0.005729801021500235,-0.001660879471307461,-0.010906244241296041,-0.030204807923738346,0.010826207609683119,-0.03218550333746608,-0.032189878634022236,-0.6389718195916959,-0.049496645106446586,-0.0059813204192395416,-0.14159805869045905,-0.030977628515867377,-0.5916402078063102,-0.6990262659643453,-0.018219813797872512,-0.1372570536487803,0.002830014302137046,0.03262106385478807,-0.0945322623148857,-0.7564563580329454,-0.02935969245600535,-1.1330229207816929,-0.024129957916217457,-0.02133645382565348,-0.01907937044105188,-0.022787267691881198,-0.014067563737313896,-0.018740935599015466,-0.001956133163383664,-0.031559071853300716,-0.11713120829640063
5_2,0.004688435477280379,-0.005226916023645796,-0.03296871557118889,0.02542397161238469,-0.004530345088373506,-0.13122423615732787,-0.05667693085652003,-0.011207135447627607,-0.012693160960382503,-0.3792281565060439,-0.34246132260988194,-1.3540174249144605,0.02033472822092243,0.010003350830055813,0.017267476315569026,0.0062886351153149545,-0.0010672445120928212,0.03270205453593596,0.03073823425904882,0.007943270567344458,-0.05651918939013562,0.008044265569839733,-0.7252919068596637,-0.04933195166718662,-0.010007078659098084,-0.14621761735191913,-0.04276832479170838,-0.6142844334722105,-0.694638683101319,-0.03773901746145769,-0.16565053826845513,5.318385350795403e-05,0.03256364759525622,-0.08240593983138625,-0.751585801675414,-0.042728333212320606,-1.09405448429404,-0.01260408901253497,-0.02486342000570522,-0.026709517062714724,-0.021114682201443448,-0.01785428437743236,-0.01978995782536377,-0.002350498119413378,-0.03459255546909444,-0.13853738304238225
5_3,0.0037046089960738452,-0.009800227068098053,-0.025922688745751075,-0.00199430476411846,-0.0496955027951923,-0.10434691898898876,-0.018783488262498923,-0.005266363502277296,-0.01482894917866868,-0.4498007099517063,-0.36949466558108723,-1.375943675547651,0.024742437233584366,0.0007293219528621064,0.015677243946441058,0.032043843555788036,-0.004087932946541605,0.01113373668373046,0.029144223765309195,0.010490835347003007,-0.029263407642446223,0.002563687586927545,-0.6908024495914257,-0.04781244325744454,-0.009542745741865402,-0.15336024360449582,-0.011070236104965,-0.6153942444921893,-0.7252625002334505,-0.03202543685768532,-0.07371722781609082,0.0009426093875593115,0.027607714338573716,-0.08140044087382271,-0.7341588108337099,-0.04262573186642297,-1.085422326239678,-0.027618631101393874,-0.024324619971095262,-0.009371430520856408,-0.013636657506185625,-0.014967455003547316,-0.02241928608162423,-0.0029935578037071473,-0.03504753009574813,-0.13405481078747777
5_4,-0.004015372029433745,-0.004763679957618571,-0.04006500780689613,-0.0009961188592338306,-0.05070164795657244,-0.12905440757503395,-0.05667084707693552,-0.009239861772547759,-0.013022857972013538,-0.40379578147902695,-0.3567233043379388,-1.3179549493364349,0.025995192859346115,0.0024449041546670443,0.014393104373111356,0.0037371863609926633,-0.001082148047682805,0.011804479567039013,-0.03491932180322978,0.012483319389642833,-0.05776371092796163,-0.033023180108038085,-0.7274030304207035,-0.05592003101173825,-0.009604640792243387,-0.1469313846290033,-0.040328184327477,-0.5893476018489893,-0.7215589031507189,-0.04132455052376249,-0.17651637300673226,0.0029147419326063535,0.022199934494104755,-0.08551587686279544,-0.7432637112024904,-0.03153629306406228,-1.0745591066210496,-0.022150227044600974,-0.02355424577331958,-0.02807956317459796,-0.02222797369697379,-0.017803909252675117,-0.021085339578025233,-0.0015021060205647997,-0.03078510432408953,-0.14536328134229556
6_1,-0.016075332910041894,-0.036869475107306725,-0.041760112238183406,0.007003475933426067,-0.023699168426853417,-0.010512102303715546,5.162763131579151e-05,-0.009517874868299211,-0.016699245675536437,0.01455191706494421,0.027926406227934335,0.10460278849644618,-0.4173070528871774,-0.06019640417810733,-0.1564156711475507,-0.04603242410395815,-0.044792677031674284,-0.17749258107079816,-0.14662509446358957,-0.0750852001778858,0.04230602586122816,0.025472969438869272,0.07700404990350605,-0.04064731097876638,-0.020761216943911434,-0.025809935063494046,-0.03269634449823177,-0.052335608477692516,-0.2565263553488381,-0.024568686233872167,-0.07199450601950386,-0.019355758961784222,-0.05737268926563091,-0.046671221696567435,0.06057502313656048,0.0038232145984784067,0.006206512186963641,0.0019386279338429542,-0.0013614770405108556,-0.012948314330753769,-0.0066431312465636255,-0.042106789981648504,-0.014020277672474917,-0.046497936679390346,-0.0013451952186656253,0.034383945082228834
6_2,-0.02200251844626552,-0.028309452868220224,-0.032889731135670834,-0.01750176395459629,-0.01690026786690148,-0.0060610526240721645,-0.03821490322230582,-0.04421401357168532,-0.0009547121425694143,0.00344304202712499,0.06900077298911068,0.1008934688344699,-0.23876642297034567,-0.05218689135944831,0.034487171804353,0.022662627704987327,-0.01418958794673335,-0.14935680159375403,0.04709427903381889,-0.016775391716445882,0.044419283239871,-0.019435103990830465,-0.0694628254199345,-0.07829420539562086,-0.04331309758390862,-0.028430602372711236,-0.03933680443439153,-0.34653979715916106,-0.07577287981555228,-0.041391251920586944,-0.08709143546259357,-0.03338108819703333,-0.0626379871701154,0.07134372120689755,0.06302635691873648,-0.016547691713200377,0.07272017288375973,-0.0394134098144608,-0.03323562119174897,0.02694883792687059,-0.030626308011833484,-0.004339050444737081,-0.027643360392744114,-0.031243505678987323,-0.0038039470060277423,0.03427832462592519
6_3,-0.021573880903227694,-0.01821563973182328,-0.009079752856213255,0.027432896475196644,-0.04893015447024316,-0.044205725364983614,0.005590620280536745,-0.017609420393474382,-0.03290249998992509,-0.03131243725349249,0.01858499943153312,0.07058205417291825,0.038443675619961114,0.012191667751408206,0.030997562601336296,0.017606764414014972,-0.020394227673769052,-0.003510356648219895,0.025533163839398413,0.009853219364263761,-0.06126891514209365,0.0028335968970918035,-0.049007003034054336,-0.12426718677320843,-0.036781856632747335,-0.11623312012935659,-0.08663643167794544,-0.08698911658418426,-0.41120175361860245,-0.04012107594754939,-0.05818917747237294,-0.003615312572582535,-0.04687018978836903,-0.055566634621453566,0.056756172886696085,-0.01565864168286155,0.030433167991473248,-0.03972915713739253,-0.01226962935221015,-0.02469585154240153,-0.006992924695046391,-0.03188693856408524,0.001673966354559457,0.003578871447628139,-0.013666562061727602,0.006742067508866444
6_4,-0.012863576483898721,-0.006891962088228264,-0.015233584141580147,0.012360695862233222,-0.012105171344583231,0.000958588484664546,-0.00582183517227166,-0.025695364318358522,-0.0013758762963678747,-0.009123490327173652,-0.018410358316281055,0.09226319814482035,0.02268901708251718,0.005626518984735331,0.01580804173044765,0.05576188436918157,-0.005283081135254905,0.014965911654494445,0.09301269660772622,-0.029805789451320466,-0.04368210576702089,-0.005054539108760661,-0.3954204004488787,-0.05203492492598128,-0.028662972023230336,0.0909341134182285,-0.07510589030790758,-0.35600628841684856,-0.6254521114856241,0.024231799420991885,-0.05731516715601202,-0.0138810721952951,-0.045967434322665285,-0.013235403623423401,0.04370893746640191,-0.024237439039266426,0.11530428103963898,-0.021926593519172494,-0.04536473206882982,0.027246886714994086,-0.0030743874732709476,-0.0016608043682858182,-0.03446427514688741,-0.03498053677565151,-0.024633776840375307,-0.028845841574652607
7_1,-0.011066098964592316,0.0002763089970103637,-0.04163456489056635,-0.09624735593022292,-0.052985294371578666,-0.12860860764724907,-0.10814660225129734,-0.04518977616520509,-0.024349330466442897,-0.029645006556927575,0.011486759336177611,0.017467765751281224,-0.4966369824325768,-0.08687226695992938,-0.16901446757519828,-0.0914804502538563,-0.030353715733150908,-0.28047010279355855,-0.16279717707852745,-0.07300522927513037,-0.06969778091976483,0.029364249720070398,-0.052613129431839295,-0.1153616527839082,-0.012651250341191073,-0.2270632783057076,-0.13807037011724907,-0.22721159655600368,-0.22352105460759752,-0.04642797955777441,-0.1502047485521278,-0.03530964228866203,-0.03946244832134702,-0.05115917002087425,0.03572151509835284,-0.00023021712523784772,-0.008375241684992872,-0.04585918773054722,-0.06239078109867848,-0.10114181930415982,-0.02086544297831969,-0.033517277009107595,-0.08308507205800243,0.005449684734837538,0.00025972101098112446,0.015133203667838874
7_2,-0.0002979159702421344,-0.03295155109646003,-0.08889663290372918,-0.03990127576853716,-0.07488970616534693,-0.05099822534770026,-0.017032280207387368,-0.0642702858813321,-0.04020301007474827,0.023967419754650925,0.038472687182032145,0.017616684076842748,0.035742834438002885,-0.019841401452929522,0.029447949139168143,0.007502409806775274,-0.023965136425603082,0.016064409130114213,0.00689315076271369,-0.05625850551441656,-0.07243552704921855,-0.019632445946288955,-0.1599552577911128,0.014480577507059637,-0.17125994703183167,-0.03702432173713742,-0.06061616726849801,-0.5520652503218785,-0.9502962712227738,-0.08080062508914308,-0.11135058245921292,-0.05028789139669377,-0.07468070221425539,-0.07275549675561412,0.05138153040991876,-0.06182826549056241,0.023713901942219708,-0.051412547354315614,-0.034228445808900165,-0.03963490911068512,-0.045826146481146565,-0.02968742545153015,0.013304360170632365,-0.005236135294543951,-0.027061198896561955,-0.045187518420341834
7_3,-0.029612074256608396,-0.004047821944203423,-0.02554033476646983,0.0010707991542454752,-0.034625519313239206,0.0075568083826545104,0.0070920769691956535,0.010579739648638455,-0.051003881885886164,0.07567418837627932,0.13097279743099804,0.07925627274177761,0.037131835117077294,0.010042308707608374,0.014165052332723383,0.04401539156733136,-0.011143818442195237,0.03251809556420586,0.04429924296742806,-0.016387321460290042,0.10290785394544794,0.024834706079292307,-0.14350075251061298,0.0320671224142226,0.018839468145775105,0.04247476560867952,0.005237184966440335,-0.4473606412495709,-0.05406214306825513,-0.023561846845754908,-0.03959281493075354,-0.024828560348922196,0.009586649938517447,0.03650106185064946,0.06872545862377209,0.08509939046755065,0.1016822156901946,-0.05880291050967158,-0.0153839719918797,0.026090376686767586,-0.010977553231767466,-0.04588427271609306,-0.0034030716270539766,-0.010438176295870174,-0.003327913105501696,0.030229909028001878
7_4,-0.003864900792968566,-0.011825380915433475,0.009384051678291472,0.03390337365145465,-0.020142434229599562,-0.05917260845439261,0.00941798627446563,0.016128827485924084,-0.02237711225288942,0.10637855332506206,0.09102820821240461,0.12392646977946921,0.07338817922958349,0.009398606279075194,0.02197615673529958,0.042854385102114,0.004891794507409153,0.016877743590465573,0.05603586294550041,0.0008248105549200164,-0.038305132507449734,0.02711743496999501,0.06493041921819082,0.018204482031733794,0.002350509792559558,0.055927764144304254,-0.020153504918342467,-0.00995072607138602,0.008539109421657975,0.004937788594601449,-0.020658431391178327,-0.01957187016849102,-0.02157945308318193,-0.01019242098347417,0.06467932683079898,-0.011928809230727677,0.07176426956761602,0.023988659123711457,-0.009198114745353992,-0.02332780161325996,0.006285282223170528,-0.008859239563504874,0.01231048270315892,0.004208313104821378,-0.0011982850190067195,0.017968023683379176
8_1,-0.00930489829421963,-0.012840053036860298,0.007389435276639734,0.04575537555537161,-0.014683456631239853,-0.024089423927010068,0.004920142524130067,-0.007147862543155201,-0.0035092659866583957,0.05679325873153472,0.0588624419726,0.11565478869537485,0.0732349171879087,0.0076386782979463485,0.027659374272733007,0.02179568427908052,0.010541242349833106,0.029684780454251557,0.03598878795152798,0.029424828925597397,0.04077352028237269,0.018044569197253037,0.08386343146520031,-0.011132759036471814,-0.008572351508807193,-0.013856810783327539,-0.030939348156113555,0.07279077404876763,0.090718190290619,-0.0118815453032778,-0.06518078451834104,-0.01582095562503009,0.000710099295949941,-0.024379299119732235,0.06690287825914243,0.02589646338780154,0.041847853016719984,-0.048247995397548496,-0.007979312948500374,-0.009635918952733169,-0.0004325889736436258,-0.013548243784047351,-0.010262299556257232,0.007848905693605841,-0.0018530407318047416,0.029471126802561958
8_2,-0.0026575610915409134,0.0011915465537232317,0.013395236332563537,0.04812110869166556,-0.01942145413350709,-0.019872976080357305,0.00749943824447112,0.004520770150977527,-0.02012656076280308,0.078487360676729,0.10004009591801202,0.1633844158850346,0.07782532480027574,0.01273847496233943,0.029602656810487585,0.024780665417478934,0.012236973953537383,0.04325490172664661,0.0522347564702862,0.034444387488828866,0.08613999360947777,0.034698223609089925,0.06161876781914245,-0.08492053809770254,0.017377049579768655,0.01967142036606771,-0.032401739510948976,0.04449750768241898,0.011051840090764656,-0.019774992974176998,-0.07688143762070526,-0.0071206915376898425,0.023640050962820264,0.05570071415180725,0.07480706064128263,0.08866359835621555,0.08475759111582801,-0.018937007634552444,-0.00510088312117759,-0.0029466662500052232,-0.00276938053513135,-0.013704962614532775,0.00507190371944516,0.0030218723586774503,-0.00025309272645519386,0.055734573442229256
8_3,0.0005153108222151913,-0.008653567452796038,0.015023764219669701,0.010080198667577674,-0.02130401412465449,-0.005318486889458517,0.004930644823516165,-0.0037980574718269704,-0.004429891777189123,0.04808831730154119,0.07683179108528229,0.13522267762566878,0.06953575430802433,0.018517999238289458,0.03428788880155085,0.03390634476307962,0.0049554809183815236,0.03675311436369262,0.04840449223274396,0.030664145750848425,0.07416347303929163,0.014753723657499196,0.07418598207550989,0.0019113238910823884,-0.01698741443379376,-0.01596351960831096,-0.031234105313011185,0.04199422080638664,0.037416103177828466,-1.0737905832092117e-05,-0.06441548841809253,-0.009591688450237827,0.021572039522999725,-0.01295880226411823,0.0676029567225051,0.03988657554614507,0.0691226240520304,-0.011908382089076396,-0.006085458773749501,0.015289019428430379,-0.007849166542143944,-0.01642663816388923,-0.010764084099866353,-0.006404181585937212,-0.003444553114292586,0.03320108030706576
8_4,-0.00816037942137184,-0.004698644272185516,-0.004709259173892963,0.007299337559796516,-0.019443869815630156,-0.02185172036870251,-0.013563155643484244,-0.006198484318184924,-0.013665263411528109,0.06129866492865949,0.08706276697199963,0.11816633495432909,0.054973394274114754,0.011509764837299825,0.007704503407213879,0.03601479194615227,0.003028854379852462,0.03835889267644139,0.06572259039796587,0.003678898138146956,0.05629929999966078,-0.0474833236590412,0.056881844014892546,0.006599951734367955,-0.012983786562919075,-0.02417420274676654,-0.034254260855205616,0.04732947607823507,0.06469579263528129,-0.010438925730819776,-0.23620481878685012,-0.00915162629822545,-0.07252617418387354,0.057788062326788875,0.06314941822902909,0.04128706948446884,0.07339576863999396,-0.03339574187658138,-0.018723002419729247,0.03341545137616404,-0.011329044287506003,-0.012585659935835325,-0.02765421495492899,-0.015162350989810247,-0.012467126443316042,0.04521711457867629
9_1,-0.0003902194573897347,0.0002677259460284009,0.007893321978138778,0.04855655659354041,-0.022157835852900574,-0.02422214343134333,0.004402873776293655,-0.0006597857013551543,0.00474665620083446,0.058003744799501634,0.07034008449272933,0.12141112049531395,0.06325866447611099,0.006727443646821973,0.022401761036459186,0.022653631792114517,0.003261573676243225,0.03377590192576719,0.017438915409788494,0.024448213399401404,-0.047528925492321024,-0.005449736393926125,0.0736214876854082,-0.0026604705688640924,0.0025073722325977443,-0.008470128895249377,-0.052131762079244415,0.07137004091907213,0.09870848024010123,-0.005323472264117665,-0.03949761212608783,-0.010429542707747118,-0.010642253951770384,-0.02309642715993169,0.07412371620318069,-0.0008697754041972143,0.07202151317590022,-0.013277882607287177,0.005857911781451448,-0.008539353130872592,0.008644427720135593,-0.015779415062284887,-0.00252807141690889,0.00041692003650619,-0.00047714482980054044,0.03476450690849971
9_2,-0.003917853634998779,0.0018949774024513782,-0.006133529056830004,0.044373838568783186,-0.018695019786541756,-0.006770105617771282,0.0036319067509536784,-0.0002395410498556732,0.007875423126354532,0.06368761356206316,0.07860311595163544,0.14483889157117905,0.06703074426178202,0.01420557233496237,0.021267969129187807,0.02144515419183487,0.010937619484241153,0.03771360872608392,0.015553914238205128,0.026167386257688947,0.05553081754167553,-0.0012484708799488527,0.07855181168455094,0.0016581479214120933,0.01511761124693701,-0.0014792183069923734,-0.01872043571983213,0.07269154445894774,0.10030740279357689,-0.001327366068549919,-0.050409717914098526,-0.012400266676461467,-0.07278650298147901,-0.013698379559050374,0.07658819758406096,0.0037966339075680916,0.07330953484227902,-0.002918286043457905,0.010697843997097575,0.0005733227028544359,0.004260895415230366,-0.007885445357099853,-0.0022479815639926907,-0.003632182467094758,-0.0001750059417435331,0.0637336960766735
9_3,-0.012032658732122935,-0.0025841921214396707,0.004253152246808679,0.011289427302171758,-0.023293037808747592,-0.027070453158135728,0.0017657442281578065,-5.218140394434268e-05,0.0029244246765756255,0.06377191547191947,0.057502151740612024,0.12449713375504992,0.05956405769250884,0.0033242125487445893,0.006570649186872698,0.026187327700084587,0.01218413998218071,0.01811385313972986,0.026053049342332657,-0.02161650469988913,0.04320394804844089,-0.01870758727430136,0.0670969739293561,0.0018425474622288242,-0.007833719059107687,-0.013349273614790345,-0.036480861743814624,0.07021309556194337,0.0682834678357086,-0.006826831503905922,-0.052867296405461825,-0.021014202306278117,-0.0068186333585198,-0.04243826766937664,0.06603606941548262,-0.018484200400672782,0.06785018800710033,-0.0371615112837682,-0.010279131873370956,-0.01246167811562022,0.0002874056327527351,-0.016373771609212866,-0.0022324699914414484,0.005607150143967474,0.0016702837474870174,0.03262923690503851
9_4,-0.0020292695725886937,-0.004895397941484229,0.030908680905513932,0.048206190371703275,-0.01156123943856595,-0.02221267836512181,0.005852274862935806,-0.0006998820937964107,0.0010916863435443329,0.06991060083802215,0.07081192247275903,0.15184788591959683,0.07518129178321434,0.007098181694155244,0.026275995046055278,0.02566160439937804,0.013056665386200532,0.03318629998188876,0.040505577091609866,0.018342892381695626,0.051110634330704216,-0.0008036226931463173,0.07752928754674504,0.020198920489211937,-0.0025262481400862746,0.004328493931466293,-0.02471532740483912,0.07670057689884012,0.08546290804374812,8.194458789828696e-05,-0.07318282797227463,-0.01447166975964231,-0.004173720680443661,-0.01997651124615214,0.07423098906950334,0.005913500043860629,0.07241757774924137,-0.0176040194887729,-0.00010776552643444962,-0.0036303989555954565,0.008198838132939808,-0.010001829845483373,-0.007039261814526804,0.00878523089085529,-0.0025098602542659894,0.035116942658617555
