,0,1,2,3,4,5,6,7,8,9,10,11,12,13,14,15,16,17,18,19,20,21,22,23,24,25,26,27,28,29,30,31,32,33,34,35,36,37,38,39,40,41,42,43,44,45
10_2,-0.00026178864047620603,0.003893946814244453,0.0004797197102849164,-0.004705412824999755,0.009479113229984178,0.007801179772922038,0.00021355747912642364,0.003358145110364259,4.282638840594235e-05,0.24043514591284978,0.4249141999351099,0.317459975763143,-0.010095031036659995,0.0017629245709650536,-0.0013123041048766029,0.00034910580855049126,-0.0015848215983684567,-0.0008213251207059071,0.0005350675370951593,0.0002281782282451955,-0.0013244463745105428,0.006766459763510692,0.14890605357949277,-0.0009953650451125942,0.002518598862588004,1.8149374086380858,0.13474522385730603,0.048661622603108766,0.12230418343374035,-0.004299403311656148,0.01679008809577055,-0.000978815936612753,-0.0002835766307731457,-0.003335176975739863,0.1802697918034064,-0.01417823021348061,0.1926542494831037,0.0046388232642443445,0.015431429879810131,0.0002389586338042604,-0.00025005158012658674,0.0045760598789819215,-0.00012486600710408968,-0.0026497922147154696,-0.005632591966645977,0.005040459776437718
10_3,-0.0006334116952716743,-0.0024162561869582218,0.00033941540160259864,-0.004851375302313375,0.008877830877264372,0.005699439528760299,-0.00033809965974916493,0.0029846446615448808,-0.0015112275916032206,0.2182374661822963,0.3873268369879153,0.20246805052948108,0.0004777568587515017,-0.0019531533898782057,-0.0021498157486860014,-0.00021662324923603704,-0.0022497196261132926,0.00039637114334705934,0.003685939406834267,0.0027961727398489135,-0.0012375610832599509,0.005961380476555827,0.148023576637078,0.0003180087335152278,0.006997973753312141,1.4197144806206765,0.13437162934164726,0.04574312833366794,0.12405131088864231,-0.004498412346642572,0.014734821688361335,0.005522004749595179,-0.0014547928603346263,-0.003328733602359108,0.1913252838460774,-0.017415111555736544,0.193882246388158,0.0049019410443274245,0.011159598333130991,0.00019345162281780558,-0.0012089683698700844,-6.347273908562925e-05,-0.0004207695219442916,-0.002719190987975168,-0.0047905585813023495,0.003099665295194566
10_4,-0.00025058674353363626,0.004259671927515707,0.0006234741759121296,-0.00401531903986304,0.008950169564827777,0.008414716736045342,0.001237787880598521,0.0044495958923461655,0.0002635062955891386,0.27377388718889717,0.5396195437491512,0.4585303122381168,-0.00033722255189256445,-0.00242937754693028,-0.006326485754858805,-0.0014925535751875944,-0.001346700689244124,-0.00014676455176118472,-0.0023410915499268814,0.01839043755231582,-0.001122784295309293,0.007175564753136455,0.15248037763629205,-0.0005346014403648782,-0.00046370994949268557,1.701931763003613,0.1531616062509027,0.05240492303898191,0.12392052563575919,-0.004820882755717233,0.014844190040617038,0.008756695563881735,-0.0003899017845228608,-0.0034083373424026015,0.18290799904734678,-0.011333869766850118,0.19443006487838657,0.0049406602206263596,0.015072175105652617,0.0002620981426869856,-0.0005281754337293765,0.002964970052375159,0.00012093823045222058,-0.002747902881065099,-0.003206014161041143,0.0043654612078836775
10_5,-0.000734345297138759,0.00281180704776993,0.0005438257722744475,-0.004007554913642065,0.007334851412244441,0.007301816312034121,0.0009175368478927455,0.0036161870347506367,-0.00011579749190838417,0.2748409546128697,0.5361612913229598,0.4791221916291845,-0.002309691745079904,0.001411026253185332,-0.006332263609916197,-0.0011625256904404082,-0.0015400985220741373,-0.002980080225015455,-0.0004713191248877431,0.001679350654376023,-0.0018720897029549529,0.0064352069377301155,0.12504823352132008,-0.0009682550086629899,0.009134068987929744,1.8287874864765785,0.1470195530260231,0.05301758578667037,0.1152732384527741,-0.005514326241321184,0.015509072272718256,0.008027442703788763,-0.0025492994141414933,0.001607767927127874,0.16261447463386997,-0.0072425853345731315,0.18838301685739173,0.004455310912475484,0.014601084951949637,0.0003941672712263331,-0.000871946481670292,0.004479302089952745,-0.0009019754170548705,-0.0028229221501086033,-0.0031763145938315694,0.00391699600786231
11_2,-0.03317035676218048,-0.04380386506944405,-0.01500065248977563,-0.0032676540043869227,-0.03427326897643512,-0.05774255098489762,-0.029552147979860777,-0.02782412670403061,-0.013607364784520532,0.15862308944802214,-0.035629038949523434,0.3656848958951978,0.001194834195825757,0.0051923934170179185,-0.0038589658871606243,0.0016405951178848123,-0.001415314336146352,-0.002889482495838885,0.0007080055488520831,0.000411461151484434,0.0024512721752009505,0.007335082557300968,0.07571434123624256,-0.0004179880246610652,0.005806480982518898,1.2538151280074539,0.06835514536677813,0.05271524394999832,0.11075610396647839,-0.006218401148262022,-0.01917115442507866,-0.006531945997968304,8.043479461421049e-05,0.0024673197306812602,0.15580899802607082,-0.013573025545327369,0.18352153901409432,-0.04300318963494208,-0.06408434672659445,-0.031047543143513042,-0.0330510687154902,-0.041510297916357075,-0.015863336165024364,-0.0011276966361694952,-0.017342633982049604,0.0034221883352383744
11_3,-0.005798332658212368,-0.007702721367806691,-0.01515259744200399,-0.020265169302524564,-0.02565857293469873,-0.030425124020881093,-0.005265491520286266,-0.004959595851020064,-0.002882577234893647,0.21392622739017125,-0.004888146596853395,0.17347038999337,-0.00020234808277929571,0.005296006111747084,-0.004990485904920963,0.00019336554010183812,-0.0018037370064057237,-0.003961374548271606,0.0006739992185400375,-0.006349400189365559,0.0025762202198385807,0.007541561538382352,0.1368433472649086,0.001597093710047068,-0.0041106241761272875,0.07703327533883213,0.14312213280145125,0.049023935868912606,0.11281271371813918,-0.006098281330205358,0.006644465694296789,0.007105501241185143,-0.0006903622297826177,0.0029341379536637706,0.2570026333011034,-0.01803590196782986,0.2220416449860478,-0.015297976466835216,-0.014059238470185129,-0.007453255919301566,-0.021116924497135495,-0.002352129217804093,-0.0023055046683592953,-4.014043678165439e-05,-0.0051698303968304195,0.003975528776213561
11_4,-0.03282911368736597,-0.03334743833696515,-0.014660863479382061,-0.007094533810837058,-0.021135535128121916,-0.04459617950683214,-0.029530415448236372,-0.027833080373626234,-0.014236224522667896,0.15422938703730676,-0.027481169195759138,-0.005824388370443663,0.0007578346073519316,0.005556612604792014,-0.001331063994474638,0.0011114744132391173,-0.0015973363667992414,-0.0008281522001916008,0.0035705638210367426,0.0005310830087435922,0.0018245253355561755,0.007601637645944606,0.13668575314067288,-0.0005379328305513752,0.0033577330961456343,1.050869735960587,0.09798611197808849,0.04862584344044492,0.1188687583858498,-0.0068038383737785485,-0.00477534371781291,-0.004800695329154658,7.837646846661752e-05,0.0024944058566417726,0.20178826165263752,-0.015655343209929933,0.17596383332469936,-0.043260157995349165,-0.033766692601299816,-0.048544823864576946,-0.021107535122767224,-0.027675091120806468,-0.01584866000290588,-0.0009789388441976902,-0.004973358908026559,0.0018909870622111687
11_5,-0.005627693186923187,-0.009705080625083077,-0.004427717651955337,-0.007100564415906076,-0.0015269611954403185,-0.007353901958842046,-0.005514111608520902,-0.005293968321624716,-0.0011932020491104505,0.21808930471784457,0.010318995152500749,-0.03918531979215668,0.003112809306638606,0.004726841262302646,-0.0017689956012456255,0.0004980982789412574,-0.0016062736913962164,-0.003254238984620299,0.003703801260601763,0.0026420172482652087,0.0024257249647802346,0.0075936438232060074,0.13401588417674726,0.0005577528315854337,-0.006747772361365645,-0.04555985080451694,0.15917773393039275,0.04659686214765569,0.11385104204068787,-0.004751329121687693,0.00663305746612196,0.00871769738305284,-0.0006998947528772404,0.0032001447306166685,0.25079152088464807,-0.019548978005193698,0.2146850485849593,-0.005990444836715349,-0.0011392325445887263,-0.007594105855807296,-0.006904144609265594,-0.002132507451735493,-0.001930885251607725,0.0019220680666873831,-0.005222099466874891,0.0016795985799777356
12_2,0.002396124988802982,0.009717209012929466,0.002345970694860317,-0.0024800327594752037,0.016199923874800497,0.012204622037659011,0.002176391389849657,0.003988576049417124,0.0016147513735905107,0.2848356472725693,0.5287824669835584,0.4847505419133896,0.0006419377561728345,0.00015379334548334457,-0.0017973230710771316,-0.00042820136516246235,-0.001572485395985317,-0.002593266654875581,0.00037962505563861624,-0.0007910723363157044,0.0027082332494576884,0.010746594217231507,0.1588975234510912,0.00047234075098458053,0.0057842310667764255,1.8554179283804,0.1433040242522473,0.06947432538339861,0.1273428597411389,0.06817132916180957,0.01640344726433739,0.0029271640415200325,-0.001172484017472585,0.001615998092562412,0.18624912689433515,-0.008878211545130632,0.21327038903527187,0.009394421950131591,0.01832077542807676,0.0024484952888042246,0.005499635621760399,0.00859820748186699,0.0026843183987529324,0.0018341973209059506,-0.0004958678718220029,0.010806636740023117
12_3,0.006398606295022699,0.01013613972732648,0.004314840416118235,-0.0020074539743805,0.0171062155320512,0.012366124413464423,0.002490167716942802,0.00520014120349678,0.0027196403160115513,0.2845675609394376,0.5140342068362365,0.4948962792772645,0.00262139771558691,-0.00019022033635288625,-0.001190985169586205,-0.003325630618033265,-0.0012104606934542437,0.0004989448718691313,-0.003567258454372847,-0.003891912797871017,0.004182812332728802,0.009996483015151927,0.1598662193208868,0.0019229258082329062,0.010977348601315906,1.8714972484448786,0.1431664087985662,0.06974947292461527,0.12684802063904205,0.06892757190808056,-0.003730225661144341,0.004025720749753305,-0.0003906639453533247,0.0016440340902233047,0.18241892468426327,-0.009281128474620072,0.21432181797873723,0.01256847745966998,0.01867891163230248,0.003319513734165125,0.0071711081725831715,0.009513953161799192,0.00271168962455216,0.002373427047601586,-0.00011649832361334932,0.011030147516871926
12_4,0.0061201008133894615,0.011874730945301082,0.005577477569390834,0.0030278757099173486,0.016551449631662406,0.012082769537607113,0.002883781599938112,0.007268121855975847,0.0026609604588676583,0.28266193804847123,0.5086300385388873,0.4825685842677603,-0.0009390556948101885,-2.343542624675696e-05,-0.0016434825190465678,-0.0004826400242154372,-0.003020489013608024,-0.0003899341122545141,0.0022106087579094776,0.0017011381886436064,0.002387731995595626,0.009756820377313328,0.1595328180310325,0.0010200031543997731,0.009523060147248769,1.847437916671432,0.1410579867226479,0.06940005863642067,0.12771720033739273,0.06771916426275423,-0.004166489569382089,0.0025227756893682267,0.002054671893567562,0.001089807182011215,0.17582137152689487,-0.007806913497863087,0.20803253144500983,0.012381099443910831,0.018415914546304445,0.007185473580308665,0.008405607457404827,0.009047167002978088,0.002838734554322601,0.0018445040270403596,0.0040552521289339465,0.010542635358452073
12_5,0.006170944931350234,0.01196817866858597,0.005376922421375312,0.0028391578660381203,0.01664601919609936,0.013149644650893506,0.009577681798220382,0.007240269021261754,0.0035263521698031012,0.283849219447818,0.5149865972620641,0.4860370158564075,-0.008302516535773446,0.0007837768444229407,-0.00647490188540226,-0.0021888353375509586,-0.0029444370923318304,-0.002294051444327245,-0.0005624449715584249,-0.002110610109501227,0.0026131744176639935,0.009403317324788647,0.15910263626231258,0.0004905019596290028,0.00170825642482476,1.8515132158011665,0.13964802370959387,0.0692638387293418,0.12702719993157527,0.06756368872056016,-0.004218268410256042,0.002327379356052983,0.00237729883196632,0.001122391103782038,0.17867448271388608,-0.010960705458308743,0.20385442158057981,0.014245386294554489,0.01835609083943992,0.007033015232190772,0.008172605597167924,0.009641671027527414,0.0028111873620299964,0.0016358207052488366,0.0007753754580328554,0.010808652168692715
13_2,0.0021219977356684255,0.0008307880574950175,0.0008719877402153226,0.0037658203216427034,0.0017311592066178599,0.0009100506977876214,0.0025083868268816413,0.00044776363327383767,0.008327485869190677,0.20279273902629064,0.019098933642250335,-0.04590234300673739,0.004329903777687926,0.006298749281879557,-0.012068447303643688,-0.0005568064805254029,-0.002753127495412724,-0.001309584442035946,0.004452597466355454,0.002435339016716535,-0.0011873583644522222,-0.010501908606790525,0.08051527395046938,-0.0037597175846104634,0.004535785902215356,-0.1066711542600038,0.153425313618696,0.03241945731352601,0.09538242290473273,-0.005697461935012155,0.010830154711242039,-0.005492411149082405,0.0015994647617858606,-0.0011524392495587269,0.16783840733693403,0.04185475027967906,-0.10515575639167503,0.004905010706920975,0.0017190670787849537,0.0026146971138964093,0.0008499114569688926,0.00024555979257813486,0.0017497425024989108,-0.0019087180615867173,0.002543033825683348,-0.0069083111791370475
13_3,0.002391814920085518,0.0023406399445476777,0.0024355627912122715,0.003695875817803792,0.0017529999930081157,0.0009078874000984563,0.0027842544458841706,0.0007107055513996433,0.00887774059601593,0.22686656545567072,0.029145260485083504,-0.044504997098595456,0.002742749436707048,0.006520951230246973,0.000713784051243912,-0.0002983376053408243,-0.0010608772602258233,-0.0022891457270566534,0.004819320017741198,0.0015750629469812526,-0.0010922221088612678,-0.010839742479293216,0.08366109661843216,-0.0015896668854853415,0.004217604772328202,-0.0777071983137067,0.17468614469099164,0.029954548067459383,0.09832549366927841,-0.004272689138779086,0.006098133820999081,-0.002947714105993873,0.003135060071767463,-0.0013979680255090975,0.1838459849512603,0.05346897231444349,0.15303137918517415,0.007735724231652092,0.002388963024496025,0.002651704903620628,0.001233208241688541,0.00043997058428300276,0.001896928821766195,-0.00012748251200764206,0.0026215559009605998,-0.00675357338622796
13_4,0.0023004120053467057,0.0013993214444382707,0.0019516446832312652,0.004891182671361712,0.0018203907871567476,0.0024744051681480916,0.0031454731966807565,0.002219731720040185,0.014414151061803394,0.23369049565669253,0.023519713536344314,-0.04737141915110215,-0.0008040884585722988,0.006419801623783358,-0.006114620556243221,0.000491073442150858,-0.0010295619409864585,-0.003865149623256211,0.005004729278860195,0.002090350284897011,-0.0010596780265412441,-0.010335072890927782,0.12556915662375137,-0.0018641417867050125,0.0056842231789936545,-0.09037420851797051,0.17491652660373258,0.060681872031285736,0.11069881760373132,-0.005544935933131737,0.010230761888788827,-0.003126481994245969,0.0024370361273472942,-0.0011764657405364308,0.2212454873448913,0.052626999320769086,0.18343471987602813,0.007102734228605909,0.002010239592899576,0.0025999027236401034,0.0019133454319130053,0.0032699391394087497,0.0013799504942554695,0.00035497164467308107,0.002760315614613827,-0.0009817178461167014
13_5,0.002288220692388338,0.0013732644648260105,0.001919219862355388,0.004810476978857401,0.0018351963997928124,0.002166757932250923,0.0032299493137393355,0.002095721144978075,0.009699456008426902,0.24640220696426904,0.030249264918984064,-0.04592650504899912,0.0008021362721405109,0.006597265373835366,-0.010577920570561953,-0.0020954045229831424,-0.0012973027946177288,-0.003934654595172696,0.0038356927532172585,0.0010445937135248736,-0.0016438439476756967,-0.010356151141223175,0.08999277086877129,-0.0018022903618098475,-0.005391320498579326,-0.08205297746450971,0.18394216128607688,0.05585854042569686,0.10790265331849638,-0.004513434339354252,0.010276063064860907,-0.0027519199400527637,0.0025948541326041826,-0.0014168101818840845,0.23679449187875848,0.05212694492137696,0.17307826500689186,0.0073766428844055645,0.0019418790158687307,0.0023779551807270494,0.0016743151132504947,0.003086001293758734,0.0013751634105779744,0.0005680729029474944,0.0026952256303466597,-0.006740684617279264
14_2,-0.003375062455592208,-0.004453892714683241,-0.0027181318186873717,-0.014675190798811697,0.0009386106534760375,0.000143372423898506,-0.005492733106886954,-0.006454746439862223,-0.010664620705208542,-0.37439159289340307,-0.15205466584242805,-0.06321219850169282,0.006334373425171921,-0.0007352134863659948,-0.012609360182194829,-0.008204529404534405,0.0026211706045449375,0.002025555803897912,-0.009803976791646615,-0.006134910684083974,-0.003784797887289172,0.007000418889425796,0.12074084736432059,-0.016012821751897083,-0.01616276176324989,-0.37937713634692183,-0.271092238418896,0.05469982107043616,0.09999651180086856,-0.008199034991378055,0.005006717803738475,-0.026030696805890027,0.0019992535657690053,-0.0025362715372698828,0.14294704703008063,0.005407225682548954,0.17685592139018402,-0.0025965749434174916,0.000997612435901838,-0.004203814020982147,-0.0030526057108951885,-0.00021099671791786586,-0.0021742436235288047,-0.0007516921787630909,-0.007353138015124012,-0.00331726482141337
14_3,-0.003385821131788186,-0.006058887759920382,-0.002694627231348384,-0.02963313207445632,-0.0001250193611685769,-0.0011193310711030793,-0.004949282563953038,-0.006311592763822721,-0.007107678169116583,-0.37571791072016086,-0.14870650294591695,-0.06230348880532655,-0.002342349234798755,-0.006060407875833204,-0.010905969189307627,-0.008505060587246809,-0.006526917032116146,-0.003278104265311396,-0.009907077028636819,-0.006809997521835541,-0.004650779516703733,0.005283944815619084,0.12143849384215455,-0.01837147649243221,0.0003338961843875171,-0.3760078298547209,-0.26953549812102656,0.05577625064709485,0.09874837359917257,-0.008796078683559649,0.008357918787027267,-0.025007427919249293,0.0018130403298833363,-0.006839161357263881,0.14199574675925633,-0.02860011324635886,0.1741186785244328,-0.003699656788241729,0.00021333587658627892,-0.005338863346542632,-0.008977571363826141,-5.905320141807516e-05,0.0013429053008937935,-0.0008895685254119453,-0.007247147707116267,-0.003860847270936789
14_4,-0.003459525811588297,-0.004678616630010134,-0.0024737172105653922,-0.028714023795704386,-0.00013587181068164174,-0.00011712049865554084,-0.0035251052654296754,-0.006496365948036893,-0.007939156834701207,-0.37693470104457294,-0.15047805214864915,-0.062336024899977804,-0.002431649384318225,-0.006085721185259358,-0.012558681670115084,-0.008265989999166695,-0.006397744572051573,0.00194569009374261,-0.010205589172983408,-0.006281190992482689,-0.004728823007805059,0.005747622199390793,0.12093780720689457,-0.01671834779576263,0.004035607476750495,-0.37493570776454893,-0.2767509189060613,0.055822887501109614,0.09893667241898431,-0.008608937785965862,0.007881839940727744,-0.027354635889909117,0.00153577072328576,-0.005902578628879892,0.14303695783781437,-0.028798872249851074,0.17392507543276334,-0.002659237252905323,0.0011441741776494407,-0.0053636330717331815,-0.010279112272751903,1.851064813092527e-05,-0.0024830663288999363,-0.0005038035448240179,-0.00745382440285643,-0.002252146230413414
14_5,-0.003019479006437129,-0.0060857787119435805,-0.0030260623126233026,-0.022349631902734084,3.044981690776853e-06,-0.0014125319102053576,-0.004948679592619775,-0.0062169579469346405,-0.006856133954961033,-0.3570510874998888,-0.11779877400030347,-0.0617855063126301,-0.0074107044869210405,-0.0004705153347352545,-0.013628328865624028,-0.009265231431568228,-0.006945363095910299,-0.005595095963297643,-0.010758535745525337,-0.006711060744509467,-0.005929645197560276,0.006108923911879709,0.12997714877816843,-0.017624416884947206,-0.016295670001456198,-0.37139759318487015,-0.27404445359343754,0.055466103288970496,0.09701661169558273,-0.007340670650684533,0.00931332652068163,-0.022370204885083678,0.0004079786452700564,-0.007178853099382245,0.1382563648889236,-0.02638262176685848,0.1777344989807994,-0.0034401678191172663,0.00036932648449854145,-0.005248339741813085,-0.00943037077881572,-9.30123525519594e-05,-0.002744534563856342,-0.000969291376875993,-0.007040691410364148,-0.0046653878146525
15_2,0.0020572270228103144,0.0010059717828284779,0.002252761224132556,0.004295549177829068,0.0017216410600130372,0.002274635677062061,0.0034032727629286874,0.0019515267631602317,0.0007370520891863733,0.2325698731833683,-0.0005886848727062658,-0.049311362585812084,0.0005571999579365791,0.004201596636902639,-0.006101361570835851,0.0013169039607552986,-0.0012568824467164702,-0.000439770354145912,0.005059092712116006,-0.0009690203202014631,0.0003454894931843143,0.00720588933489201,0.1345959936548383,-0.00033528267313019623,0.006455606947668756,-0.09753853958094456,0.16582020886630136,0.08213015211263895,0.11023108220675015,-0.006055848139060512,0.011888361266903603,-0.004697164036226976,0.002638959573611451,-0.0015414179264551535,0.24432681779172866,0.04206727993816142,0.23778080356056877,0.004569706792125293,0.0018814218454298148,0.0021422539171774345,0.0017992419920374858,0.003537331450225183,0.0007757920027853707,8.753450833352026e-05,0.0030709469960134967,0.005702140080107412
15_3,0.0021134907116574144,0.0017331658519430882,0.002083450510804815,0.001799963199277408,0.0017612640156646512,0.0015641514164473466,0.0034872519482435807,0.0009877268939142727,0.0008099193687810071,0.2346550725802961,-0.00010252848951377429,-0.04943488986432063,-0.006486049593125963,0.005258668726637609,-0.01075252356451673,-0.0005198338102511248,-0.0011719425389387682,-0.0031917824628697107,0.0032984709506973684,-0.001657111864772328,0.0005110760557713308,0.008017162059327948,0.1336860424393619,-0.0002328471233371465,0.0013111432039271534,-0.09956826902218156,0.16428414574042768,0.083421302255391,0.11171631509943258,-0.0052658140825690555,0.011856667202103058,-0.004430564351192915,0.0027320494236493854,-0.0014985950831989038,0.25977159305485664,0.05200920553190362,0.23634689124780384,0.004560108625204923,0.0017485583794740317,0.0024281271131834196,0.0014492889553595764,0.0015190958740070237,0.0007462828373719468,0.00014909809166250562,0.003054359991150003,0.0030053085688527353
15_4,0.002173043459283951,0.0018374543964661777,0.0016827222872166526,0.0015779946646997949,0.001872065786977727,0.0006240653438647258,-0.003035978897856422,0.0009648164218968427,0.0029899356870679364,0.23270215338283262,-0.0014385262712689256,-0.05050946461389487,0.0009156763229039777,-0.002293003151887939,-0.0010584877068436631,0.0028578070862238154,-0.0071760045386007896,-0.00015035748334514724,0.007782377412469441,0.0068473482228911305,0.0010186105154093568,0.007010640611165388,0.13293370185601597,0.0055232019838074384,0.0016412025434298949,-0.10192242863815221,0.15442020646121582,0.07963072567148402,0.10671088025662581,-0.005778540594150087,0.011893669194759255,-0.004946748107043585,0.0023987983872179983,-0.0015902686900900777,0.23415276190655052,0.031264453235652565,0.246077320295273,0.0022932584686143347,0.001969442407874646,0.001996140882481605,0.0013683569136377814,0.0011750228364511344,0.0008734292932158097,0.0003504222331380643,-0.0007213208396855148,0.005045715772409117
15_5,0.0018905848300012243,-0.0015120700740696455,0.001297875270377034,-0.0008818255093294124,0.0015885720935712234,0.00015310104719846318,-0.004192697607416364,-0.004151642520698225,-0.005891365131544408,0.2238799746160886,-0.0023943720948072524,-0.05021771660973829,-0.001612825978455275,-0.005434123066424223,-0.001331451390757573,0.0014787494767257,-0.005838289489715281,-0.00018372702739050107,-0.0014844015523058423,0.003296677680644614,0.0030969243212922524,0.007950568786541115,0.13802378318477607,0.0014911819258279881,0.006371747653708831,-0.11008225475203069,0.15461448127797683,0.07330098872611275,0.10219153002660389,-0.007436515006962673,0.0064149342967355595,-0.005877280129020487,0.0009554980550270537,-0.0026040224384460643,0.2513939926983959,-0.030546079318638376,0.25601255534659645,0.0017154629940462373,0.001518722617275635,0.002048199966197177,0.001368273870081961,-0.0002805510572044867,0.0006050547147474629,2.73620674003065e-05,-0.003678269832002396,0.009324064666848333
16_2,-0.005909135913727717,0.001288384541159462,-0.0035236657620582967,-0.011504250631625497,-0.004070417640660989,-0.008037498249195613,-0.007221618577914131,-0.007169379400820861,0.00827257010116687,-0.2864003248728959,-0.1069641951137679,-0.04094239890824239,0.013948397597730523,0.0043195610404162645,0.05140579817574154,0.020006405448677995,0.007355171393611762,0.004882340624752202,0.0046441861370199785,0.013276326198230954,0.002627723650647189,0.014646564766541439,0.13254123623116462,0.002197593819600548,0.007524495844736099,-0.26690349656903206,-0.21607244872985126,0.057722752714187,0.10441888041639083,-0.003055112459607606,0.018124274689290693,0.0444593543220141,0.006432176864784407,-0.0031081252380325886,0.15548679958859177,-0.008880114260079336,0.18357215248503927,-0.0086619455530935,-0.00408851599830224,-0.007570713622440484,-0.0076036993254232615,-0.002731527201006781,-0.001763013828963897,-0.0001852656523634941,-0.005394041860932484,0.0035951820722468996
16_3,-0.005324727610977394,0.005643090849203903,-0.0033693228126121825,-0.011336523452769314,-0.003416050170672276,-0.003043029607245612,-0.004302954141195275,-0.0032171031034896568,0.008613951370739533,-0.28471130481798457,-0.10345255174087274,-0.04107473784223567,0.013089290461551792,0.004594550218597335,0.05020333064680565,0.012017439981368118,0.0076903764598021465,0.004951881971708946,0.006137679301799693,0.01355188915601914,0.003143070287701415,0.013835343796334474,0.1308715162247939,0.002397457208992924,0.008558100841667875,-0.26473479826647334,-0.2211659401241321,0.062174489131220534,0.10432740489367358,-0.003031186602837484,0.015116902654114918,0.04615180506404087,0.006780011594680573,-0.0022780785594470406,0.1555382609277733,-0.011122803935266908,0.1844462549679003,-0.008581433253935527,-0.0035774284778722783,-0.007075447418261273,-0.006666135038470099,-0.002505740305461692,0.002666034090802537,0.0003206817762882931,-0.005356074259081326,0.00707651249433335
16_4,-0.00560364511613462,0.004528735904082456,-0.0034016162598078173,-0.008222592786888508,-0.003962196616682711,-0.00311095504442133,-0.0042686726066941995,-0.007212572211206733,0.008842019630844224,-0.27705125234846234,-0.10463425615108715,-0.041062532530669826,0.014471457418285325,0.004590712817900538,0.052686249439443875,0.02115729344771679,0.008031597187801935,0.004979852983512363,0.004889390528349623,0.011231501943023851,-0.00218670363624658,0.014549850069243541,0.13307765146647796,0.0021887167412240013,0.005966208952948272,-0.263799556184555,-0.21311162766637087,0.06517150605682553,0.10436203885657866,-0.0069927623288654015,0.018665478405572502,0.044209865095063014,0.006623530776747046,-0.0023247162053331217,0.15464306985807347,0.00107153158204554,0.18449875560079207,-0.008377563427847205,-0.00353104312037505,-0.007262934906959138,-0.006708557625487582,-0.002572197285858026,0.0026014448438913353,0.00020107406431496918,-0.005343974313454491,0.005422049209226222
16_5,-0.005358232475313912,0.005574861657206841,-0.003416146129308823,-0.008893678721361218,-0.003479855855306772,-0.003089667559146836,-0.0042727023454891475,-0.003240965579636497,0.008800446995592763,-0.2792289812485366,-0.10361148749838742,-0.04138139919884764,0.013414673490418833,0.00453338761819981,0.05262071975856673,0.021219140043715997,0.007665354868363453,0.005020796267555314,0.006098740170316707,0.013547018615638541,-0.001039189560106581,0.013950205788087047,0.13188049762733262,0.00230879872397128,0.007617274010068866,-0.2646842203001539,-0.22235097489045108,0.060999865260682004,0.10422774882787646,-0.0030694207593754564,0.015536822694018392,0.04340585724463591,0.006644409692459012,-0.0023278058165430225,0.15544778056325548,-0.0015303831012532271,0.18459460749088571,-0.0086040051601358,-0.0037273649256000436,-0.007446452541436303,-0.006616406423877997,-0.0025292140505512027,0.002572804324208157,0.0001850146685717804,-0.0052871914479948705,0.0070709662520427805
17_2,0.00284389047343391,0.0008347826773885995,0.0011359190971233512,0.002436499531840433,0.0033257629618449135,-0.0019108463771080656,-0.003895784544460812,-0.004304290643717105,-0.007567438664127977,-0.330469574258989,-0.1354217688193442,-0.057326766206012125,0.006761694742581507,-0.0019248747527756897,-0.00660952329502375,-0.005151423833856928,0.0028196487940213956,0.001441676526058912,-0.008280358726714081,-0.009014685111607414,0.0016117599603497996,0.012432846826873708,0.136343457765271,-0.012796988841833754,0.011171605599817402,-0.3020866598232148,-0.25017913073076375,0.0401090719993247,0.09800241362210564,-0.006629323689666237,0.0024502039468614124,-0.02493880676305576,0.005123155737658461,-0.002039035579656211,0.13257066334362297,-0.023459653853710093,0.180806797035752,0.0007328435464822141,0.0012688998808447895,0.001066128023547423,0.0023188111123077604,0.00031825815889253723,-0.0017839095314160103,-0.0023407558820703256,-0.004567987415279394,0.009938453416404008
17_3,-0.0011287943635053805,-0.004859555770797032,-0.0023762804178107696,-0.012374538039817353,-0.001657326730165743,-0.0005381345615166717,-0.0057161259096765865,-0.004954222251293406,-0.003254467326025863,-0.3156790290628618,-0.11544366057111112,-0.05138683478354303,0.010557555778063474,-0.0012638864258539373,-0.006881745802257336,-0.005952988605604849,0.004351199856067767,0.0023227679101085856,-0.008717313236580244,-0.006786013314479588,0.0033180936251154124,0.01659514359898887,0.13484756712944473,-0.0034292548000835785,0.015341766018735154,-0.33949277388123594,-0.23452414618670317,0.057123701636553996,0.09769273399536926,-0.006276271717257762,0.005375971381570272,0.023291528774065574,0.007335255541456899,0.007985600280061483,0.14227014081532863,-0.0196671730056054,0.1815971805235953,-0.0032792535866755473,0.00021554077617849432,-0.003316766930151447,-0.007604523570680929,-0.0002533681207749752,0.0005776632088727801,-0.0010270867651548249,-0.0050872030228974385,0.004853319706442449
17_4,-0.002011982613544198,-0.0029847782225972783,0.0024789280434287294,0.010984793222929291,0.0023956276515132873,-0.00010990401926357971,-0.0021929405055829713,-0.0048236413857874385,-0.00019082402421229805,-0.34875355439863925,-0.13053877047694287,-0.057262091972696445,-0.0038168786668572588,-0.0024575357762929425,-0.006250160234295398,-0.0046281120197588545,-0.005826262267503533,-0.002385903372414653,-0.008992497338058668,-0.004710210265432952,0.004629954157897597,0.016931832327096094,0.12361195786754538,-0.0032131158077891536,0.011403606006008931,-0.35012467682381443,-0.2577649600561284,0.058930602505165505,0.1001414573616181,-0.006199394066260561,0.009893535717913236,-0.01701769276936411,0.006383883966876078,0.011591396006235556,0.1488680147930516,-0.022096978401995957,0.1792113163967026,-0.0014910916896093392,0.0017346863057888652,-0.0021472730182736867,0.006542665871017049,-0.00011823754625281312,-0.0015737177363604996,-0.0004437772559310036,-0.0031750627891594142,0.008726929925925815
17_5,-0.002035232879401868,-0.005060390206503537,-0.00231152607929317,0.003444687209147558,1.7728039138449484e-05,-0.0011311300109507995,-0.005825841320509727,-0.00587869668415113,-0.0036858202545465815,-0.32494532821186634,-0.12004558632153448,-0.054673405948636386,0.008841324389106495,-0.002741062481533685,-0.006836953808166494,0.007036321280479287,0.002331384715174757,0.0015019185821235261,-0.006742038670748995,0.004416395007908823,-0.0015900731010115327,0.010892475870952654,0.12751099976082575,-0.008478909865286228,0.0023115415475078605,-0.3467842776006724,-0.24579683152426138,0.05530266216935888,0.09939148917918929,-0.005805850474108808,0.005015905273863475,-0.02424166406341458,0.006411453017908976,0.004457128108662907,0.14692282921500968,-0.016647769219502912,0.1808121201310609,-0.003640701069575944,-6.257554939616955e-06,-0.003364549547526109,0.0031505469524206204,-0.00019805405056326432,-0.001897101472376646,-0.0009366412870898458,-0.0050964936134748435,0.005581451062748475
18_2,0.0020458474214209536,-0.0024581060365814838,0.0023191896393777423,-0.0004208280171895767,0.0023630917241600066,0.0011883490137933133,-0.005338606749128686,-0.004072255099148207,-0.00630695423564664,-0.23220934270211965,-0.009338818462403415,-0.038505077609928974,-0.00273029774559197,0.004332945189956896,-0.010503472610828945,-0.006129061986973312,-0.00232697271239873,-0.0026533279743216286,-0.020265158736622282,-0.013610235957479684,0.0036379254145896735,0.008490886044892388,0.13539096118158148,0.003174441969312896,0.01505793414139225,-0.12931973926450394,-0.2289184342078314,0.05849556930737672,0.10090900319196788,-0.009911001822178864,0.008840411437901924,0.0209681255004013,-0.00013480661884541326,0.0036191232399906195,0.14292322210843908,-0.024553364612497054,0.19405872396379623,0.0008015956765310704,0.0006737491761616792,0.0026687671332132124,0.0016356749356330688,0.00038061837932963573,-0.0023141852856783155,0.0003351530417658752,-0.004212705337621855,0.012922364914072646
18_3,-0.0013644464352998726,-0.003789519396781872,-0.0026883676533603143,-0.009005095566897495,-0.002582629386335854,-0.0004979493078143776,-0.005077831854037102,-0.004161060075543688,-0.001759222091153338,-0.1821922851046144,-0.015980273015509857,-0.03744552435564936,-0.0011209936824565713,0.0018701808851171076,-0.009548435201435541,-0.0051027728385788194,-0.00169299097294207,-0.0030923240326967347,-0.027895361224698514,-0.012943411091215776,0.003321484901207428,0.010421588824612492,0.13372695888437255,0.004930716129375008,0.021476233425869542,-0.1292878850435854,-0.22223346274626984,0.05886702232894108,0.10221870123168394,-0.007600104061629776,0.007778685239671899,0.0422402489423752,-0.0003128889762248116,0.008097099291977822,0.1589713937083741,-0.04997683434381079,0.19809329525467395,-0.003916661307092391,-0.0003860192387330697,-0.006467603323179106,-0.004440529924130615,-0.0023326894413173887,0.00120772181078933,-0.0008589508375375669,-0.005560481340785932,0.0027332087425903087
18_4,-0.0013555175685490872,-0.0025206356617037454,1.4070505014802376e-05,0.006584524583397013,0.003098410084366432,0.00030387112113793366,-0.004605567217901373,-0.004294921513345958,0.008554209588864659,-0.3034870705799656,-0.11258582074473601,-0.055058439929650364,0.013867515566408792,0.007654802326129616,-0.006486021109666525,-0.006130193172967074,0.015231621211467138,0.012195311082739134,-0.007266965639544058,-0.007756078545509061,0.003311036646029664,0.01774794793410573,0.13111480193883063,-0.008220139260857219,0.023178097743322336,-0.29047010053566,-0.22370074815000873,0.06056146615242918,0.10251790420602859,-0.007050006284841478,0.018981628051429875,0.04976398808768362,0.005968992955203109,0.007392236000842961,0.1523900741595561,-0.02062620228560256,0.18950567848447467,-0.003992203081312773,0.0015748232891394666,0.0008999440387637115,0.006001563954909655,2.5614275119294102e-05,-0.001982637858533079,0.0005298626485334297,-0.005144333569551445,0.009099212507997983
18_5,-0.0012549156964603348,-0.0037935962175240706,-0.0028883508363017544,-0.010004009047328273,-0.002757215768391392,-0.0008018191448130774,-0.004614651454311688,-0.00420530048563161,-0.002027093695968637,-0.2033768061815274,-0.03833828397628016,-0.03882322917517296,-0.002478731717144991,0.0018454649552680873,-0.008951303053169794,-0.006638995946660285,-0.008358909412351241,-0.0024883379057857504,-0.02832269768922731,-0.013025890748986324,0.0033071387076896532,0.011328026981727291,0.1352683864912334,0.010536599136943147,0.011016275008309106,-0.12815011268715737,-0.2187346366592548,0.061223425937765426,0.10343288820869494,-0.008764528725179372,0.007116556866302392,0.04590040182439086,-0.00044657049480729364,0.008087465451405677,0.15357890544085187,-0.020776347026127316,0.19744219433661825,-0.004099498786286784,-0.0003092724245651793,-0.0056779217820181775,-0.003433064242152411,9.178132963703403e-05,0.0014759035637748066,-0.00044890404892090007,-0.0043119104379516675,0.012130889484856288
19_2,0.004002972897093591,-0.00019801710875711712,0.0013648494958458498,0.010045786797060136,0.0019133740114807922,-2.1448617250079664e-05,0.0032070442402250435,0.00326550877575942,-0.0015079910782104715,-0.3380962704729659,-0.12534726769466314,-0.056888751459730595,0.0010676284912039405,-0.0008062643203661643,0.021199318471564282,0.01040701917400514,0.0037224847958759653,0.0029051251115609403,-0.0034428546127515604,0.004321714177207676,0.0008267217242234769,0.010788947097676466,0.12890411082910283,-0.0005461331656162972,0.001759809475996466,-0.3556648411261537,-0.24765701110027172,0.06302116373791851,0.10701378149308133,-0.004859318434112926,0.011739899669573268,-0.013074236907700872,0.007113028202813102,0.002043140435834417,0.12514602135965822,0.03274230407960531,0.15161063182488166,0.004451826277433515,0.0010919740177264766,0.0019386751525309453,0.007946579463096834,0.0017936869435018134,-0.0010797724897280913,-0.0001822990119254486,0.004543657054495431,-0.0003499788213808812
19_3,0.0037338297987226823,-1.924166102942365e-05,0.0011283847726257289,0.018842878706997,0.0019070855819254035,0.0008870267582661621,0.0037905241666979657,0.004673254725143082,-0.0015286606911093924,-0.3445271501304693,-0.13033564055892602,-0.057574736400423134,0.002870581271422467,-0.0005689626324031762,-0.007657407259113231,-0.004526962725397176,0.004963986179567798,0.0029529445287050627,-0.007759510112473654,-0.005416161155508777,0.0009668644217217903,0.010619736217903686,0.13057391918605302,-0.0007875631198834559,0.0017953098800944645,-0.3606569069170563,-0.25600147402451556,0.06452819499925536,0.10637408584050563,-0.006880225921308203,0.011960061519280816,-0.009186189175252832,0.007182629910087314,0.002402495836700998,0.12430787951245226,0.03687015084809971,0.15487674371221458,0.0044352829862911655,0.0013853567124000974,0.003490350437366988,0.009716111204473774,0.0017116468672848213,-0.0015995082459357476,0.0004776297096874362,0.005215294729517659,-0.0009237264616839033
19_4,0.003936634959879275,-0.0002763367105910359,0.0013081332711278061,0.010633075845627166,0.0015857872595862897,-0.00016158469648746524,0.0028053817200643905,0.004595565349786443,-0.0018224984902200558,-0.3404671496393826,-0.12662057111789884,-0.057251672532417405,0.0009771080263918635,-0.0009135327205958032,0.02706583357811775,0.010107585686584694,0.0026883740849999583,0.002982931614335487,-0.003402692356605082,0.00557716035099547,-0.0009707839994921797,0.01042198169757509,0.12873104881580316,-0.0007987031177801576,-0.011307307260489965,-0.35860452227537387,-0.2513577435161063,0.06180586445794816,0.10551967091892579,-0.005019974716198222,0.011508599111780466,-0.009862620661313208,0.0070988146661202295,0.0017701679250289766,0.12463350958478395,0.03523622283179547,0.15097210468266167,0.004153986070455822,0.0010073754060779816,0.0017463690436284752,0.007747579787712229,0.00171964366285402,-0.0013025285221443153,-0.00033863135019884317,0.004336858950885664,-0.0017004723066004021
19_5,0.003984835855999959,-0.00015243793045198342,0.0012658293002598363,0.010617202112883695,0.0018189437439848485,-0.000160077211771673,0.002772416471083152,0.003235986537076067,-0.001511242399914019,-0.3364922971304754,-0.1259238565073861,-0.05703660245638552,0.0010252673795490283,-0.0007574652665640266,0.023695714190387872,0.0104366146788245,0.0028964412442309896,0.002861940196854895,-0.00331819555690949,0.004293082296478047,9.188884083163582e-05,0.011055087942119504,0.12833686808821224,-0.0007150312190621396,0.0022500856410659206,-0.35670976364415247,-0.24446857758427298,0.06281371822376251,0.10576155352828658,-0.0048697013142115445,0.01151250658415383,-0.010546889547526748,0.0071102746216707745,0.001930266226629449,0.1251453787320786,0.03245511457490029,0.15144716719603699,0.003626083669302002,0.0010421380098826292,0.0017716131049483304,0.00803286586370976,0.0015642953853725065,-0.0013181407690259367,-0.00029166318424646883,0.004361260096276803,-0.001160801516395105
1_2,0.01734354974920433,0.026368993002710568,0.007056372218430135,0.006656812405497723,0.0014663916439045946,0.01609182801488782,0.024892403741629956,0.010880616038574483,-0.07755495762195024,-0.20724356125551788,-0.14177899832772145,-0.04151035184143568,-0.0013409262750879397,0.00012417272176170976,-0.002786701630625606,-0.013101567788225193,-0.003805849363245056,-0.0009294787681417628,-0.02384129168765086,-0.003202771022584515,-0.001556773548036065,0.023632795161878002,-0.011342248446000347,0.015504255446905639,0.025115626476453552,-0.359443630080567,-0.1388403576589493,0.007325762193234072,0.08151537799155256,0.0034377874302807406,-0.16621003179343452,-0.09645216745586059,0.025218067813527624,-0.0019816746180704023,-0.9754390416961803,-0.043053268539994465,-1.3429240334767083,0.03093784532161794,0.0017338650870019148,0.015765437171592532,0.003263385628884778,0.0023402012290384966,0.0007137707046916319,0.00985037502123962,0.024271062380417714,0.0190091151837256
1_3,0.016120862291537433,0.025321100690314593,0.0062641831878419,0.006703523246163765,0.0014932978672093677,0.015860540209485803,0.024659856652106352,0.011146414494324018,-0.07712391272514857,-0.23530361498312652,-0.13256367329555013,-0.041815493073539343,-0.023480930451832756,0.000199664608907382,-0.0033601909236624103,-0.01290056271782474,-0.00253546403082898,-0.0017646120607441654,0.004924641446326689,-0.0026210564219461135,-0.0011592477091134552,-0.04946651785820416,-0.016370359967814132,0.015373906536303033,0.017692183745779973,-0.39645896998278163,-0.15323161911572028,0.02498628255910326,0.0822008724302319,0.002883796261884492,-0.166576099896174,-0.11217749467673407,-0.06630243132034223,-0.0014582634305547139,-0.9511516737735924,-0.04572173218720869,-1.3658947903775394,0.03079368519433445,0.0009752370531591599,0.014182413063280093,0.001979953414531591,0.0013992974772916984,0.00022435920515275404,0.009680635974997654,0.024605276927996123,0.018567708500470775
1_4,0.015938989946195792,0.025485846830519125,0.006170931260053357,0.0061271674695821485,0.0010361672345860474,0.014722912395872591,0.0241961373515761,0.010678674871622322,-0.07837027867979918,-0.2354804474961571,-0.1371045947527286,-0.041883254066585024,-0.0018130135499873255,-0.00032332392986905256,-0.0032964405611566137,-0.013663170842810258,-0.0033702869570152736,-0.0019294494671097126,0.004926322157826569,-0.0035705487442346216,-0.001519612037934461,-0.021599540800826128,-0.015908326261035954,0.01479727807806253,0.022017318411351117,-0.3802989776200813,-0.15471601881901295,0.025739973160600005,0.08067687940557991,0.002887309944707101,-0.16833359418691082,-0.11767446512142149,-0.05484774254324335,-0.0016417891372680947,-0.9551270994275691,-0.04500058153920028,-1.356505907316959,0.03075727810707717,0.0009303110748401617,0.01399602415973651,0.0017770967960268789,0.0006219296643021391,-0.0003169833783880618,0.008507421691675615,0.024022568897886315,0.018065322765773068
1_5,0.015796896654009265,0.025538226556293984,0.0059444595119932985,0.006770603171842888,0.0010943741576093144,0.015458254412983548,0.024673717035566287,0.010541570456350525,-0.0783137765674552,-0.2542637860062464,-0.12673195910628604,-0.04107740295811602,0.00012802156295997413,-0.0020490308192746133,-0.0048401538331891815,-0.013110099894557655,-0.003267440358190522,-0.0018305868542800715,0.0032733929295429218,-0.0027115920195872334,-0.0008394159959449881,0.022625597104954574,-0.024153144613482357,0.015464166050385078,0.016538744726772452,-0.3935305801077385,-0.1394074142999515,0.04709124616859471,0.08274382832411731,0.0032857736872776155,-0.1682353635534855,-0.11481641892695774,-0.06700674511259339,-0.0013163561119050576,-0.9500536269658624,-0.04436653807104934,-1.3811831792983653,0.030772852336808144,0.0006765760642141565,0.014371766072864743,0.001959569808672783,0.0006917107607870179,-0.00020089120687197742,0.0093521076062997,0.024425018507370427,0.01884093972238336
20_2,0.0022258849675063693,0.0004042366802356274,-0.0018181117597292984,0.007620890978524354,0.0015629794886461482,0.00047222099249090817,0.0024349797516541216,0.0018207299458384753,-0.001578187359696283,0.10110775043454094,-0.02103876904722276,-0.05890568476433114,-0.0007552603145839543,0.0008543550996937015,-0.04695602602638823,-0.005417739929409681,-0.004927971680181128,-0.017739918211064264,-0.020193080068689133,-0.01295063120678211,-0.004166678232096713,0.005752599355102346,0.08357548951343029,-0.0017327766773750225,-0.003757984485897886,-0.16756861925194041,0.07644333655415415,0.03702989941391016,0.09515318016681618,-0.008015730897746258,0.008604023304382348,-0.005231459460108544,-0.0029891365064887597,-0.001068910326405777,-0.15940367734883426,-0.03978973713235188,-0.5813872719297476,0.003630457641558679,0.00010437689252036018,0.0022061917769495487,0.0018998934180201612,0.001062995339785917,0.0005426730562728861,-0.0019899790263434676,0.0014714505315366337,-0.00297166789537545
20_3,0.0021860193743630536,0.0005532662140087638,-0.0017592816359809364,0.007527735865675604,0.001558330148255815,0.0006160388667284472,0.002699441216212329,0.0017444303265153342,-0.001504793317801834,0.07848224850529069,-0.024615644018487995,-0.06189444622070404,-0.0007078134417247761,-0.0017423261034392639,-0.046929502633435205,-0.00418617152669541,-0.004170843826355004,-0.017539579507782135,-0.02686960806169876,-0.014007194823161935,-0.003886192213934448,0.005344355695176654,0.08039031862250615,-0.0006436320484899238,-0.003929917069427051,-0.19519242976460957,0.05932056613036124,0.03723070231095386,0.09545798794040158,-0.008253422858782805,0.008609668251608353,-0.010144779054119146,-0.002915927114286631,-0.0010341609726807301,-0.15969382018256698,-0.04666153126830478,-0.7803065825350103,0.003626676438270696,9.243852283449095e-05,0.0019858837007761987,0.001870776221996753,0.0015081814432862392,0.0004024083228051946,-0.0019240452783953557,0.0014501670827268374,-0.002891702433380764
20_4,0.0023329449628782173,0.002024973886979667,-0.0015817738100038035,0.007299658047970332,0.0011045361605058418,0.0004911750481706996,0.0020185033568283646,0.0017714916205371738,-0.0011229652959737196,0.08728884371551976,-0.017036533756071053,-0.060788566661486014,-0.0015043078537244827,-0.004605763830387883,0.0034601419276725494,0.0033430904173321436,-0.003385406043826091,-0.012826193866344414,0.002174416683700239,-0.006139810513858461,-0.004214305541737911,0.005166503607140459,0.08034279910290607,-0.0009282357362219845,-0.0040277463730207155,-0.18978563129946494,0.07263289108706464,0.037215366737602465,0.09637075942514281,-0.008019656287062686,0.008904342713971093,-0.005243051104888604,-0.0030384685150309874,-0.0010900348684581961,-0.1329797853000372,-0.03197005785421614,-0.7777519783688885,0.0037105528443102313,0.00026989349662605733,0.002315892166140213,0.0017906452496268968,0.0013294727868045537,0.00036886911843350147,-0.002546584645707283,0.0014517888809330566,-0.0027678741250591623
20_5,0.0022653444686020416,0.0004274748552041045,-0.0018042356728369046,0.00749115688661339,0.0011788318941407428,0.0005294584252216719,0.0023161999880428256,0.001760742403876994,-0.0014171084440364565,0.09009139194226432,-0.020109393292753734,-0.05967615903556324,-0.0018402027735151675,-0.0015862788277953691,-0.03058970894793596,0.003105109133189023,-0.003341543309595449,-0.0020251352841061995,-0.0072693486643520926,-0.006056066812692377,-0.004033973725851191,0.005209961128334892,0.0827465035653229,-0.00043130073819048776,-0.004045864950223982,-0.1833724390873972,0.06994283200348587,0.03757781648334894,0.09598761887120422,-0.0077824876117210265,0.009958450645349184,-0.010436452229032573,-0.003072332098476395,-0.0010788293667709312,-0.14508744734707368,-0.04357997293823508,-0.7222975318608225,0.003677550288961614,-1.765843933455486e-05,0.0020756535594867614,0.0017315053858386682,0.0013962907169941972,0.0004182757888960972,-0.001919337049542014,0.0014275230397728872,-0.003016725726182556
21_2,-0.0017277222082541562,-0.005000709907076517,-0.0030640844208595446,0.011939844096819955,-9.810590389649443e-05,-0.0013901337045323999,-0.003528703323684915,0.001719620513373815,0.0006528463741295378,-0.35440774807341086,-0.13524736136679302,-0.05419013601758657,-0.004215553693906579,0.00029506461818277075,-0.011233128706965915,-0.0019581207878177653,-0.004100715973180654,-0.0044629159519190215,-0.002186476297127534,-0.0017019973682661238,0.008423198661715316,0.018506360599938466,0.13067204462234636,0.005020096811843443,0.0033465584443204454,-0.36653786760842044,-0.24180695137262506,0.06381932528738778,0.10387953829334996,-0.0021919550727067466,0.013835741782083487,-0.0066451961889408655,0.005504126880985268,0.01223695784445062,0.1573078209667874,0.03753404076928146,0.17659662835990478,-0.0031645023960550924,0.0009259061309637789,-0.0038083224291701563,0.00443752464362011,-0.0005439764044316495,-0.0004812773294028404,0.0005401112120021841,-0.001631119489842513,-0.0055794184370255104
21_3,-0.0015809028993477685,-0.0033481804364195564,0.0010668774262459046,0.014430097472926812,-7.465378550259886e-05,-0.0015765220707134211,-0.0037673319501349716,0.004613103898946011,0.0010593428078426285,-0.3473352690520636,-0.13352014290066933,-0.05480096585414964,0.0008783726067873566,-0.00390822332962368,-0.008384339292139878,-0.0063809706323688774,-0.006969772051366335,-0.0024091035836342183,-0.005313522680081592,-0.0055361862805891875,0.007767870810413488,0.017959326729699205,0.12742017187567758,0.0031066648377118403,0.00425071252398584,-0.3579918156443789,-0.25394217990213214,0.06366896245994699,0.10389227697735715,-0.0016571113356194135,0.014642533675614099,-0.006701252683796844,0.005304850008635264,0.011386287415190502,0.1487995104228641,0.0378175425663489,0.16964984848020676,-0.0028189637638413667,0.0014601972220187223,0.0016142256493833016,0.005150846492826646,-0.0004722701739849995,-0.00015247683541665588,-7.971934864349774e-05,0.004708885378428904,-0.004877648339566231
21_4,-0.0015870739671879396,-0.00520559107192551,-0.002086242256019719,0.012219227300151233,-0.0013497075992111422,-0.0018973327256311804,-0.0044428128105333765,0.0038610690292150665,-0.0011628659350708447,-0.3535742931981507,-0.1360325765852225,-0.05449576240705819,0.000425014482652283,-0.0017532797816153893,-0.008551979845352175,-0.003716540441171525,-0.006489769228441531,-0.0019622770392676405,0.0011966962590893658,-0.003166626225181978,0.0037164100789704286,0.01753477453396419,0.12937202559619618,0.0015414573662894436,0.002897952340481924,-0.36746645597359023,-0.24859899578592642,0.06318842435884925,0.10363391881697519,-0.0074651300911796935,0.01474179327120588,-0.006686680710225182,0.005988351363997451,0.010741772418881903,0.15391109224463448,0.036939485937575914,0.17198206390572557,-0.0032200513848939503,0.00012483711065301744,-0.003992018002031353,0.0043897497261896,-0.0004110913323695218,-0.0002651455745714252,2.9009434489190496e-05,0.004625635792595244,-0.006043549487767441
21_5,-0.0019956022627437542,-0.004994061604186686,-0.0027945968612830357,0.012806115287132866,-0.000146698298521175,-0.0013722940967428273,-0.0038503271019547348,0.004443291221011424,-0.0006503750239171926,-0.35059823198526585,-0.13505111943836348,-0.053977438268779154,0.0008247466572871741,0.0023306355963936057,-0.010440220329674146,-0.003139829722699887,-0.004511952806941708,-0.005522037225597928,-0.0023859310746539215,-0.0005787023042392648,0.007399278655423318,0.01845228668250253,0.13026175262135253,0.0050963458855158555,0.004103963386482125,-0.3684471210054196,-0.24470326792914524,0.06426408408730842,0.10420957989033315,-0.002188182255382348,0.013748376296735854,-0.008755766716002396,0.0058344883236235105,0.011649286999058062,0.15823145947089534,0.0395708413769781,0.17099439377419215,-0.00327236233259204,0.0005550640647488541,-0.0038934416442703117,0.004798639619164437,-0.00046394383835452217,-0.00034446965779368695,6.711981037226202e-05,0.004353567363670941,-0.0050066093661305985
22_2,-0.0022534285752382295,-0.004349154263595398,-0.0042816358938368914,0.007591103698936787,-0.000854587526977886,-0.0014046687536102861,-0.005925786999324477,0.000466072620881678,-0.0067912271256321795,-0.3619406747553481,-0.13512372213486715,-0.05759699168806391,-0.00352618897201219,-0.0029230983448089417,-0.008268337126799722,-0.0058342329625193385,-0.007155874270177294,-0.002415135678791973,-0.0058195077224171225,-0.0062236212419279485,0.002524757027151764,0.012479594814227163,0.12778329454052018,0.0025880185768913334,0.0060896851035684395,-0.355872048043437,-0.06582691499756922,0.06772188199409347,0.10192204945301457,-0.006811905768353577,0.012702245182621667,-0.008038320931264015,0.0026082623460907347,-0.001049687432264278,0.171446965551723,0.01192401504204727,0.18363372680010076,-0.0026022950625199564,-0.0007869934669906048,-0.004240340518521572,0.003232824449439736,-0.0013142999919510076,-0.000993667425973877,-0.001476912368466365,-0.0034618959948532514,-0.008749866300351093
22_3,-0.004853222238954253,-0.008043215795838348,0.0011795504444963205,0.007722769306598164,-0.001947888073549513,-0.0011100924988404427,-0.004848649997254429,0.00035996442795890415,-0.005186128513777468,-0.37572718594625915,-0.1380696748774729,-0.05965418995930874,-0.004001980651486105,-0.0034818614784423206,-0.011611416009327179,-0.009101471163310101,-0.007061461044279482,-0.0017761844639731278,-0.007483000529695199,-0.007005552214202106,0.0012799878133035506,0.009723866004069213,0.12373556453644104,-0.003908895550124513,-0.01800519269595385,-0.36434357922090765,-0.2778933542673772,0.05527385243837809,0.09860664611257786,-0.007233505085926957,0.004827674252744484,-0.00881547116318803,0.0038237183278316176,-0.0030524036867411617,0.1465923452615512,-0.027320428091214006,0.1687231853219527,-0.0028499277066249334,9.249015702450595e-05,0.0018246696366137514,0.003971121962921481,-0.0003972666175495708,-0.0006489862197180186,-0.00021298536895372928,-0.0021325905298889055,-0.008846145847163606
22_4,-0.0023895986514780028,-0.00235083903091587,0.0022717327337036086,0.014148282548486657,0.0018238955203415314,-0.0003619260084826773,-0.003839397432346677,0.0030910221443499987,-0.005933689401344565,-0.36918704917505984,-0.14028236119609125,-0.05686250939804394,-0.0035902996030413724,0.0015104321462392951,-0.008239059969397335,-0.0030744239957945507,-0.0033953760184718663,-0.0029628398771262042,-0.0027398289904835018,-0.0016140227999830864,0.0019118910772665464,0.012656782798269465,0.12120862089670914,0.004138897732741593,0.0036981041315419174,-0.38163077175910387,-0.26480273766484436,0.05684673955685677,0.10393936008319186,-0.006949906720176259,0.00673912360592792,-0.00833979265715226,0.0030913328466389625,-0.0017620604076397845,0.14797486140604316,0.0261969159565583,0.16325402362048666,-0.0019367977696407618,0.001492871078268025,0.002186794175618666,0.003459321581528143,-0.0006227877945937771,-0.0013467517561032692,-0.0001350959507795863,0.0036843658263605666,-0.006702591551659456
22_5,-0.0017983768256546189,-0.004739928770080454,-0.0030037209358482497,0.011109846025803814,-0.0006066232640155877,-0.0012748988973822204,-0.004103786142031104,-0.003664234715159882,-0.0036072570947883976,-0.36021382684510544,-0.13401079445316375,-0.054333715289971926,-0.0020139549961068724,0.002280460933997838,-0.008965583461010555,-0.0027806908760683656,-0.0022268915511221695,-0.003714263440656712,-0.0015059980084229953,-0.0011467280068739748,0.003886531867426928,0.013958109419724802,0.12821933043445397,0.0049547210916842735,-0.007793261161752398,-0.3707937382883726,-0.2468007580868956,0.06347277359653687,0.103747702171461,-0.006570053841297668,0.010782931689674122,-0.007134045687939535,0.006194582066128488,0.009687402529016549,0.1577247014555292,0.027793854571259383,0.17671776149821444,-0.003585909757261831,0.000587600658755933,-0.0038200214529041892,0.004609282784224225,-0.0008020686050144462,-0.0004978704877369861,0.00045388066765637803,-0.0022408424600910545,-0.007440830594717686
23_2,-0.004950974175473966,0.005132313700737572,-0.002921907753794062,-0.017957934167613588,-0.0030914462477752477,-0.002892926091217248,-0.006276383377920713,-0.004574104705758258,0.00082334785985605,-0.3794216898205141,-0.13839591261166115,-0.04904978317324338,-0.001602881438700182,-0.009202723853787332,-0.017561515853725628,-0.010322841371702425,-0.0077374267180355125,-0.0033612554582612844,-0.007776390958200188,-0.005778425532850699,-0.012396752413355824,-0.0001799241319011402,0.12546098554067528,-0.0061677839217179715,-0.015841222501038338,-0.3218389240031451,-0.2745217165753665,0.05362125079919426,0.09921142491531422,-0.0037286794434742204,0.008977595250772968,0.018804952510648246,0.005183064214366865,-0.007255001237320995,0.15244204911561587,-0.01812401338899304,0.1577112510922391,-0.008666201399556676,-0.004248272178750098,-0.008585865073142388,-0.00946394978140571,-0.004035446614097027,0.0018130487768278575,-0.0009345356220698809,-0.005977542100420857,-0.00835615433661842
23_3,-0.005175059132698333,-0.009206447121108642,-0.0030956737576696403,-0.017169737420783832,-0.003622539744241577,-0.007608832344565167,-0.005531821258467024,-0.009146545910401566,0.0006859625444392565,-0.3962914452324492,-0.14015339017582676,-0.050056847506576636,-0.009444366661553422,-0.0015790813173620518,-0.01762848970571555,-0.010650306306904632,-0.00758944364126738,-0.009404410166969053,-0.004533561947286412,-0.005919628870607373,-0.012589840396899801,-0.001337517252278296,0.12457590759948624,-0.006038014252140769,-0.015481404105734968,-0.3286882299919801,-0.2775865687297712,0.053812174287607616,0.0991391176900041,-0.007749331114589922,0.00820467625572609,0.01678654676360465,0.00492076134407241,-0.008334566114268593,0.1518368899922006,-0.020888780709294025,0.15664510466824463,-0.008806490835563459,-0.00433000736016851,-0.008671847226249734,-0.01173701667848506,-0.004089167809982568,-0.002231675705982198,-0.0010944987815425338,-0.005889182935176194,-0.009038159443229464
23_4,-0.00487390494994197,-0.00013621667057976846,-0.0031374638826870108,-0.021242366568387527,-0.0035714527857999014,-0.00741221900213201,-0.005324020209179845,-0.00820449768399753,0.0009793976947171333,-0.3858122822213255,-0.14386866467303377,-0.049266401186646866,-0.0115513288913731,-0.0019101163123787254,-0.016057836381541568,-0.010518976515731257,-0.00752610344098298,-0.009398563381113141,-0.004485917887020325,-0.005558182790906437,-0.013614703585862952,-2.728191759644594e-05,0.12591669235421224,-0.0057890548571844945,0.008206570015250941,-0.33002369324969666,-0.26866544679415433,0.05405421058364838,0.09955342745153446,-0.007703253091142178,0.008323097232535333,0.017935638265252875,0.005051099179159895,-0.008285326183405748,0.15258163305733854,-0.015176018169840495,0.15776227595779505,-0.00972314771373091,-0.004332147466810481,-0.008635846007179582,-0.010402764819865427,-0.0038441659015739783,-0.0022301477070284003,-0.0014621828929395158,-0.005985861529995642,-0.007887907485093859
23_5,-0.004779575722161251,-0.0076968354882640914,-0.0031643654997347815,-0.02015220919845786,-0.0035341489132014216,-0.00754295793265914,-0.00955599901055529,-0.008935101083460996,0.0010521772680764264,-0.3841595187461507,-0.14655924967487372,-0.049044748055788415,-0.009879865304186341,-0.0020024283190885,-0.01911898521685315,-0.009368089415375667,-0.007822802586053964,-0.005446491948499212,-0.004328964861356093,-0.005431207070278635,-0.009338087899381448,-0.00013286656862997347,0.12472212216495963,-0.0029317582015388807,0.004220126068408754,-0.3317225089901469,-0.2728407181811887,0.055084566943769606,0.09910003033885124,-0.0037244757824899657,0.008183939347479663,0.016646201866141234,0.0053053846625737925,-0.008181258195355423,0.15426337423291078,-0.026535985690745303,0.15709507535967915,-0.00961654826609482,-0.004302752709888095,-0.008473701003677813,-0.011726496018080877,-0.0038720789992945036,-0.002232529043743617,-0.0015583480340920772,-0.007958904918871306,-0.008030752442672463
24_2,0.0027481232312005104,0.00360372408433282,0.0025540930163414984,0.006252223286812264,0.0023506571889018485,0.002906132192244724,0.004685595942841065,0.0026767226820537267,0.015621376746678394,0.2828534889599772,0.017226473674044552,-0.04961617792749367,-0.005966590501215638,0.007101546759179483,-0.0008119535888783486,0.0014223411580489044,-0.0003696316314654039,0.00045247261719390567,0.005358070572488174,0.002412060995656565,0.0005573837319402668,0.0019144484025588756,0.1340511043276078,0.00134571803599853,0.008568781611260496,-0.07735009113825571,0.17617724272736038,0.08753805536404562,0.11600774609005737,-0.0030728263445646453,0.011745427474136122,-0.036995267197706065,-0.0179275515029614,-0.000993138072819459,0.22625818204958797,0.052647612282863736,0.2417600009789225,0.005455068008633733,0.0023279416831305673,0.003153570504282173,0.0024566255689482874,0.004740086926741631,0.0018429215427989132,0.000935819249453256,0.0035323074016327047,-0.00048813935210401967
24_3,0.002352997553723406,0.003573364143057241,0.0021085364909333845,0.006200317520726062,0.002029967382975516,0.002869062554492464,0.00463914788874697,0.0025717040204790297,0.012184328392781585,0.2706180266247039,0.01638671306703338,-0.04973406989683403,0.0020984546915251323,0.005948296945689958,-0.0008956682200465431,-0.00036961825972607045,-0.007559889234228529,-2.2986594969558985e-05,0.006674050081885587,0.004529298583460981,3.129507256277247e-05,0.0018274304352647128,0.13417220107191408,0.000607363218242663,0.008139498660006983,-0.08052452832790512,0.17319880083889766,0.08535459363847805,0.11512375263176142,-0.0033470564302217126,0.011621906552159469,-0.03748316456678212,-0.018353892705725117,-0.0009623394175476791,0.22251089124510556,0.057887198015328295,0.24224213192240132,0.004602389073951603,0.0023181860551493992,0.0030147394761786024,0.002403415957743929,0.004364986099352718,0.0017305102157648045,0.0008835912167613504,0.0034831428391984085,-0.0007549113293775442
24_4,0.002404330228802603,0.0034987974194886765,0.0022328948295133387,0.006107198083275001,0.001901432398825152,0.002753517042084498,0.004666204398788698,0.0025874387051049498,0.015596074259571548,0.28735503381735966,0.010764249957296005,-0.04989622122170359,-0.006255398444480441,0.006261193699769717,-0.006518519718635135,0.0011409388181013666,-0.001057114490505844,-0.004143750913867434,0.005663598415022354,0.002364413024499035,0.00019023984400155214,0.00811994262200147,0.13370573176587935,0.0012177005979746292,0.008044362859402363,-0.07812296837536563,0.1733860497925487,0.08655907185589305,0.11537991433894144,-0.003360818106657794,0.01141089766324822,-0.03723659796506021,-0.01815573615804869,-0.0009925352520250542,0.2450220743335011,0.04367082963660802,0.2415887373509153,0.004843600100808223,0.002332081598337582,0.003084903725045125,0.0025278244916654958,0.004480101986361944,0.0018333257256222264,0.0007839229506563746,0.0034784238570877953,-0.006388056712560719
24_5,0.0026370858263969304,0.0032079273465716453,0.0024721602947292394,0.0040555884110537645,0.0022353541335621997,0.002570432593214605,0.004406581399311846,0.0026068685890343938,0.015725132036381817,0.2677516978947064,0.008692710748584272,-0.05040450574028945,0.001915584847376584,0.006244664601551305,-0.005504976058172256,0.0011166766373077884,-0.007921590591158689,-0.004091663622039921,0.006180272006909701,0.0034942355050686393,0.0005018167453602608,0.00882920590336491,0.13339320798300613,0.0012954010207529907,0.009373702629614648,-0.08494622189385045,0.0946325833133562,0.08644869166720663,0.11469237261375106,-0.0033228829943867102,0.011003780235399439,-0.03794939459774702,-0.01867433878456705,-0.000873032153756154,0.23328549729808218,0.05211832478150177,0.23559854138032799,0.0042494540239474245,0.0023071114378962003,0.002979189429284899,0.002071310218780885,0.004832699183577361,0.001790269564905417,0.0009052656895918765,0.003530565075772579,-0.006564260026142404
2_2,-0.003044812669388099,-0.004327221689455572,-0.0027495902684176433,-0.005820069269312079,-0.0007737685621466774,-0.00010484798307585407,-0.006647124372778018,-0.004340696711476408,-0.0040434453974069065,0.2537512640567057,0.01272404679329516,-0.048710080799335004,-0.0007768184127804177,0.0010696822279132822,0.002081164511346314,-0.001570922430720764,-0.003146751219925567,0.0009148020315027342,-0.0008977754676505608,-0.0021156265723129585,-0.00451724352515791,-0.020655492128132478,0.08532936686795045,0.00039300653517146335,-0.01369082816008001,-0.1243369320650573,0.16675079032200632,0.05419280112816408,0.09750084083153222,-0.008395302776330844,0.006897989957590611,-0.004799427441105663,-0.002087268725961388,-0.001748075837964861,-0.1827031658052831,-0.048963069037005445,0.16813052270839102,-0.004175026123899157,-0.0006265717290337317,-0.004165449531214722,-0.001875558388751945,-0.0019446103917129564,-0.0006918561675094304,-0.002270837439810873,-0.004066802043459495,-0.019863387905397566
2_3,-0.0039539555160585,-0.0032001667058386687,0.0006318947784809327,-0.004125225309736989,-0.0009234342463249668,0.0037130544060023523,-0.006253160899479443,-0.004199959588584928,-0.0030876030935433085,0.20822629240946888,0.40710543827155216,-0.0032393016831209036,-0.001346546657539664,-0.0026247276031903864,-0.0063613760865600345,0.00199319682811068,0.0018106811314760418,0.004845382276974154,-0.001104595582236067,-0.0025087603044036066,0.0064267282848477795,-0.007036360285190765,0.07815444480994724,0.0033471110536136064,-0.041697772931413156,-0.16047925075039393,0.1326281564943721,0.0490694821403436,0.0976504514660615,-0.024712830797884153,-0.007917210518298827,0.001996503599568378,0.011687828506537103,-0.001246990056726583,-0.10044315489949485,-0.0399959961821495,-0.3271921182177982,-0.0034297308651287674,0.004580554758132459,-0.004464569748330931,-0.001310973819439704,-0.0009997984569115874,-0.0008195704112861807,0.002845504006864686,-0.00015236208834061934,-0.01889710344941358
2_4,-0.0031418014030150663,-0.003699557501177594,-0.0028133752187362716,-0.0043627749426916355,0.001304690288498826,0.0009996884532052985,-0.005993295652237509,-0.004421382121878858,-0.0024667043258684513,0.29405385957614244,0.4601651128134698,0.3176041143193445,-0.0015641955871705789,0.0020573113493404706,0.0011398618408603772,-0.002166916069446653,-0.0005860300593175031,0.00033995715212905366,-5.5104061783315395e-05,0.0006419563467330735,8.66333343907589e-05,-0.13121108427429856,0.07565060439620853,-0.00011718533306613756,-0.04216762208051029,-0.14371199963514572,0.1504993876739617,0.03963917509542883,0.10076301213196792,-0.02338166946956552,0.00984573577314627,-0.003022081958995453,-0.0007125503750552429,-0.0015673271730958361,-0.12061750502872003,-0.0621129419613417,0.17506939647950753,-0.004295750272007877,0.0002470080202826816,-0.004135305578076611,-0.003526355355680967,0.00012487780798532905,-0.00024535780957948866,-0.001969119153647434,-0.004396369039273694,-0.036754286390194534
2_5,-0.003217715486135018,-0.0033111974753153185,-0.0025455888470954434,-0.00609112289651742,-0.000937576374635629,-0.0005316189666608417,-0.006232478727506401,-0.004232781224818571,-0.003179636430331097,0.2762018824938315,0.3869998187606022,-0.04843238831775044,-0.008130080103492813,0.002175038514632867,0.0022364100542477004,-0.001342477448830857,-0.0005460159268827721,0.0005659393126710359,0.0009823225412262436,0.0018976261619313146,-0.0002781453321132106,-0.01033503840224463,0.09047527096499411,0.0011956693633596836,-0.0038584074424286175,-0.12375399852849932,0.16390464021682877,0.053838750779681484,0.10397722768130638,-0.02465828007795609,0.010499096495952834,-0.0037387585694420096,-0.0006519497002157081,-0.0014656442644386874,-0.13255191653858017,-0.06586450347120787,0.18816286438981672,-0.0038269145253177856,-0.00014317180808783977,-0.004500437907602404,-0.0012279678800317696,-0.0018136764933892298,-0.0009587866649078928,-0.0017662409236755075,-0.002925072452334141,-0.01972534491718783
3_2,0.002292474454890999,-0.0002907717770114558,0.0006441118606044314,0.004227694444437077,0.0010154993993287485,0.0013979527959730237,0.0017015553181264913,0.001901609249711208,0.00047291551346358775,0.19567725921685222,0.0006754215361614938,-0.05165290883295073,-0.0016198042173594543,0.0026438184771005657,0.002482120220027151,0.0006994560632880729,-0.004755882540517801,0.0020866938531268558,0.001532069427422599,-0.0002952499861725341,-0.0007915640933552045,0.00953490700155009,0.08706315311231534,-0.0012091224715995103,-0.006595534336280763,-0.1555063702166287,0.14154561201024787,0.06068239720302294,0.09925826964389554,-0.004984380189562713,0.010718442534503667,-0.004673788138177968,0.0025140027927812707,-0.0017972893839688696,-0.2038478577831481,-0.04297577524535113,0.17789312308804597,0.0035958470605914365,0.0008311986492328117,0.001955723650509324,0.0023709819436436414,0.0016012454146220405,0.0005211829538410552,-0.0015488707178093776,0.00234898234913885,-0.003081445069735018
3_3,0.0023614663692450247,0.0025961919932678754,0.0009741931049984929,0.004530177343153805,0.0016212500974259404,0.0013172390473263197,0.0016542134767370275,0.0017273814284816662,0.0019418311199531273,0.1926786186652147,2.049679725385346e-06,-0.05135145463144343,0.0002920368085963575,-0.0031096551365090955,0.0027155340588944916,-0.004245414370492737,-0.003537877590618088,0.002301037317677019,-0.004135009499798433,-0.004497587923872077,0.002772189784316525,0.009157523733268851,0.08506921368283916,0.0032225936705765606,-0.006415375239402469,-0.12046554751558747,0.1331410887465414,0.055292552222908534,0.10026335234977306,-0.006770701780822739,0.011791300961313998,-0.0026426259009871885,0.0027558608274806827,-0.0009913692586798713,-0.19040172020756918,-0.044330768912070245,0.18415191554131585,0.0033220623576130574,0.0007403021670123738,0.0031654628950568598,0.0020401263229342594,0.002009916429430675,0.0005117659858902513,-0.0011028782378596487,0.0022257422326684095,-0.002546927618424306
3_4,0.0021835387346088204,0.0022224033490604936,0.0006443669958114493,0.004144753559738153,0.001672936329311609,0.001087989678099558,0.001678414237602943,0.001735429836046165,-0.002196305122713897,0.18757678612620746,-0.0007839270681378401,-0.0541145089927973,0.0002721057143142496,-0.0030012699997790794,0.0026583789449794396,-0.004763613021405781,-0.003387906555093295,0.001560835036965377,-0.004119300219852788,-0.00447043878228481,0.002801861133380679,0.008480290864328187,0.08550592005659405,0.0034861420648564633,-0.0063589893545514895,-0.12311141849806158,0.1319487455525611,0.05629514576139799,0.0981830019910576,-0.005256144823177905,0.00678323084926479,-0.002719893593510503,0.00240350199763099,0.0023131515795406987,-0.1923709553129434,-0.045578625990864326,0.1891260212704191,0.003028278933130825,0.0007083572618650369,0.0024885807174676216,0.0019024186573652383,0.0010034164097195348,0.0005206032789718592,-0.0011017024850191305,0.0022738457433312416,0.0010642657388537826
3_5,0.002364368403794446,0.0020858096547069892,0.0008852781139955367,0.0041085319698520115,0.0010865891437873906,0.0008601091295872716,0.0011377326845777751,0.0012564784590267826,-0.0030590430559938823,0.19106056463140253,0.006107745047591286,-0.05024487630213022,2.8109857741095325e-07,-0.002766617818288996,0.0025322349553676352,-0.004669627668658697,-0.004118640960424945,0.0021458653431285822,-0.004305357231654815,-0.0023924674310758427,0.0010457410080257842,0.0014574942840820018,0.08117737403385127,0.0033102341078532554,-0.006341838784520004,-0.12360785654431992,0.13345297205089793,0.05414903521487534,0.09753655095114816,-0.007642916053086134,0.006140440054011577,-0.003715133527970975,8.99370532505928e-05,0.0022625892935105897,-0.19720325258608606,-0.04468272718448167,0.19328719266108232,0.003169883463693735,0.0010475921335463393,0.0026066827961657734,0.0015152547696680614,0.001777214354198471,0.0004280168703936285,-0.0016170325171875283,0.002295481704015959,-0.0029154417713490996
4_2,0.0013072050647878729,0.0022068703965047124,0.000546990411285661,0.004511685847750611,0.0012193926799112867,0.0012110750071881627,0.0044620069435357245,0.001599089024261605,-0.0036919066096458494,0.18339583716449545,-0.004384985537069896,-0.05243101768909831,0.0003463041092114239,-0.0025720425934231787,0.0030025437795759917,-0.00454657174508579,-0.0038170711501487827,0.0020659796700119195,-0.0036105809920741663,-0.006420556268397058,0.0006736987351519397,0.008276851151394982,0.12299611707564401,0.005040016817339926,-0.006583999901900078,-0.12682748085488946,0.13342258848735897,0.05996919888818889,0.10990530308390037,-0.00773129635174267,0.008111674303699202,-0.004129007239975618,-0.0006989620050079409,0.002384408388207432,-0.16591553926057231,-0.038080021943093206,0.1981051662214609,0.00034912417921269083,0.0007219655350717527,0.0034308449402216494,0.0017787186476280303,0.0004315652961002732,0.0005229316407560782,0.0008072892200354666,0.002405110430408083,0.0008141402282868947
4_3,0.0016070529863335405,0.002141659023844932,0.0009311590380314795,0.001449777781256729,0.0017060935941655112,-0.00011174986389389462,0.0014844353300443249,0.0007722216381251994,-0.0035620449506102224,0.18122600797843938,-0.009164741021690634,-0.05220299199784269,0.0006159251181679917,-0.0021482848094843245,0.0026934490608764064,-0.004500746147299334,-0.0037154118283408183,0.0021778957904832856,-0.0035258508756326103,-0.005815822400097967,0.0028882046419908968,0.008588370437926837,0.13014562270910254,0.005213242031847535,-0.006426918263616334,-0.12528628743071166,0.13419869234303058,0.06034448456972466,0.11053211902816115,-0.00639529355837488,0.008853035494811907,-0.004047627944498533,0.0006617457003955579,0.0005160352749848354,-0.15944229312414276,-0.03697200975924015,0.20106660145867966,0.0005175471635361854,0.0005301806840799318,0.003820045332881083,0.001493313501814543,0.0006876122276958381,0.0005266492265726543,-0.0012146990310796353,-0.00030791452403882954,0.0009892667466801668
4_4,0.0026516411972460118,0.002870980501825668,0.0006817440954862794,0.0018475666739324928,0.0014727794219815513,0.0008592689693565525,0.004466376242451731,0.0013316003085688535,-0.0025475410278443258,0.18273034117887005,-0.0015903441036497824,-0.052459176057407464,0.0009611124645421068,-0.002525928513053956,0.002952969902523379,-0.004106466173283417,-0.0037792125496715766,0.0018948569095980656,-0.0034254212491604476,-0.003757156741085301,0.0010374174452009257,0.008676715436885396,0.123009089449776,0.005211361833815695,-0.006349683348743762,-0.12571899561844926,0.13285798452033123,0.06004327329448033,0.10987855273856634,-0.0076032347208579865,0.008041750953262714,-0.004085594610435026,-0.0005184622364098451,0.002272247487116627,-0.16733084992989278,-0.036724379186501954,0.1949151677433192,0.0036620295360080455,0.0017434605701040164,0.00367246203645184,0.0016022677636807227,0.0017975694581140278,-0.000773134572219672,0.0006770775543486275,-0.00020705141377140278,0.0005982306667379695
4_5,0.00242124125216349,0.0028234578048199114,0.0005503021070055678,0.0043458978751483536,0.0013867508900637987,0.0012101250862272916,0.004742622526284796,0.0013802289671955158,-0.0034713031643437567,0.18351871339339676,-0.009102194920772739,-0.05214583787435229,0.0004903740692026341,-0.0020673377851551265,0.0029980105686660944,-0.004154247421231494,-0.003741362540132231,0.0019558655488701024,-0.003085672359996571,-0.006030942616508295,0.0007778623841091528,0.008635082187970655,0.13030558084019356,0.005285772653889322,-0.006559499056311527,-0.1256229978482666,0.13373899197010214,0.06050891279692277,0.11067912988060383,-0.005919583273556324,0.008395057309799028,-0.004002054534075584,0.0005814226100512302,0.002712314484235678,-0.16572252201882812,-0.03693412194702207,0.199010749352731,0.0034329732818033924,0.0015574039480810854,0.0039351446505817966,0.0017272545002304115,0.0019660591492879063,0.0002442678627222162,0.00029906111384798474,0.0027488181791351465,0.0009834353506681776
5_2,-0.01595771695571739,-0.004590856908979297,0.005970334371812035,-0.0239321550164979,0.00021955995239313926,-0.014303236789635685,-0.04093108682760421,-0.0507360098370164,-0.02788276167799469,-0.13808752235440053,-0.06571755301652395,-0.061521873657811754,0.0005879360553241176,-0.0020636030463136077,-0.0015533764298231746,-0.006589906020236607,-0.0018961585531779524,-0.0010714845332753784,-0.023580062736476688,-0.0037746572248505686,-0.0011978387241994033,-0.15144636343115822,-2.3039216560395324,-0.047023888051615906,-0.011283419484006444,-0.13151734684033092,0.050475702239069914,-0.9700163962535002,-1.810059524163129,-0.02599084747154887,-0.033962883983773805,-0.00727429189935264,-0.03383229043468075,-0.0015611708855295195,-1.2154889942712237,-0.013163287321837644,-1.7412256206011807,-0.06153087636251958,0.0005397336981552138,0.013839415217788092,-0.0007595081361353952,0.00025250025343404286,2.2105967760731977e-05,-0.018802577479603445,-0.0398693028182501,-0.04529803431014472
5_3,-0.0163843552978655,-0.03653980319288426,-0.024051037988981668,-0.025251268770459055,8.918044295169374e-05,-0.014219058139281841,-0.04112335488519389,-0.050795590715271316,-0.02905580403192787,-0.13852822104014956,-0.06508656471872147,-0.05774753622226913,0.0005699617689830003,-0.0023719443232593567,-0.002539655875648471,-0.00695925381963506,-0.0021801558771150625,-0.000800650419734237,0.004249806533520057,-0.0037677885358879627,-0.00019338841350761716,-0.1610425084509016,-2.2848275148388666,-0.047170280189718014,-0.010582927248415407,-0.13477096038607808,-0.08516856534012317,-0.9504728762251807,-1.780730291095357,-0.026170416571238756,-0.03388847089826302,-0.004610370343245518,-0.0344069253592364,-0.001987383584804497,-1.2485628927687142,-0.013535808384361015,-1.7066842000466826,-0.06150664803457639,0.0009790031739747873,-0.048103263235156596,-0.001898124486641488,0.00025454287716463744,5.3370176610943113e-05,-0.01909768661969056,-0.04054357883432081,-0.04529241567456019
5_4,-0.016385814473713546,-0.03647230819323153,-0.024487733971907944,-0.0240216952654835,7.091794577258639e-05,-0.01418816691950158,-0.04100598480402961,-0.05229608026694026,-0.028719018420570713,-0.14597151210203435,-0.06776455847963352,-0.05842296152892102,-0.0013966696389920176,-0.0009637090817142006,-0.0016779383414981316,-0.005971373306348711,-0.0010961844191851493,-0.0012467426637471195,0.004346091634336244,-0.003955079065618304,-0.0015771898083368748,-0.07270204947263081,-2.3193742147673304,-0.047026231816571326,-0.01128189520445888,-0.1315090902270963,0.05011697210473354,-0.9743589565948594,-1.8116754127255075,-0.02602785857999573,-0.03363297594780122,-0.0076567939848472275,-0.03375936192971833,-0.0019236634951906768,-1.2663456864338158,-0.009193011973097421,-1.7591219484835106,-0.06169926685950334,0.0017984008591802156,-0.048363114888225686,-0.0038026047759952383,0.00017572626662944692,-7.918034664323141e-05,-0.01900973664613037,-0.040079923061084224,-0.045279188871110154
5_5,-0.016360707911142372,-0.03635466151328767,-0.02410810657172261,-0.025196619765244035,9.779111782816143e-05,-0.014186612412006763,-0.04098631300847243,-0.052308661373168835,-0.02737141478679361,-0.14319489562557786,-0.06697454811366396,-0.05748606042639729,-0.0019720396429036987,-0.002234130674474158,-0.002246670832975578,-0.006352402786229389,-0.0014248855427697808,-0.0007729003760165147,0.004098668410295095,-0.003806754155670958,-0.0018657607649496277,-0.08261363157562035,-2.297673918426845,-0.046853037692757574,-0.010887361987266262,-0.1326373062739023,-0.08450078523820277,-0.9506718620365896,-1.7776837740366382,-0.026147263081927836,-0.033444717612231244,-0.004779215972295647,-0.03435346638900056,-0.002241382969583804,-1.2489852097980194,-0.011717733814848716,-1.7109830332715086,-0.06153574181743998,0.001003604997430874,-0.04843405361384586,-0.004302849340459224,0.00024476241297800643,0.000332206772361193,-0.01907802432502399,-0.04077392947447007,-0.045289367704827756
6_2,0.002449903327079708,0.0029174050539186734,0.001496633811683126,0.0014450066831473286,0.0015766931526185772,8.61652928602175e-06,-0.0034791091640049053,0.0006475871091437699,0.0027349570771540805,0.24577616683293427,0.03325558804172278,-0.043460351374789354,0.0025362512941430994,0.005480979931594408,-0.0006951114998212858,0.0013263966442475898,-0.0011814409983688517,-0.0021479716922713616,0.0028629209488102002,0.000928035743368103,0.00031933045226533217,-0.01122049784708741,0.08429414613059805,-0.000910842101178622,-0.0019704096273556763,-0.08484764391326803,0.18610663678102304,0.03801306514786095,0.09623409339420166,-0.007609576329543828,0.006265879738099457,-0.0039517377427279055,0.0008428069297901403,0.000856520934011515,0.20201383331307776,0.04794561313516739,0.21578469099940092,0.004203927922695759,0.002004392502512484,0.0022403106710573483,0.0003431833697094763,0.000307431812664015,6.25073764114993e-05,6.559356553787432e-05,-0.0004539760331701198,-0.0011953400578603346
6_3,-0.002053004206464587,-0.002259056942215297,0.0005815518979319985,-0.0011601682549634367,-0.00014664595974235806,0.001114677297015109,-0.003745819780003175,-0.004265800289009935,-0.0005267345261914147,0.24043374072221402,0.034374636677478865,-0.04366289501146842,0.0013644163056718225,0.0051970394109561386,-0.010157847005841051,0.0014278582243746156,-0.005766113551383226,-0.0025631657387670884,0.003081098774887814,0.0023627939672084654,-0.0008880794286950008,-0.018891010185894314,0.08456957251200276,-0.0006251489163938515,0.004810382219434492,-0.08691503676301478,0.18536550994159878,0.0381595671246934,0.09879040798868077,-0.007322553801146065,0.011356627254447336,-0.006039519038560441,0.000670712617791905,0.001192724384716519,0.2377888324031091,0.04327599766712846,0.22806888577684695,-0.0019164862382147012,0.002203093063000689,-0.001990208669193646,0.00043927640869163316,-0.0019004898809494876,-0.00036239925690223165,-6.654838013069512e-05,-0.003446002683974322,-0.0010885244722632832
6_4,-0.0016563629901549465,-0.0020569082243451046,0.0003164455009039554,-0.0022055159945607032,-0.002036511750166565,0.0011121365144478167,-0.005803942364817283,-0.004813534368580866,0.0022951575456197216,0.23927556746213008,0.028035282854789356,-0.04383697932208866,-0.01160319477755122,0.005865153419917846,-0.010242178252315432,-0.0008266034120204965,-0.0014680827922840718,-0.0027110437689805166,0.0010695305307326722,0.0031733563469665263,-0.001246747833409411,0.008039698430595559,0.0833216872707836,-0.0008515330486572993,0.007185697846124103,-0.08671744085764006,0.16626645386480973,0.03743227883962704,0.09301268461484952,-0.0072481372123310815,0.006482570597451156,-0.006114790868759571,-0.002639213192811933,0.003229079098637987,0.23575491255418066,0.040557459197320594,0.22483470115187293,-0.0015884757012890082,0.0021274463422677995,-0.0029572767732534053,0.00023592802350756958,-0.0018236695597835851,0.0003969204751800542,0.000521433767801094,-0.0037077094804260744,-0.0011540926519761577
6_5,0.0011514051787523166,-0.001994219928278708,0.001233918243375875,0.0015423201805524812,0.0016763508220783707,-0.00021221624553828902,-0.0038760389423476973,8.523379582744335e-05,0.0023011484641541615,0.24084540609619376,0.032792600639244905,-0.0431354979701292,0.0025983610698119193,0.0018731538362284409,-0.000579200625387337,0.0017940167790445381,-0.005720693534794095,-0.003659238149782606,0.00566383886289487,0.0009123397006104393,0.00107281021620553,0.0019225855828908843,0.08200256192540258,-0.0004970886693310871,0.0055402664302823595,-0.08588061395923693,0.17183487970786526,0.035629152527041644,0.09756523430341982,-0.0074170346325593845,0.005812058167679601,-0.006807373438601354,0.0024244721619751616,0.0010137656476211926,0.21075419851578137,0.050018391866935824,0.21905351096138662,0.00188754512589704,0.0017234490942927112,0.0022481283857279386,0.0005699150162337023,-0.0011222722619362024,-0.00035005099941853705,9.58658034508536e-05,-0.0037246833497177013,-0.0027023828601737535
7_2,-0.0016806288772188605,-0.00598127514650043,-0.006613684478246085,-0.00262434540304847,-0.0027364780886802004,-0.003609390257548956,-0.005780436500540675,-0.004247923752008043,-0.008647342500937918,0.21917660403626413,0.012450992569019105,-0.04989569141970189,0.0018695326188855048,0.005243834189440126,-0.01103683359510404,-0.004896418922542444,-0.002460334166951469,-0.0035820656958393178,2.0613770665838536e-05,-0.001486028885411107,-0.0027195408193514286,0.0067080543502813636,0.13015276402263146,-0.0015709479203407533,-0.005199144232231518,-0.10794317695348672,0.13318329118563232,0.02626290247826481,0.10957768174914853,-0.0077468976494853795,0.006649419923351469,-0.005102326354614134,-0.003739452798528133,-0.0026377306394609118,0.24509341699904266,0.017905051429051057,0.19629591162519872,-0.0063628145945394754,-0.001370733922784296,-0.005129468915657333,0.0013976188406204795,-0.002488410180775713,-0.001223046623458617,-0.0016409356406197771,-0.0033606934616669864,-0.003624683792955254
7_3,-0.0016799719920656208,-0.007030733139820827,-0.0017449733983811858,-0.0009477056036231513,-0.0031936727192244476,-0.0036455343395005806,-0.006057223248555809,-0.0032736106147258893,-0.008674679730784847,0.22299367624547128,0.013131442845723732,-0.04920346968302879,-0.022790681421440254,0.005635464816978828,-0.0006432684056710012,0.0007864435140522584,-0.00811529772826947,-0.004616009410682222,0.004004210584069361,0.0007195543146140069,-0.002991014097709826,0.007080673292812741,0.1289444562663166,-0.0017727897528304428,0.004242008909626768,-0.11326189233378693,0.1370891418747645,0.017804239645926555,0.10870338304574631,-0.007301077261507056,0.0067079786863420325,-0.00627220697261541,-0.0033361205655433484,-0.003456364439878295,0.22670842808731356,0.02084523734957276,0.20502673637078614,-0.005531221695994696,-0.0018274819624081481,-0.0031130317852966637,0.0017632774104970118,-0.003027980887837584,-0.0014849957471952846,-0.00035732219561599083,-0.003423375140211909,-0.0033782274916039057
7_4,-0.0017684521326348118,-0.0053452321869956005,-0.005893815202258379,-0.00766678211563091,-0.002381212054408821,-0.0029647187645632936,-0.006367134847254843,-0.004996405519351182,-0.007753878082328899,0.23673840007846908,0.023536892126513463,-0.047918897078435455,-0.02208142873526694,0.004316094999402709,-0.0015553050051818524,0.0005885026775526677,-0.0017959316865198893,-0.0005410666279301072,0.0032738616541762963,0.0003891908337211537,-0.0015118125477720178,0.006409411469508776,0.08373088446628077,-0.0013408871776211533,0.00413218280094288,-0.08870999840131025,0.1598007600203476,0.031357908143752826,0.08811957246198998,-0.007686757059659462,0.005695468039311877,-0.006557361556576879,-0.004388532101514289,-0.0029729048558327573,0.1980768445438148,0.01747241637663318,0.19541164271591754,-0.0066924120961053355,-0.0019681137172581522,-0.005453453231311155,-0.0018317384628653752,-0.0029189022485010753,-0.0025256461200251186,-0.0027990916353365534,-0.003987044041577167,-0.003742117401850447
7_5,-0.0017667011901572635,-0.00630977794127846,-0.005999805336076667,-0.0023930785703309963,-0.0028500642076111286,-0.0031373154577945626,-0.006111143437777522,-0.004808808171432664,-0.0085108008833246,0.22849713730626572,0.023329100697719294,-0.04973185310630177,-0.000993997452902836,0.0042612001622323314,-0.0005557428319542528,0.0012741574359260695,-0.0012870560464414119,-0.004582821417089891,0.003185229237691376,0.0010234995182993106,-0.0030891062411300073,0.006487638303452373,0.09070007292825359,-0.0014928809015095435,-0.006951014787263035,-0.09611448067134577,0.13800497327764116,0.028127546048073854,0.09563686711532182,-0.00793831998907404,0.006226886806712731,-0.005942454397096118,-0.0055753141887190365,-0.002785738638438881,0.21955915799992268,0.01959239118313418,0.1939525497418744,-0.006559167955721336,-0.0019477025528303552,-0.005830824688243007,0.0014367734496301822,-0.002627455896732105,-0.001565406675408886,-0.0015619031458048887,-0.0034004233749059583,-0.00318479028882809
8_2,0.00281367741368651,0.0034878907094026677,0.0011537233678666392,0.0036351240083935168,0.0017354895424913732,0.0012595416982746084,0.005563859877694591,0.0022232795272966455,0.00667996157492774,0.2017302776753752,0.007125314339101519,-0.04851849941277662,0.0008371505874744042,-0.002131017903467892,0.003049662216797465,-0.003281130385942554,-0.0028228313923661557,0.003325435128192542,-0.00253284752703344,-0.007678473256711252,-0.0008464109475237649,0.009233320076691594,0.08857061493295561,0.005212814656967448,-0.003821900795148513,-0.11190048287698091,0.14409121894979807,0.06067076117916015,0.11166082571693556,-0.006050796259483771,0.011041087482935788,-0.003437296153519581,0.006513931682088885,-0.0010863382075536675,-0.15822418607678784,-0.036718022522536864,0.1797075753352672,0.003793448518628821,0.00263946663591204,0.003542523118908669,0.002303023164988221,0.0021479642574827543,-0.003318107453938671,0.0015705011527970415,0.00332055770973161,-0.00047729884182482504
8_3,0.002479921805945459,0.002801689006065222,0.0006113503774548985,0.003661196256185263,0.0012803200125258503,0.001224387230909289,0.004464189709878702,0.0020076935477925687,0.006945762607561658,0.1952893143711279,0.01339042446759306,-0.04921144426264994,0.0005883551152977013,-0.0027506659116776073,0.0030396738915751307,-0.00413187255835681,-0.003430780501328363,0.0027796738902111894,-0.0027958814819040345,-0.008020153899139076,0.0006241580442858044,0.0027341383094856317,0.0873530121827428,0.0046037205091953625,0.004203492559363588,-0.11472504543034683,0.13820509293266095,0.05994577130607963,0.10704759522593632,-0.00409498578268879,0.010802162540724554,-0.005475700009767075,0.0015432355381632436,-0.0011412513458860598,-0.1711579619263492,-0.040153802530339726,0.17998011931625865,0.0036037428719308774,0.0009766242107110935,0.0032339785413401856,0.001840287864752593,0.0015324780368241647,-0.00352550095522798,0.0010477204264117454,0.0032332172633519718,-0.000999989654633207
8_4,0.0025196089351092873,0.0031236979150490608,0.00045820293176017813,0.003583304180556259,0.0016931133768351286,0.0012078160558386477,0.00500424859148458,0.00192750992804232,-0.010947198628093076,0.2038328470930787,0.007187555172667827,-0.049353886667923695,0.0005234751991394196,-0.0023450272382888227,0.0030473293259586174,-0.0033289840165698402,-0.002980770768720527,0.003038434284879345,-0.002412835972622028,-0.005566494891596513,0.0006541639834711432,0.00903548448064282,0.08739365875676931,0.0045640306436633945,0.0028038990872220546,-0.1081627870159138,0.15107331982097383,0.06058362683463249,0.11080847486002779,-0.003784399897106141,0.006236563231016064,-0.004920921022095602,0.0020146569136309488,-0.0010748821955722397,-0.1651698049657498,-0.03658676914023039,0.18005322124538745,0.0035244347778668975,0.0012861494798984392,0.0027287635612117467,0.0022210926897550495,0.0017697531022870358,-0.0033523209710468365,0.001173523232193092,0.0033160181340759916,-0.001357222397446957
8_5,0.0025015209074777276,0.0024125188231637297,0.001006966678953194,0.004227280596471122,0.0012373680378367359,0.001210697715624145,0.004862376697493785,0.0018864965929874622,-0.0006725040883927614,0.18386905059549663,-0.004657614649474307,-0.049334887146139754,-0.000541515830054291,0.005572717003304767,0.003086174119466029,-0.0005484934805626322,-0.0016037531821325437,-0.012633480267951365,0.0011112245969049496,-0.003973803153650311,0.00090853380968118,0.0093780419299838,0.129362029632777,-0.00010981764150976903,0.002112884920706455,-0.12091998283578392,0.13479742382500318,0.05986955642941197,0.11155325919163242,-0.0038931982326752728,0.009497307802853707,-0.004929777294037484,0.0038501291636357446,-0.0010959179917022876,-0.17988572773457315,-0.03847422172404319,0.1854916215488364,0.0037209775432666776,0.0007661729471222524,0.0032780012324568142,0.0017978384280656007,0.00149622260758005,0.00041529984469867065,0.0011045642303411706,0.003353429740719223,-0.0036512130527040342
9_2,0.0023882956156007482,0.0034204427402293736,0.002134960702954815,0.005162271393757879,0.0021915945073381835,0.002261966775883061,0.003995309774304413,0.0031321384104548385,0.015463997420269408,0.2317793857779522,0.002348890816233893,-0.04876967905432068,0.0006337548545407176,0.0018725856353528278,-0.0009665503687792646,0.0017509280304252644,-0.0006555849808565054,-0.0009943548432828652,0.00645121974249393,0.0013045196263634519,-0.0020886460581475783,0.007688743629276372,0.1330922389310775,-0.0006814416790375072,-0.007725178295586608,-0.10012268254230791,0.15131316886693072,0.07360733338721877,0.1149654850347747,-0.0050588900767714355,0.012255915992174873,-0.003684209411678964,0.0033550911334004076,-0.001204646811333349,0.2209167487229107,0.05286349327487439,0.23395701224228282,0.004808049541812596,0.002556692089087942,0.0028117070857704715,0.003003498536152487,0.0037341492287274,0.0011088244290624876,0.0006276531706253958,0.00341469491344725,0.00080038959881381
9_3,0.002383155612789598,0.004462021658228466,0.002111616693192692,0.005248524099837068,0.002191714430436688,0.002233901916114176,0.0041377196388123795,0.002916453149750129,0.015699547662667977,0.23055218078000883,0.0030298609695718747,-0.049284053966710636,-0.016323030041316234,0.005594741963196907,-0.01142786389910023,-0.0008559558256886774,-0.0008688672364944519,-0.0033041479108601108,0.001700482094639732,0.0004077245346264643,-0.0002270609857289163,0.007600558394670686,0.1332064737919344,-0.0002573777616406538,0.0007035019307279752,-0.10175622881978122,0.14575143504330373,0.07388602061975275,0.11393203014848943,-0.004659860046043086,0.012224278316144083,-0.003549282263763758,0.004511281352735252,-0.0012545934726425074,0.24584816654878497,0.052029849234831116,0.23347534168970746,0.004891759846827604,0.0025252511806588074,0.0028045994334919416,0.0029471723122805964,0.003580304811613216,0.001210104308846941,0.0005218689195456945,0.0033869086515263967,0.0008604725337158938
9_4,0.0023762238437119386,0.004232354723418223,0.0020979407988799027,0.005321487273941869,0.002245983285605362,0.0020584762162763367,0.003912555898131486,0.002745657965910592,0.0007598488371208213,0.22881915567763927,0.0025842414289604246,-0.04883018237623289,0.0007130282575500876,0.006106436195003107,-0.0009269629105309641,0.0012100894247158902,-0.007316408027989371,-0.003613812661344093,0.0036783877800037564,-0.003958631450522282,-0.002103818273658003,0.007563049267038679,0.13325995462796833,-0.0009245143863445185,0.0003015399880270707,-0.10299257491439755,0.1501034555132287,0.07156371819265915,0.11434598292173256,-0.005199999409155162,0.012074277602855114,-0.004189794526241589,0.003936466760618346,-0.001205314318747572,0.22398750547692564,0.052810359047435404,0.2323181559669271,0.004884616630837234,0.00224842208636146,0.002724511555345338,0.0029216450167469485,0.0034860206402477162,0.000320800738869875,0.0005893676647577784,0.0033467541426943728,0.000750665469514212
9_5,0.0023942084745078728,0.0031051112665134556,0.0015490492163523432,0.0042771636219435475,0.0024549333717727656,0.002201090407508535,0.00343639711045452,0.002505078772206584,0.014693734594202297,0.24268177569239974,0.0016753388572316042,-0.048947905051428785,0.0013628543918923672,0.005884397259800091,-0.0013405345970712748,0.000983484639236878,-0.001008895680406599,-6.472464091048709e-05,0.00285352226331123,0.0012995182378239282,-0.0023721180060734814,0.007531097584081412,0.13274071375512128,-0.0021273512038248584,-0.0002451304922648378,-0.09973465244571231,0.1461498832188987,0.07170714267711806,0.11391515769944703,-0.005271729761068809,0.011181747161999522,-0.023296895117997575,0.0032494695308188663,-0.0011626701254053647,0.218965603814445,0.05118966910326638,0.2321019200975785,0.004744235731539019,0.002305218782863553,0.0024086989551397576,0.0022300047159082956,0.002730302281865217,0.0009429897032830075,0.00016327775683571425,0.002997410839211014,0.0005821122452655603
