,0,1,2,3,4,5,6,7,8,9,10,11,12,13,14,15,16,17,18,19,20,21,22,23,24,25,26,27,28,29,30,31,32,33,34,35,36,37,38,39,40,41,42,43,44,45
10_1,0.017910930957075834,-0.013401140798246223,0.05909031049395427,0.015296729743592103,0.008467018376857536,-0.00858437303900707,0.014617586137503996,-0.08091237807390844,0.023264904779656165,0.26157653262053304,0.3141407239763561,0.4284247428125505,0.025695119877880535,0.010028474684789334,0.04170632862171742,0.007949503277747108,0.020064678121591992,0.00487461095635185,0.044678689849986915,0.006061327598332954,-0.004451269855922433,0.03089911054502893,0.11536116643899291,0.422198676543345,0.027162420790489875,0.5811169019923115,0.3681753415280351,0.09563788525346088,0.07004355836030757,0.008494069295382467,0.02335308612344547,0.00022121940469712394,0.034359605704356165,0.04175573157451359,0.14669419810707632,-0.0061183750006056255,0.053761606077010034,-0.0018990347767949799,0.041448228678355944,-0.018045371404333557,0.036250264835632776,-0.008806323599689614,0.019172569725109063,0.01225011090315189,0.031850014936198906,0.050666056798981035
10_2,0.01819461500709214,-0.015574910367889572,0.05534230334833915,0.005727219004112245,0.007488017408372,-0.009082491693052268,0.007057603137158869,0.023483878075920308,0.021803919237635402,0.2647373761918976,0.44770196457302985,0.44506374767699525,0.011813191132692809,0.01635139272564788,0.070369738812949,0.024063831034136538,0.017297728909381176,0.009078409283763739,0.03481182553402719,0.02471464128130367,-0.018866728837270898,0.025442679588768908,0.0986320494729487,0.4088832109891474,0.03403093918398079,0.6089140847567218,0.3756952268699883,0.0682202333857962,0.01745190568484869,0.010050365459180274,0.01621369618529684,-0.0027672201904393994,0.021503789569269727,0.03864843657991642,0.15173261929716436,-0.018821972825902682,0.05176284748503087,-0.003736531440353538,0.04754811622941989,0.01759984604679193,0.04605654375479621,-0.011226688442163827,0.012354075368661628,0.011728044366153084,0.024782277494234586,0.06552267944934419
10_3,0.018278689104493866,-0.01476740017386067,0.05552910893909824,-0.005508899996673906,0.007023817813576957,-0.008984090601380416,-0.00429699545358752,0.020082744432344483,0.02074379537638372,0.268902539699558,0.36743279341179713,0.45813927111278674,0.0003361995742028379,0.016951257667846317,0.07625623897329473,0.029860667583215435,0.0179680386015957,0.008486425021499714,0.03400199711281156,0.024177990111135993,-0.015168755301625992,0.01474899846648714,0.11667581389542714,0.32562980194391705,0.03400252043861412,0.6152234471407972,0.37029336258672724,0.08542627397648558,0.07767756352507615,0.00814725635871427,0.013874896142598795,-0.002341507816500106,0.03737113753824044,0.03773335859117543,0.1039943701920143,-0.009524386417320976,0.051659530414654174,-0.0032112698343846214,0.04800947619453801,0.01794376916478295,0.05950321576557722,-0.011208072282298987,0.010066468693530482,0.009605472135613767,0.0064773406361855876,0.04545948599001567
10_5,0.017428745222996582,-0.014044405951420562,0.035316410227175146,0.019535135287169155,0.008947413485673667,-0.00867483114415618,0.017789008115405135,0.025429414621104426,0.021431303229299002,0.32197334195675675,0.4620986703516581,0.406472726524627,0.008904888386904003,-0.005313745182833321,0.044829429802609636,0.011062426834237755,0.011023054938379863,0.004986655887411933,0.04712152653327369,0.014163777108102677,-0.02145008010014508,0.029415758064092835,0.056195056733092386,0.39638299413890443,0.03095226694588687,0.607434041926563,0.38371778601560236,0.05003144153664188,0.024861120622626607,0.007704971354445165,0.022196585212612956,-0.0005092892174714821,0.020220737439198666,0.04403372709660619,0.11427954550923462,-0.005642223281990999,0.052812026857071176,-0.0015503973690767646,0.043752227599164736,0.010230588067132161,0.049657513417238786,-0.008683517812791792,0.006147119040741866,0.011934461724453239,0.031175470445783632,0.056723995303577406
11_1,0.013533107016309689,0.006419580392662098,0.03860301356930697,0.005423954779512095,-0.017553315339958395,0.0006170456582512054,0.005253213827453914,-0.038318629909916746,0.011229544769165146,0.10632393417703402,0.11289466718604138,0.08362119900830195,-0.00030564807474657373,-0.024062916933817142,0.03207804337814986,0.006102257958720939,0.001437208504034381,-0.0009507792904039999,0.020240942065469184,0.015227844798987833,-0.041624934507939734,0.0029385694612477234,0.09504739016697732,0.053978965367957044,0.022000969243703934,0.04743655605993959,0.08253300069828423,0.001384889860344878,0.058776825706630814,0.013655144024981249,0.014717125298240845,-0.014929948577811158,-0.05086186594895152,0.1052997883927776,0.07046758619070849,-0.016740689248008006,0.03750335467480834,-0.0012674744992507954,0.008618884662842375,0.03268269440932688,0.004579480484167988,-0.012438548881407769,0.01419118215612866,0.005665772534442897,0.0013055775347307211,0.04476651129616242
11_2,0.012524802357091075,0.001799428590515498,0.025464686647298902,0.006409998672724398,-0.007605667993677629,0.0028717821684820454,0.0165417775892631,-0.09487265213914324,0.003902772015040183,0.11984640920611866,0.2240279299510947,0.3227876671444519,-0.0024411161089031835,-0.007253664967718536,0.0357793263557154,0.01682305585861775,-0.022308181231327176,0.0006306973242310158,0.026559157600325213,0.013504256558578601,-0.006198468074821594,0.006825726219556276,0.020163741207181098,0.3113297039361793,0.009341599677479788,0.507289520769054,0.13296443928983628,0.01820720884489778,0.01876154730354056,0.01670695313825169,-0.0009142636456767787,-0.013130117172630618,-0.0727954286327845,0.03379411769688116,0.07430636216340827,-0.009187500617764112,0.04793717545832119,-0.01437965414708353,-0.013444441523483461,-0.031541052413435855,0.011911881812878061,-0.009771310130242822,0.028379697609302233,-0.013836856543338017,0.005080554884052008,0.059720111200554024
11_3,0.012658115730535241,0.0028370790818108755,0.0036159744934451832,0.003755227579432819,-0.02404220166215511,0.004789048836090375,0.0049759291417406995,-0.044647102954742536,0.01047868688163292,0.08319603921447426,0.08746707329745243,0.3211519907414842,0.0008689544479478665,-0.002045519773884389,0.03227342322839023,0.004860423994649863,-0.019131759130973574,0.00640315788310889,0.032184580375194186,0.011085954190622133,-0.04578762919866151,0.0064365604301753285,0.11433704864073783,0.22668764152440923,0.02514739952488089,0.25600880222043526,0.05671619741522015,0.011155796051330229,0.060155762124351274,0.010390205384534107,0.004630648077853186,-0.012738223797322574,-0.06970216234334999,0.12667157685794878,0.08528321361715266,0.006595941497725993,0.048241997864731184,-0.014756077775453243,-0.003610811591634006,0.024743088968609883,0.008369680842330604,-0.011399678557744743,0.016003319531108003,-0.014207399187906524,0.004484566869815119,0.04043156245777632
11_5,0.013610476288087406,0.006233910579680532,0.030304384358055374,0.007766315965570227,-0.023939632668026775,-0.0017268085814518398,0.004924541658018429,-0.0318312422114293,-0.0005938159675476988,0.11032221011819604,0.11561741444195481,0.08927211447962975,-0.000969758165185105,-0.0010633128631214674,0.047413912136910936,0.012048005788147376,0.0001310662684046289,0.006460661923628185,0.01988208714270657,0.036925442368004754,-0.041834631801535405,0.0058014085390416725,0.09969383100128598,0.04839378114736785,0.019467980603052507,0.06072670780570759,0.08463709207928344,0.008427102976394653,0.07335603233002938,0.016591529485626377,0.011339860450089721,-0.013213669994731713,-0.05232405332500276,0.10792289822873133,0.06316870587828596,-0.0006851449926262188,0.04012237788553738,-0.0010694204221569756,0.00923716050331633,0.042962304326585196,0.004921863577338032,-0.010304318345995902,0.008222832893712576,0.0033549588877593854,0.00214847491924993,0.04333324135467331
12_1,0.006259079273298336,0.0027546267266509708,-0.011904537434267394,0.012453788473523181,0.006907941767987235,0.012222162670095477,0.00758438544691728,0.028519535897480505,0.0190829601783826,0.29091254783157916,0.4538194825821155,0.44379170802071544,0.004031281155323832,-0.0015297498891114598,0.05655173319589024,0.011682882908498319,0.011733452817452953,0.01103746904729103,0.03528958738449576,0.018374674977915974,0.27488405566135277,0.16151699132996636,0.10668516004153898,0.43151676329199984,0.02333006054145552,0.6094517039426882,0.4360710391681468,0.06622276072767985,0.08134069013729366,0.14242268443653577,0.0010921813499056782,-0.00342047292950245,0.029469542401535133,0.1028726158454506,0.1422345955705742,-0.0173388466436267,0.1157973256572837,0.00542921111297546,-0.0019765298652024603,-0.002356299386159884,0.006256656976206692,0.0038815978475451197,0.0033327383879800986,0.010140212505962887,0.001088855272921581,0.06605726552264947
12_2,0.013099988147774681,-0.00017346177200529826,0.0010975080010409662,0.004212413331080486,0.00490679270900631,0.01391901539888547,0.012841499951455082,0.03009186446947972,0.0156584061255865,0.3043352053293609,0.4743283194330106,0.4442308585507796,0.004951451817033992,0.013000658763647125,0.05534192878985232,0.016062891204567577,0.015779258210719346,0.009645057594027237,0.04145318151226041,0.02394188840818081,0.28633026934716255,0.1869521704953949,0.10696167941369346,0.4405015826067752,0.031801811643293675,0.6351074837356381,0.4454711656659393,0.07462400520078051,0.07940417434283327,0.16809960550016312,0.004001959469224546,-0.002254313888231466,0.022894141366907532,0.14501918873499128,0.13600518799231315,0.008002988670763413,0.11790734560778406,0.00908859598598857,0.0025043115134146254,0.0041375132559287936,0.04941099043039146,0.00471587971180467,-0.0005428258182003876,0.016177116818529548,0.0013694767433486959,0.0802089414789575
12_3,0.008765203318767368,0.001644043505804624,-0.0005496979826222376,-0.006627734717862051,0.005635819044733082,0.007641282881763303,0.005854910062747824,0.02354238831278044,0.01673532787490123,0.28859334435401807,0.45526283868909845,0.4443757724768985,0.003782008134716559,-0.005156337495373876,0.052254472873752095,0.014945451545999291,0.014966751762630038,0.009783338161073988,-0.033302121513257725,0.008981333403546087,0.27647798478314983,0.16107651674041853,0.1072914878362452,0.4412002879600741,0.01557686654861053,0.5924003797387876,0.4357220754035179,0.06560608020486679,0.07439355712131519,0.14901623236236966,0.005862536193878466,-0.0036861540595032947,0.0212719752212037,0.17494121034459817,0.13678922669679694,-0.0060742037680627595,0.11657020139936383,0.004931637204624276,0.0018999719729221392,-0.0003281436978303985,0.050351177666593416,0.0047743762902255505,-0.002645598121599244,0.0111168788493543,0.0007662281364511009,0.07244742811136218
12_5,0.006949545383562914,0.00364964604647147,-0.005142942731584104,0.012355840704162173,0.006986444827369287,-0.014290487359073182,0.006568945747328597,0.02868425840559845,-0.004323480637017472,0.2731212762775333,0.4409189293241531,0.44439050151146336,0.0041563635388400895,0.03244107085407181,0.03061325214191765,0.002557299264992871,0.0054035624631808225,0.005730717960315806,0.04176125043846233,0.012653522864806975,0.279268338612477,0.1871175016480889,0.10795069425818037,0.42963364396648535,0.025778293314702678,0.6153606605596601,0.43956489003676286,0.06846272433749263,0.07959929478870055,0.15160040684317785,0.003755391683223863,0.0034047227964448695,0.028768150282902704,0.16683486859162994,0.15372003745932458,-0.008923189915916684,0.11304520712018311,0.004802972745872796,-0.001879952444471872,3.4858445303150396e-05,0.008855179795705756,-0.00032313731527264673,-0.006324918444192452,0.006598457071541035,0.0006689905065737323,0.0728034989716069
13_1,-0.0006710627027727839,-0.0024791522999618038,-0.005783750555531175,0.007380422948072153,0.010333074677361002,0.017845325837758153,0.003852325245425938,0.01606691497458391,0.03229387714204751,0.0898896420573724,0.0824727490400968,0.05923292827235459,0.002279873206185187,0.010258972912540396,0.0551092441996504,0.013535538162894458,-0.0015189826722547476,0.006090940114160713,0.03333088198405292,0.030921602702384077,-0.016928549312868427,0.005165412573600438,0.04503594884394615,0.03518626353273725,0.013602398045397833,-0.012920993735957276,0.053599136778830006,0.09164356791225593,-0.020937256294530502,-0.015620697474467425,0.0030269990167939697,0.028377313574642495,0.05598147238041809,-0.02751933802140506,0.04360344872133448,0.04804351702431389,0.019620414257710554,0.00046193901081521035,-0.0035035241911358112,-0.0038180711727593564,0.00022963755373649864,0.007395645936597351,0.014069479778651946,-0.0021714725110342356,0.004844743907592851,0.02248662755408499
13_2,-0.0013062501215084829,-0.004449436602627431,-0.0055830721143477445,0.0035439073971079435,0.007651047602595003,0.014661879465152999,0.002460811282352935,0.012492655530768651,0.029618817427146418,0.07752894180828449,0.07830306358381535,0.05846471424417464,-0.0013316769931789809,0.009869962660581695,0.05816517384108263,0.014741938199110391,-0.0032744062531437266,0.0068477401502044484,0.03248884717755577,0.02520103851757282,-0.015657089449046296,-0.03829921328822671,0.044542028345405396,0.007305307170210327,0.01595715606140383,0.03623107603336871,0.017021208179265734,0.09777850040460567,-0.000481615069541193,-0.017264541513607432,-0.0027480199545421593,0.027472258539191174,0.0479349238693959,-0.025533124701004446,0.04176675991749822,0.04522417874674439,-0.07712694509702345,0.01650859834393205,0.0027386103616706863,-0.00902770855699219,-0.0019034096399252022,0.009961232106569358,0.013380909233917146,0.006010338133524461,0.004312536744224591,0.03934559496006197
13_3,-0.0008487732988361085,-0.004083831588290583,-0.009146752021205322,0.00012212975178248393,0.004069888785682817,0.01257147591365525,-0.011460454552490796,0.015952104751295215,0.031730744263942574,0.09347377849164472,0.10575577068854662,0.05824146531125696,0.0038980041216149586,0.01352352681677782,0.051825773172475637,0.015256647439901997,-0.001183098306496166,0.001194657235245512,0.030035169859236047,0.028826316468321934,-0.013892918530740532,-0.005042314576407473,0.030394690890906694,0.0018111966904252861,-0.043767056883283646,0.041223691865356585,0.032504302542106636,0.09446714246267897,0.0009449106587155673,-0.015735912506683734,0.007981207349548084,0.028278504155228285,0.05890670502447666,-0.02763888551875392,0.03563615864871244,0.04878632947201405,0.009378519036006477,8.131470122189902e-05,-0.00804794373551172,-0.005646159793491644,-0.005340972657409544,0.008462249937345097,0.021935034871137498,0.0026162467095057753,0.004063893405496905,0.02655346306635707
13_5,-0.0008479739354768268,-0.004991774348177109,-0.009967212823760025,-0.0040779822942182,0.00574730973564329,0.006509264191678707,-0.006224659313198684,0.025037204370644044,0.03877857461542846,0.10549213921630857,0.08691688138431429,0.0602405589131505,0.002684196825320349,0.021202057361316348,0.047678502479749384,-0.002232113730020642,-0.002750638979228993,0.009773490321119706,0.03482981615260591,0.03824890545237778,-0.012095354504974056,-0.0032058350200004143,0.06110846462870327,-0.009426316319788873,0.014084298917246533,-0.05697143225846917,0.042130719383338795,0.08775952529342232,0.016604758415325455,-0.01433236369066669,0.009790354071085755,0.03000246840749022,0.061245612172522966,-0.01823053141288025,0.0574960089386509,0.049830022864370146,0.022780226792251092,8.640781128635322e-05,-0.011327796486240788,-0.003166732829697218,-0.005087098926726188,0.00808977598196708,-0.0028755246840301654,-0.006477113268744283,-0.00418598949213053,0.017675004063275827
14_1,0.004140065373210288,-0.012771077403550837,-0.011366232258111003,-0.005434367726747466,-0.015560035505758432,-0.007958375284093395,-0.011419405346243569,-0.0004902587218678639,0.004685473910590635,-0.11584452457069448,-0.2053988780712119,-0.1351605502066408,-0.011023560850082947,-0.004976691926673726,-0.054602240267136386,-0.03220098646506096,0.0015349312202480084,-0.0033842147642800416,-0.05588104395436743,-0.04224755597086598,-0.04325667183112811,0.010171450659223084,0.08623121246822701,-0.1534089276257973,0.004534383353885737,-0.2185307730391551,-0.16385461034029486,0.044883207932776746,0.06435898283791602,-0.017318643443569537,-0.0023461667965501737,0.024858846138059092,-0.0034997925972639343,0.03208055066600403,0.07707597056162799,-0.006469195473256139,0.07634616129222602,-0.0014930137555602238,0.0005666549545258518,-0.010771418494477212,0.015697258123532502,-0.013917555280720475,-0.0170435700479485,0.0009860962251779745,-0.011414871210465256,0.022995115899381847
14_2,0.001297931431471392,-0.005298558480296891,-0.007676822554526945,0.0002779172881753313,-0.013667018963258382,-0.0013728852194364466,-0.00852592813166028,0.003310534646154479,0.002396179585979778,-0.12434073473263911,-0.19139227410744253,-0.1267346880801921,-0.006071689383852079,-0.010552218211033337,-0.053628577057281315,-0.02730008897984184,-0.005497244635855384,-0.00828955760214715,-0.032537629907025065,-0.0356826539062667,-0.038900485094531395,0.010760293389790992,0.0886815620012613,-0.1604196304373172,0.0064849075294644044,-0.22923624581975813,-0.1678284819320278,0.04578258600016597,0.06879613147402425,-0.014842128996023269,-0.0006739563250974425,0.02504005736732445,-0.0004451542801047698,0.01775518365035894,0.08158817365219459,-0.004756837929739688,0.07690715822462653,-0.000620031387070352,-0.009331824582837591,-0.00417047256209046,-0.0024615389661848735,0.002873740704592943,-0.002457049965895391,0.008159641154696336,-0.014603563593660936,0.021281969977003105
14_3,0.00027254971171136906,-0.006436440082613072,-0.010700080761492948,-0.0026506770543235814,-0.01924756400436383,-0.007675220399412597,-0.008596589001978351,0.0013711111529546534,0.0026135500959194773,-0.10386797346265354,-0.19011589036987128,-0.12811410718468566,-0.009654390089376767,-0.024666149459707125,-0.05426812719120317,-0.031261802753518975,-0.010547228813488916,-0.014003863934408424,-0.04587683152284674,-0.03498989551663516,-0.03857890130788366,0.009398666990719824,0.0881517830473486,-0.15988685903916997,0.021763088654907708,-0.22675946008869485,-0.17333760320465322,0.044187637064810374,0.066398717482708,-0.01458330587209754,-0.0025744100645294656,0.023718745515265663,0.0006736423709261056,0.01732015911260686,0.08054643792815441,-0.013789370960148015,0.07619799196176694,-0.0019215004040011906,-0.01017510681997409,-0.006077078416414851,-0.0039551606225700035,-0.010407426847258077,-0.01582825373500821,0.002706731294275279,-0.015859235078400962,0.019561284615264747
14_5,-0.000590309748534767,-0.004570507988172026,-0.012803795472102473,-0.006095968359399292,-0.011213684138860246,-0.002015395086299616,-0.011175516307921074,-0.001611473208637182,0.00960930828686703,-0.11517165312332628,-0.1967909302944976,-0.14208132586527733,-0.0031321958108416407,0.0031742329187854825,-0.06143472541682936,-0.03974940009007025,-0.0051884540522022715,-0.0061972718185767635,-0.06388130526277391,-0.05407300076615796,-0.03744592514334314,0.011638703875593778,0.08578457049904362,-0.15582997439670584,0.009709535454199537,-0.21032441546240427,-0.16574791764345811,0.04586611599176709,0.05365979554144432,-0.016565133719730955,-0.00017666469831399256,0.021432290080978616,0.0015950982072436238,0.016111054005681403,0.07644202129847154,-0.007529182694033442,0.07548427336345406,-0.0014698453542981269,-0.01132020646155458,-0.007596797752428745,0.006253436224435392,-0.002175195187725157,-0.016443779084227082,0.003896105881500301,-0.009838122327427742,0.023251426379084502
15_1,0.0014723537828090847,0.009554731193505075,-0.0014056706035647172,0.01585012574021682,0.014594001876800721,0.004428078355550753,0.0036518627151293412,0.016707823165129122,0.006818553814353303,0.07320599521086973,0.04431799661709412,0.04171836098172002,-1.2068246583369236e-05,0.0009893083334050021,0.04748233117480561,0.010052573433267438,0.011436740351428715,0.005806865745325794,0.025494152071615657,0.013019038579770043,-0.03113352935440989,0.006841153333678301,0.09526575206779231,-0.004342640023526584,0.015932052679143723,0.026225284125673792,0.022002277486794196,0.05508345402683697,0.043800452022248255,-0.0015283599789595414,0.0036380420810977767,0.019088272112665755,0.018334836313816265,0.010864648779280289,0.08883320644389503,0.027929803835923812,0.07929532665931925,0.0022691457610662207,-0.004835272427213379,-0.007557836362014541,0.0004389812407846223,0.01258368032283649,0.006353369159790614,0.012982805114349292,0.009727763799742897,0.03349244785663703
15_2,0.00036962294776468857,-0.004535552413109728,-0.0010652913253783724,0.0050856216768283185,0.0020395995207756383,-0.0031040357614630838,0.004455678129239201,0.01974882074827615,0.0028702753128529352,0.06616175227281906,0.05352284185590451,0.04301346478934052,0.0032854916713894408,0.01291773578631343,0.047958780654861644,0.008927457604385838,-0.00473731923093103,0.008292567886774488,0.033727626205810136,0.025335698459743976,-0.03339541270474793,0.004005378390153062,0.09506439195646722,0.001483204133163231,0.019440476433489493,0.025686734785499227,0.03455977932649139,0.06301568599537105,0.02054791396653569,0.000662746083774144,0.0027544819627177085,0.01916645089400377,0.03855440685202725,0.009062618146042927,0.07978358014127611,0.03144427543457164,0.07740152688543661,0.0012740485066962326,-0.01260360679809538,-0.004368108414236181,-0.0005790117793575811,0.010688216339090003,0.012826998072779766,0.0062860681879627085,0.0020851732673411024,0.037093885314850736
15_3,0.0004879573891984886,0.004769530701029791,-0.007057838074157405,0.010256392222770893,0.007323702527078567,0.011727713605424319,0.0003747750418561979,0.021785438257983458,0.009236748157853011,0.07248560408515525,0.05231919886031789,0.03975120896931194,0.009750621200128025,0.015748377023330668,0.04387169248747992,0.004290325536845364,0.008882763661149868,0.0049472699197590135,0.03799418777643,0.038417219749651815,-0.03116830839557861,0.0023833625489214517,0.08874907875885742,0.007801496959709023,0.014619362761779144,0.017470108478848032,0.02929243504799645,0.06678104769183871,0.058914544829426305,-7.089417142857197e-05,0.0013987566468837828,0.019174189128524508,0.05266995913768227,0.009876803899630833,0.08850631460765865,0.043068390444432836,0.07552948353728817,0.001443586040668506,-0.006679840765410542,-0.005122020118433392,-0.0002388958536130943,0.010592699053567849,0.013346423198648953,0.006375493003338328,0.0019172725762615968,0.03440967367842607
15_5,0.0003997780025063926,0.01059893112177149,-0.004455800852987411,0.01653458452652614,0.013936134669922677,0.01101866852986929,0.006027193469420578,0.018504735130955005,0.0013703517936013328,0.07457962446973143,0.0572565814977968,0.06597715471809187,-0.001149784889500523,-0.0022385859341643635,0.04668226818831264,0.014457303517571744,-0.0016703606507212755,0.006488744923076361,0.030552836775149247,0.02486382507349187,-0.02938837170454297,0.009853775955530199,0.09561360850064117,0.0032975075816214566,0.023525697041853925,0.018201597966043214,0.028523750169589836,0.05819565746330356,0.010422609260934473,-0.0035770421788038687,0.0005508168259787316,0.01995886454146135,0.023433022801817444,0.010187559611867942,0.09881711502599685,-0.008801294275518868,0.08269683250930408,0.0024015814614910857,-0.003011729273823958,-0.004821212216205503,0.002045052676881775,0.010445292089409891,0.00687954314831227,0.014119667272181315,0.006104566727868629,0.03364747003337657
16_1,0.006000807346365032,0.0063342327269679,0.01380841859715993,0.011918631284618798,-0.003768674988173419,-0.0009561496198576083,0.005227404288049606,-0.03600769682352607,-0.00592166092870995,-0.09944642455334424,-0.1420815189714242,-0.11651023337754705,0.010267769647343555,0.013203354537734684,0.004308882514466591,0.01661430838816086,0.005758117575525618,0.0015243844504136302,0.005405329781110054,-0.010205910563736367,0.00978125298977664,0.013843208614027222,0.09968400220099542,-0.12934734937745346,0.030494774110035264,-0.17544668559464097,-0.12950736108032693,0.059317844060953216,0.07634669441596591,-0.012148800354251902,0.00878417091112797,0.007180174628345407,-0.016118257404416764,-0.024701654027371973,0.07116967114761125,0.016002759809699833,0.09677917267173736,0.006373529605962513,0.004258750516003862,0.026774869600228686,0.003369422208140856,-0.0020063558382098215,0.006214504448144187,0.00035072717567345284,0.011144068086539945,0.027477995039896095
16_2,0.005911731277316394,0.006417283393239488,0.013615180829034474,0.011900429524732125,-0.0030354117953536102,-0.0013288123952134789,0.005147206244383137,-0.0356943288005143,-0.009927062603064403,-0.1006678287747943,-0.1397631087240544,-0.11680450705749823,0.009811672531339292,0.014360810863468482,0.004021309490214786,0.01658545443015691,0.005446209684869993,0.0013570588606054337,0.006107778243146443,-0.010550697605342165,0.009581268997445304,0.011434110504365859,0.09627091111315167,-0.13063770329839303,0.026927347191060033,-0.17505641003578318,-0.1309214093372774,0.059646152913203604,0.0755341934699479,-0.007065674263212762,0.008490764934901548,0.007179053002066871,-0.016353749566943278,-0.02472144443367331,0.07089378296686201,0.016970872740058363,0.097581619704907,0.006116000333056387,0.003975776650014994,0.026220002006509438,0.003200519300731596,-0.0033937194052723538,0.004716097806333367,-0.005596011501706031,0.011511321129416038,0.025664925613876816
16_3,0.00588540293981239,0.006521946840989875,0.013753147688133871,0.011800557917659106,-0.003133595486179233,-0.0012619578216821299,0.005166673042227978,-0.03567477508690586,-0.00679962988958719,-0.10157665036359781,-0.14229890376608306,-0.12034317361675176,0.009826210050788407,0.013156033297578359,0.0036791435014058003,0.008814856586902939,0.005673449663055008,0.0012925575039426614,0.004881972351338954,-0.01068528829818184,0.009392625952754106,0.01361003994517105,0.09710274004879758,-0.13212526474199732,0.02646060602931419,-0.17591851763796346,-0.12958315348017038,0.06007621298779641,0.07550879232424672,-0.005790771073313682,0.008675904636968886,0.007109405787451285,-0.015379243395397412,-0.024853930107920637,0.07103019478037689,0.015340551782743236,0.09734860994682842,0.0059855065524393,0.004056956851995824,0.02663290250175896,0.0029351204143235822,-0.0033264949397505275,0.006783144796092239,-0.005796952487667489,0.011616039856154965,0.026917648535763405
16_5,0.005929132064948682,0.0066052107471519786,0.013926312618728778,0.012162631144384891,-0.0027178928042883794,-0.0010137064726731405,0.0051456305331170245,-0.035306261906436015,-0.008719200217226839,-0.10023008846561747,-0.1415024827056975,-0.11607073278113192,0.01020234266659902,0.014204984886615672,0.004780473255711064,0.01705869790650439,0.006054972318109176,0.0017667727825582957,0.006655207234874524,-0.010241914677874565,0.009891480481357115,0.01418106925532716,0.0990742002897281,-0.13018731714652632,0.02703306635498249,-0.1741327398817094,-0.12978503444580416,0.0601060296065385,0.07535618430175146,-0.0055460754978858325,0.009109860058577344,0.007764895830683287,-0.01600419752548243,-0.02459991861037144,0.07170206587037686,0.01794528260281666,0.09822427138248736,0.006219444939414121,0.0041777195889767015,0.026232158050636955,0.00336734495100412,-0.0017292105066927317,0.005406254581091874,-0.005605353053219873,0.011839979358248789,0.02744205960206274
17_1,0.002255218947101879,-0.005904795272775739,-0.006171967006831904,-0.004187727373211972,-0.013118312156814816,-0.00817311814361347,-0.005542908412892774,0.011564218872077953,-0.0327619943312132,-0.11525680343084735,-0.14890454496849953,-0.24406475820415238,0.0005319247502832497,-0.005796235236883671,-0.04249239108706447,-0.056784490208823146,-0.012204153261883071,-0.0028410780043837593,-0.027354104472807724,-0.02669841906282431,-0.03006899766861804,0.01208818881736564,0.08958876520469848,-0.14510972753081314,0.0371451478581888,-0.19113082919668437,-0.16840014636457898,0.029265863443178892,0.09137030721653426,-0.006710487950570913,0.005582259961243544,0.015894136171170317,0.011894263283189658,0.022960145486713258,0.0866963611659504,-0.019728359714357484,0.08653085798839022,-0.004044718453211945,-0.007903455505384654,-0.007527153908308615,0.006791735198722413,-0.012274103430757315,-0.012895170428135932,0.0018029928668921598,-0.0014035043179994615,0.028449273007564432
17_2,0.0009289184253930638,0.0026980778789703606,-0.005912497246091187,0.0034573271376222912,-0.010426544754689125,-0.006205755141368102,-0.005116003388005453,0.009428589108667715,-0.013607124452090086,-0.12462046259200342,-0.1402016795744465,0.004298193582427418,-0.005001633538941497,-0.01830039420647072,-0.05310769680990957,-0.04557527404368841,-0.014462584924796369,-0.01035233630706183,-0.031925178268807024,-0.037743699293088684,-0.012085051267727784,0.013434587418677956,0.08094719538369748,-0.15180604176091014,0.027733326662460624,-0.13531919921456445,-0.17735534355210203,0.036877013124413445,0.04173466940781998,-0.0017910911288754495,0.0015780480130645031,-0.00046626360111812204,-0.00033645692303865154,0.01780293842022515,0.07947050586137011,-0.0031282462092511428,0.07905502620969918,0.0001270701738573747,-0.011891783594459117,-0.005999752855128441,0.0008742992838084282,0.006471205444664316,-0.0024752850499083147,0.009124999237750127,-0.005690165165142073,0.027991898813245486
17_3,0.00431600736062517,-0.013714716403456511,-0.004413145329873283,0.0027594022360277683,-0.004169186409897761,-0.006083861156182208,-0.007392255202759009,0.010501314680402288,-0.004944088173307123,-0.11433120448950414,-0.13914812738362128,-0.12837587696003339,-0.006098185434655887,-0.010676965647715187,-0.04551733541322826,-0.023281926555539605,-0.005023200367610544,-0.008618747574676002,-0.02746018878130069,-0.024080136637540012,-0.037090319712514815,0.011404508335718041,0.08631267917201749,-0.14322924684725358,0.033959417276070825,-0.1954717252936143,-0.1668958145046059,0.04452385637828111,0.05374329336370234,-0.0086029491694806,0.008653093118584403,0.0009736029108512286,0.011411943549097215,0.036588929085045664,0.08513255061987433,0.009532555311275262,0.08654190098056509,0.000934472288177677,-0.002449181926501345,-0.010052749083154958,0.0064332893636812214,-0.008013330376964499,-0.00949541679284432,0.0012338467961240107,-0.0003452771995211443,0.028777874604409486
17_5,-0.00013479763559866428,-0.00805064050527252,-0.008292954929309104,0.0025583029334006425,-0.010518613555968509,-0.008105336894042865,-0.007020633957453236,0.006795504956308995,-0.0070027369317397226,-0.11301177554241756,-0.13995034125179756,-0.11163147335696341,-0.002343141708119248,-0.012247333521698373,-0.05357472139674407,-0.021357848560474325,-0.007171786953732219,-0.00976054459945114,-0.03184383685956016,-0.02789323521327214,-0.03464175463697216,0.015162373972984205,0.08146129836031328,-0.1530647458873755,0.021803069660789546,-0.19911088842052613,-0.1695811790083278,0.0466112287789786,0.07236894252777835,-0.00751391900602822,0.004506826859865709,0.003579673122180452,0.005589293815554779,0.0217565721490231,0.08604088018299041,0.005274359791092461,0.08591988204729567,-0.0035958072995608465,-0.008181292798391367,-0.0037134978958231406,-0.0009050704502032842,-0.016043141914556452,-0.013464711328555659,0.004847976206619542,-0.013693149449101816,0.022862830423065934
18_1,0.004230554994827629,-0.01220027415630748,0.0017875329366545804,0.028247824217144907,0.0020132706274135093,-0.004243147542477611,-0.004293400480191066,0.009720606826240723,-0.027353265225981548,-0.09452351082999373,-0.20310236214391042,0.014640558796909274,0.0017803656814942795,-0.01598242528197288,-0.029771355047353343,-0.038036716943857046,0.008229957686309896,-0.004610255694950192,-0.024320414898839193,-0.02685983000582948,-0.03648255956984885,0.012339523372402099,0.09668452340759835,-0.1419963591063383,0.03851726872200272,-0.059391325984718114,-0.16581853583907574,0.04052847593935544,0.06733866942522587,-0.006376549031536905,0.01836855253622068,-0.014433265205559062,0.025597289386242568,0.038644069927183215,0.08464180859607588,-0.027579738372411663,0.0753981418574937,0.002606538762546569,0.0014961079471839426,-0.01115679994206682,0.014019910025383876,-0.005934114301769348,-0.0077926368926117505,0.002589872335350028,0.0027745627425182543,0.033488999645276026
18_2,0.00016640370058713808,0.006859161226525162,-0.007403809005755105,0.019155344225218144,-0.009165285634838304,0.001572742227562354,-0.008229415869320833,0.004584019430481153,-0.00937747948974986,-0.07811314605985652,0.019248238796762098,0.022275882701693808,0.0007365256149359568,0.007893914736990268,-0.04902402647067259,-0.05791818138671884,-0.0006012935758851679,0.0025260334626091684,-0.03913619702310053,-0.053840059515615435,-0.017567232248174854,0.007475391603788581,0.07277763279341076,-0.05849014718010945,0.011720159947526416,-0.004694548586722695,-0.18879898988969374,0.03578283835856837,0.05760421983694822,0.0012010519187413541,0.003283090489543088,-0.009982262834264288,0.007290069690060876,0.018975648374879552,0.07364488839805133,-0.0072495606275824916,0.07633661336511514,0.0035110223786725316,-0.00801741809056273,-0.005672810855952754,0.005857948358027195,0.00751789555969515,-0.002985333117604434,0.009843221581332141,-0.0029195485034625834,0.02882159987311974
18_3,-0.0003303081459623678,-0.014545707401017365,-0.0059350161081744455,0.006243570574803894,-4.540330165556133e-05,-0.007388748788001723,-0.009580787619054686,0.006214440331676321,-0.007509656003095031,-0.07333042341455084,0.02475775665315142,0.03188138426649139,0.012695799599996699,0.013475465151790022,-0.05592406648754822,-0.03798833221051218,-0.0005097231030053381,0.0037588865878706917,-0.05342517341163614,-0.050250293152908965,-0.035755082214395356,0.004848074760968999,0.08446700520544737,-0.1348971810685061,0.014407550365603119,-0.027960465669220745,-0.17599355250958054,0.03969176852321305,0.06403094036396753,-0.012389060738317862,0.011021599567915853,-0.003448317008491971,0.009253872431426231,0.03588951028942368,0.06810070052171052,-0.007192012089024647,0.07845903612931865,0.0032651521349841227,-0.007308174684626694,-0.01265761183573581,0.00920217259990898,-0.006109323455829966,-0.01771856200441388,0.0025564254353492607,0.00010726375234907005,0.0332306500682191
18_5,0.0028358196968184387,-0.014321523363133259,-0.012295868668782748,0.0017488708468218763,-0.0009526007582511009,-0.0029628311995086704,-0.005004838143194014,0.0036335549175765245,-0.008177545040765215,-0.06801913198426224,-0.02409133447254894,0.027471953031393485,0.012523216818245003,0.009552938536160595,-0.054894076070645996,-0.02916078684668353,-0.0011732838180079073,0.0009813618292637113,-0.05235712606539769,-0.042382335461597365,-0.03597723809026456,0.010575460634751004,0.08486223894304012,-0.0941723265735405,0.012815900378729305,-0.0648993995153,-0.17999866726830643,0.04204644551990887,0.0680647098142668,-0.005147345932082234,0.00896020141012712,-0.004122018952507455,0.0023953014710568227,0.032932764065576554,0.06960355567305572,0.0037041042124615455,0.07586144339425979,0.002004084163948651,-0.0038664213304189206,-0.006876603557900574,0.0023798736623704426,-0.00986552090955358,-0.011210383920604004,0.00815733839655109,-0.007612053362564534,0.030818966007006655
19_1,0.0028798661874990107,-0.004281553083809328,-0.0022161243716643953,0.002920010500087862,-0.002017752770162497,0.004547814178890413,0.00281488224470508,0.025891878499420578,0.013738021267940465,-0.12471461659612791,-0.16123977572584844,-0.135798853580658,0.0013437608902356255,-0.02122145217375568,-0.02782231746179319,-0.003655016190291704,-0.01361990093032153,-0.008910464537892612,-0.03326830434783603,-0.039549497819896695,0.0029914753817827456,0.01783195224707969,0.09455148610391238,-0.15596903883301955,0.0252599269228856,-0.22023815174999614,-0.1702313682522163,0.06313975718951599,0.08221415106818082,-0.010899304593844117,-0.001868962528947813,0.018774969048263496,0.043489524802056985,-0.022567791877604104,0.07467716763710647,0.017311481353739295,0.07595649465365127,-0.010145013797022604,-0.008071155474796643,-0.0003750740841175374,-0.0018810198606956452,0.0041706499409176,0.004743768219192923,0.0018631073984347202,0.004625310237476434,0.02350173053102023
19_2,0.002278174243915421,-0.006135802971952032,-0.007606504540730305,0.001233635146730279,-0.002246439819917167,0.0030732855498696093,0.004544941305762428,0.025839902835584565,0.014040991480477022,-0.12388342708378243,-0.15774104277544526,-0.13602910827988976,0.0005329323203670243,-0.020703982376369452,-0.028110872028066322,0.00528372364216544,-0.006252080151874616,-0.008353777426617543,-0.031371036299185556,-0.039495102812612065,0.0013806266014485947,0.01750029692437645,0.09192156537749045,-0.15716375658780113,0.024899642459644853,-0.21832683024378038,-0.17468258842665382,0.06259195169604014,0.08638603166822892,-0.011035041141577778,-0.002572170333001255,0.018668656636110077,0.04359813685692346,-0.022529451722002172,0.06733401973111067,0.020685760864781032,0.07560855420437732,-0.0006583373900823881,-0.00855698149344585,-0.0011221790582851363,-0.0031352699528127306,0.003393382184775602,0.003433309789418913,0.0006385477420456367,0.001787653065631798,0.025183171387938096
19_3,0.0029760821204060763,-0.006098839466133208,-0.004909687389836905,0.006495961449312363,-0.002868020878695344,0.005354541014719551,0.008062482528263698,0.026359701614689066,0.013037938444151617,-0.11945322255932839,-0.16151934731142667,-0.13961836933528307,0.0018923962043363156,-0.024435959802542775,-0.03951369500637936,-0.009088431142007927,-0.005227079805459226,-0.009299382393873002,-0.0352951345885548,-0.040994985635241725,-0.027717243972389043,0.017426784611150138,0.09113320436858197,-0.159704051604464,0.023382920429807854,-0.22259871615866075,-0.18465671884816573,0.05755810934413603,0.0861505120408341,-0.019549905560636138,-0.003002337285267691,0.01989125010419116,0.046117567400201766,0.01676102151483014,0.06758209396033388,0.023117026122501428,0.07564483307908437,0.0005526235601933923,-0.006268468527060653,-0.0023295287808884047,-0.002607749925256407,0.0035139854076677774,0.00573090471087776,0.0035299442450329958,0.0052769301159331225,0.024903177620485994
19_5,0.0027249428530904327,-0.004830067866473078,-0.01304673535390298,0.0022651036878335406,-0.002229297011688599,0.00459162256324992,0.006058461023257197,0.022692530210939192,0.011739190169039074,-0.13028473274895333,-0.1608562615316306,-0.13565029193086786,0.0007551629453344875,-0.0209106719867351,-0.027847126546477526,0.00505576161956434,-0.0063500145672377994,-0.008345566750646682,-0.03309446739182376,-0.04033453347365334,0.001504820818517234,0.01775289548264109,0.09132499702667723,-0.15720781556832036,0.0237307459545329,-0.22107495674010844,-0.18560873716046683,0.0632075447941651,0.08216684539165946,-0.020151578706353306,-0.0022288583893572797,0.019725473106265285,0.015118328842967836,-0.022601435070660536,0.06726455125930712,0.021705364800127257,0.07584987238355341,-0.00023936745829260502,-0.007575125565922768,-0.0002661252795561353,-0.001743678825171025,0.0035269833396116266,0.004725668171454277,0.0019855400371449968,0.01268971822621913,0.02542717514953787
1_1,-0.010765794289178924,-0.0061209142396319435,0.015150183312716477,-0.011947757384688179,-0.0004369040334955026,0.030192744434528483,-0.003327502072351958,0.00845359097081907,-0.17707308496524113,-0.07431720088071452,-0.23561544538376727,-0.22868615399208017,-0.015553887506688685,0.018783434418629154,-0.059668717152324274,-0.05029359398964716,-0.01645116714115909,-0.004333394360661276,-0.08982882660875023,-0.055521449942523435,0.023921182273704936,-0.054387078865053375,0.02258535671866822,-0.13781728887015254,0.013962101701962654,-0.23283535404404046,-0.14655730925533936,0.02025679323436371,-0.01856233235461185,-0.022212688379097057,-0.05674327429575384,-0.0496771614572637,0.011322708071552154,-0.03603323916401756,-0.5833822387456874,-0.10117473440870461,-0.53689782700309,-0.012843046273849155,-0.01902966900882365,-0.00722327563735497,-0.0019642191357595166,0.0052583186801734485,0.0020224837630731267,-0.005018106093590675,-0.0035079991153521904,0.03915616499230102
1_2,0.001841466876112808,-0.009291597725912254,0.012439367693879613,-0.013178519793438887,-0.011727048345056784,0.029140817722400996,-0.004872638230326046,0.013452102503263714,-0.16315159995042852,-0.08524835643648157,-0.24130572359986693,-0.23391034901366178,-0.006302429123018159,0.007114445506038095,0.02762967039319253,-0.00024681403773122996,-0.008951225093499679,-0.013758922702694392,-0.04325177859588896,-0.036294070844233785,0.01950738403647908,-0.012780726836169704,0.021752649568127547,-0.13711226614563063,-0.013717575536390008,-0.2377270643662702,-0.16582238170249589,0.02275613465334685,-0.05844541032770628,-0.027576276650395123,-0.07206304533022725,-0.004837394129294962,0.040245358240303716,-0.03626514310424242,-0.5622759911467123,-0.06719883818687492,-0.5272503537113472,-0.0011189795027501186,-0.01635645874734009,-0.0074699605836374425,-0.003961193086245787,0.0074285411947749465,0.013455038060648886,-0.0062191721489724535,-0.002873803600957615,0.031875250915762314
1_3,0.0006685188314043677,-0.00590953319533376,0.011885338184383459,-0.013207604339282234,-0.0046579396097332325,0.029568938408041957,-0.0032740819706282035,0.008866163498706612,-0.16879638727889362,-0.07642132128277032,-0.23554662678662425,-0.2270034373374337,-0.01369010131717199,0.01422875852933145,-0.0845424264557739,-0.03789788332552307,-0.023938678407781605,-0.0010603156146442774,-0.19474539085547832,-0.05137588176302269,0.0028218865138613285,-0.19737693331423886,0.021970531495692683,-0.16006827450857536,0.018003098269214687,-0.22954561957708303,-0.12946993507483975,0.021377862495576754,-0.02177362948094234,-0.01143169489009451,-0.04841230620211369,-0.05554110540689452,0.010141230370753346,-0.035997926137443535,-0.5960271086346618,-0.09831095995502351,-0.5418680196541086,-0.003530687835616754,-0.019667885082688692,-0.007065756744156577,-0.003141739926002597,-0.003607751629226559,-0.0029820604944355224,-0.0056911015154863,-0.0038003286257551026,0.052042189280889314
1_5,-0.010738750841801531,-0.005716556016256332,0.016181426516953767,-0.008148947644667514,0.0002571026888049977,0.0293856643958501,-0.0018644142281766503,0.0033229503421989726,-0.1584859598742645,-0.12433483158507183,-0.22582562022465122,-0.2104055774901945,0.0009034102373138254,-0.02108716232947891,-0.0655304085362692,-0.03666572486112558,-0.019773671727801735,-0.010320907305238162,-0.07602369477275116,-0.06944908272752232,0.025367717529873608,0.011078757049807078,0.0263140813771777,-0.1265339483240136,0.01701008182751951,-0.21899874287959809,-0.1461025032133679,0.04011854545322848,0.039118493192550154,-0.020020021684815602,-0.06246828509054686,-0.0657313108771674,0.027459444658240732,-0.025288646151486488,-0.5858468863098225,-0.09447590329701956,-0.5638986890864904,-0.02187670193044103,-0.010740429989207306,-0.005470324485429339,-0.0019504660149125476,-0.0010297192211483194,0.0022398289263137056,-0.005178297868822249,0.003370845559529905,0.02261146854090123
20_1,-0.0002129380285739477,-0.011688218406259566,-0.029563457713685296,-0.00495796134565514,-0.014480659982055432,-0.004301579486255004,-0.01064785446028151,-0.0006440791672602655,-0.016941980614859794,0.009224100753679776,0.011105202167270952,0.011539270293437324,-0.004182628439636226,-0.04057118758381502,0.0348435806287358,-0.00889012673729985,0.002421147590831245,-0.00031901748834177305,0.02015556829373617,0.01155013434316206,-0.024641707242017766,-0.01893018743863962,0.015068819134011091,-0.047973744650714176,-0.0211784140877045,-0.05626959950006469,-0.03580373730252656,0.016815738833244685,0.025768254745073785,-0.028222734946574325,-0.016020186602580245,-0.0036011937940949447,-0.008916037046694043,-0.024126191254292124,-0.021844222695379823,-0.08328277451491059,-0.209367272765156,-0.010645262270084398,-0.022780150477390907,-0.007927845539027112,-0.011949234683757652,-0.008745433021443507,-0.0018573660520242972,-0.010280173020874923,-0.009299460426295928,-0.021134455306395777
20_2,-0.00018818884274550716,-0.0032533354045705294,-0.04126120875640055,-0.022837631009969918,-0.00915677844781859,-0.005532836636465763,-0.009762530931254459,-0.0018665374989099742,-0.009989794799521445,-7.479210043716915e-05,0.01733430554755613,0.00135677951696965,-0.013975238292763401,-0.0035904492647449897,-0.023572731614532372,-0.028440310280687414,-0.008102257445744035,0.0027034927126305714,-0.14156636762546765,-0.01966208908379182,-0.04000991117184082,-0.015683031794968796,0.015407642729500674,-0.05425463360086038,-0.024481788344266134,-0.06192338323031545,-0.026911303980306587,0.0158296428806695,0.013266817447216157,-0.02106700987447382,-0.00013408278034832068,-0.00021794923723459915,0.023143897355786234,-0.02951195063792301,-0.04047688144509013,-0.0423549173608505,-0.18403560753867154,0.0004837936623968115,-0.022526328561483833,-0.007159697445179032,-0.014155219528911347,0.0008778374677431111,-0.024949743395860036,-0.012794439126950365,-0.020988208587911755,-0.02163882045041933
20_3,0.006857812733366371,-0.003635978666291578,-0.04127476842796729,-0.029046637753781312,-0.018223227671991298,-0.006546652082866294,-0.024601768265571963,-0.0023855917907772903,-0.014002772407725392,-0.00421238691633142,0.016066386182807157,-0.0014339576707386313,-0.0030018105191127456,-0.0212282835170413,-0.01898259295763308,-0.021768969849671718,-0.011401400456177371,0.0028880167560789336,-0.12361094312837226,-0.014765954052227226,-0.03898133921243473,-0.013541775375617513,0.014330785717036651,-0.06651445522143562,-0.02393745102764147,-0.06909449482679139,-0.025082686698033888,0.005329024160575217,0.015746756247333453,-0.020451390001420596,-0.01728869694567869,-0.0034984415528039573,-0.007420678380663291,-0.030033376285310876,-0.03477091313633731,-0.06302965636357263,-0.24559741719780917,0.0006414258558724209,-0.025834317518481878,-0.006914337334671736,-0.01434618435418237,0.0008674318125647743,-0.024661865953616892,-0.012701596914120806,-0.02052233996575107,-0.02455962369228099
20_5,0.007259430203830295,0.021897547320237656,-0.045804308825739576,-0.026594539214207832,-0.01486312550852767,-0.00593502717283001,-0.026568940431195696,-0.0030192792952047826,0.005664743162182239,0.017039215873073006,0.024636140080632786,0.010429287027965313,-0.013300028522018708,-0.02716001358699826,0.03510032949614981,-0.002131078152262932,-0.011109175345813785,0.0018893965852843668,0.02370781871075224,0.001009877974400988,-0.06249515642018442,-0.014561018265209105,0.01888976340525062,-0.03544205278861712,-0.02395329643857765,-0.04358334925293273,-0.011982003987791028,0.00867486111623019,-0.012552328837558024,-0.021754237087948693,-0.011751694905586479,0.013710275208526097,-0.01222715028634326,-0.033030714734959006,-0.032557508950715984,-0.0623020186118493,-0.24146140810797181,0.0005994135990138287,-0.020510574750803316,-0.007084298397474883,-0.010159915617684798,-0.004348828437219219,-0.023735977702342773,-0.0063629558259116125,-0.02393661976773745,-0.022748438575703828
21_1,0.0026174538771770815,-0.007677708197226281,-0.0028597092299978565,0.009574458206128312,-0.0026911050644213893,-0.007269492731325717,-0.0067783795840765226,0.02064040156084139,-0.006752115548024575,-0.15531889955801534,-0.1645483284136093,-0.16827116872119025,-0.0013680176803748134,-0.008275669270642787,0.023245159953835227,0.004597162143542039,-0.0019559505936391146,0.02684597566444972,0.005587244821113872,0.006105047494209585,-0.039999024913396505,0.027779831640239405,0.10165097312086294,-0.15797871331596014,0.02307565328761448,-0.2081224591734106,-0.17252923139422355,0.046203016362957594,0.0932042854451369,-0.01881368506340285,0.01131010251206477,0.01961828606851246,0.02360868012499169,0.03629011080610802,0.061229427808119415,0.021903693328568768,0.09592203430310686,0.0013918613922610304,-0.0017047040952245407,-0.0010708105465432542,-0.0002731785646811536,-0.010853517534939057,-0.015414467599307115,0.012879220994463612,0.01016022966370361,-0.13707011556934623
21_2,0.003627535664940227,-0.021709171431491155,-0.007066614978825114,0.003443450628699168,-0.014114309601099155,-0.011846241101206145,-0.008761702652141486,0.008975994123522846,-0.006706072019088832,-0.16743993388198558,-0.1675323498369492,-0.19097124333800305,-0.0035127660726723903,-0.0013456644616437305,0.015928222902988107,-0.0007180452440971403,-0.0033726977982515833,-0.01977852672101957,0.000379797394873587,0.00771032332266959,-0.038586371309371294,0.025149042805627908,0.10455993003469291,-0.1607644996768043,0.02206624993784913,-0.21746495736292115,-0.1869088644442215,0.037608530699116696,0.0656639538254431,-0.01863591019404882,0.009635052815547584,0.014937513131828303,0.02358101809230806,0.03448265719777389,0.06744050531184327,0.016920119520778553,0.09122003857449032,-0.0012838123164869526,0.011225899325678135,-0.01860278271213044,0.0006651965994887526,-0.016905759457503052,-0.027981592950679833,0.002019142838404411,-0.006507723750764876,-0.18317275058051263
21_3,0.0028672301703401757,-0.0003968250511852711,-0.0022290539512210914,0.011269280404324575,-0.0023127725851087725,-0.007177394909550116,-0.0068411709244117005,0.022159564778879173,-0.006599194429522564,-0.15350991992256147,-0.16541802947307327,-0.14529210286462413,-0.0032357293794900883,-0.006960553285793682,0.025215709943699427,0.0006637505509925146,-0.0021148353090027563,0.02590777633852816,-0.010051130189357655,-0.0011705691945625809,-0.031748086773239426,0.02834104379370875,0.10052568295744337,-0.1595658299657122,0.0232622903681257,-0.2046987987876704,-0.17816779452872628,0.04699870238161998,0.07881036416714818,-0.016148326695990825,0.011894924699026962,0.021282531817627074,0.02591655647729805,0.02057386406530486,0.06149974566065481,0.024694360452201698,0.09565999330178922,-0.0005517785214595205,-0.004561716300107219,-0.0029746619689511233,0.00034594425203723873,-0.011487921237252632,-0.016719079165006513,0.013238002251892405,0.010646806470725882,-0.13406964312885478
21_5,0.008034995425908829,-0.010686283857909205,-0.002402902953165917,0.011760982538745862,-0.003920675572681623,-0.006153037361277311,-0.007282376176967001,0.020833323298358443,0.0002443222049378293,-0.1547310427239448,-0.1616820589352288,-0.17361501099416257,-0.0015232928347507272,0.004963386708013648,0.02532022838251597,0.006700129822195683,0.024758139617594384,-0.0213674875779057,0.011658638511827388,0.012800521305053079,-0.03414559015875207,0.0248023023768412,0.09931517709652929,-0.14417334536948676,0.03298745695581803,-0.20592714283502342,-0.1709258112718275,0.049080120409173596,0.07307810762042659,-0.014047199930457631,0.01028350294005176,0.019636114689021263,0.023330146079184308,0.0372433831435563,0.06224779243360317,0.027402802981241328,0.09449773209300644,0.001147526196690982,-0.003199321276094924,6.073339024465151e-05,0.0003024603943932174,-0.0014294396641727188,-0.009865590394322655,0.012809590559506572,0.010303431771843187,-0.1743908921730423
22_1,0.003987638393158501,0.0016064252666879739,-0.004310850009505985,0.010964477424669005,-0.0012281697126976538,0.0016959981955077408,-0.0066254936526496215,0.020708215536671532,-0.00303035904501517,-0.14536700043748418,-0.1610779467143221,-0.15575275676863218,-0.001001060072918895,-0.007022933516744136,0.02104435424274835,-0.0022461994154259423,-0.0014760191320094835,0.013774950073085369,-0.02051506191038129,-0.003675801930029503,-0.03650627839609016,0.027276304799318387,0.09891795191703448,-0.15495454979301823,0.03254486995155116,-0.19275147059945855,-0.16069795988752547,0.05887208909420068,0.09020855720321065,-0.02171488670621387,0.0076713208518027175,0.024130938064230754,0.026516086393998557,0.021661631328172705,0.06338438218491142,0.02546624576034936,0.09673596051469005,0.0018538542788556372,-0.0038160507264402145,-0.002420396519901074,-0.0018916481998211489,-0.011375033333379274,-0.007821095262314804,0.015323675285545842,0.009450658002767957,-0.13411893915568535
22_2,-0.0008807979385625055,-0.011790931915108766,-0.008135658879571751,0.0006919658357255312,-0.00727947154273996,-0.011087930826798728,-0.010868124665113969,0.0075744454378562824,0.006252324383136702,-0.15537283069517568,-0.16501624550927785,-0.15898230135489352,-0.0058958386314150735,-0.01984387362131738,-0.026395883167922844,-0.022929801358219915,-0.01392800605043981,0.00475027929266475,-0.06159376291962472,-0.024167407676092493,-0.024548228842174724,0.022912778339180356,0.09596370286814246,-0.15402669799271793,0.026851109782790615,-0.20665133939134833,-0.14111499738409572,0.05168448954006953,0.08786810168978328,-0.023009725762918595,0.009932589657305892,0.0145380986721571,0.016842327969744032,0.033191534158884234,0.06454243800255419,-0.007336124762084797,0.09901168184813305,0.0008793244599004721,-0.0008476254714897479,-0.010217443451753318,-0.0032293783696401043,-0.0045950349522199604,-0.027420704885079052,0.001291417341090045,-0.011407191246431875,-0.14335563358405976
22_3,-0.0013865161759342736,-0.003881133934416624,-0.006407343062393687,0.0041637506367969215,-0.003419194078339353,-0.002777607398558656,-0.007035512816648782,0.008617833908925112,-0.0011847104876516613,-0.14896112520593222,-0.16743323018732859,-0.17080041154616502,-0.00561551833943016,-0.01264580879345802,-0.014421305030297246,-0.01804672699048665,-0.009144280312023457,0.007433748480784105,-0.06104767360598894,-0.022237069569231774,-0.01711519930470006,0.02148196638711677,0.0958035765604723,-0.15896502221180375,0.004181082040715638,-0.21137041369792647,-0.1748894233501721,0.05299709204782083,0.08651230753740181,-0.02542690404577645,0.00012172644609588897,0.025660938271684763,0.02393142635188303,0.01845127941311851,0.06375672040201862,-0.01265195744397647,0.09707730585736274,0.0016703816231610816,-0.010956936979251403,-0.004311901407755794,-0.003022652881171664,-0.014607840650381404,-0.013695259652419637,0.010821877431618474,-0.010044896317190053,-0.13907920163644605
22_5,0.00875102931243686,-0.010323397481383102,-0.005930844863402024,0.007727541556347294,-0.00701866940130955,-0.0055190586259128965,-0.007627263665782742,0.009808284183794007,-0.004216378730736748,-0.15119628073878266,-0.16617002877550274,-0.19136424947484798,-0.0006052325077421585,0.0015580297470740262,0.026743583730930793,0.0032875684739686766,-0.003113302087924412,-0.018493726498015357,0.005012299960924514,0.0103938287210255,-0.04579183955174004,0.029295923506512132,0.10608976529335115,-0.15147682672159452,0.01316661911837382,-0.20955492246005988,-0.16629829539876828,0.062454151517593995,0.08742508502760293,-0.024272587559810436,0.00801471036920765,0.019351034710890027,0.020632586462574147,0.035517865772659744,0.07119474738871799,0.012565438805428824,0.09532058930167078,0.0014610960469655355,-0.005938071582209065,-0.005326420365540308,0.0013162682974489097,-0.016747659033469937,-0.015654610831737616,0.013832820421552285,-0.00672695035841967,-0.17893311222886416
23_1,0.004499985238737011,-0.00024355873085208263,0.0075812280161972065,0.006817543700145961,-0.012226652698994282,-0.004168074107210817,0.003446554808671001,-0.06585950851555698,-0.007745569056604073,-0.15275526402244302,-0.17722875253097925,-0.20072205665070486,-0.0008752748402237223,-0.010908237912681256,0.013054919553908024,-0.015789970073813026,-0.007342174390772041,-0.005092482579248015,0.000521930920465276,0.00740827644827825,0.0013565709296551325,0.009179471443219305,0.09116928157508994,-0.16232449481265734,0.012645390449321569,-0.2133173732548973,-0.16178880594971223,0.04818255950736552,0.03174531728906252,-0.029291584946246396,-0.002115747226072025,-0.00595548523081076,-0.034083272094827866,-0.027857894712815193,0.058072934016729263,-0.008762719513685763,0.074959063275112,0.0017276270131460756,-0.004703320745572618,0.0183754871085008,-0.0027666484791413664,-0.012070638722847542,0.0015361353081052508,-0.017048511257148964,0.0017410813473175315,0.023578718835249615
23_2,0.005233800429444442,0.0001799703488817091,0.006581429338423255,0.009498879852303922,-0.012059162799071415,-0.004214603216157054,0.0038091618710362706,-0.06350211127764376,-0.008708910556897258,-0.15122711543551592,-0.1742579307327316,-0.18561908616432543,-0.005404994109746471,-0.01336546441034411,0.01433838448622684,-0.014009152101790977,-0.004277430218685981,-0.005052834208588608,-0.002055048704086612,0.006691720458773513,0.001640702387862358,0.01305831804766411,0.09389397621475715,-0.16803547424032186,0.0153351572636081,-0.2100425525100478,-0.1595775716851451,0.04482913187722712,0.030057524012657,-0.02340196898174352,-0.0016014185465382529,-0.005198887514791477,-0.03336034485415695,-0.027494770247545573,0.060095731444251205,-0.0100194183940071,0.0780552000128513,0.004633189912422564,-0.004543498500743746,0.0207789778327756,-0.000624416701995647,-0.011445417623689934,-0.005601676219565076,-0.01699854821570353,0.00255789124763694,0.02306793571082808
23_3,0.003927646600403413,-0.00017176446668680783,0.006493501673952863,0.006362457539805031,-0.013045976913728994,-0.00484207087462221,0.003440432155658625,-0.06671027692881916,-0.011267379759709852,-0.1530610560084309,-0.17668904866654522,-0.18751090302321238,-0.0076076469469728795,-0.009818544703071098,0.014520707013592883,-0.017344962772167943,0.0037160481342402474,-0.006070089135609026,-0.002936067143912295,0.004108808866393387,-0.005915538851503144,0.007773766964470951,0.08902448857431676,-0.1518352729652288,0.012325277447748445,-0.2152183690462516,-0.1636561035583643,0.04727003368917775,0.03143060124464547,-0.024135853933160402,-0.0027807952956478994,-0.007285606067665157,-0.04297221512345577,-0.028337252658060835,0.057388680960604704,-0.009930864777742238,0.07491039943376612,-0.0001513983965859574,-0.008572574310616416,0.016566587133697613,-0.0032072561030636088,-0.014161632964760121,-0.006593395115118016,-0.01750148625285145,0.0031806307410630545,0.022419978802820633
23_5,0.003775104736879359,-0.000247949534686593,0.005543527471237632,0.006790479515555098,-0.014012410140510032,-0.004438198375683235,0.003259124561087855,-0.06748946704776604,-0.011873414559455567,-0.15175962346342736,-0.174332705521218,-0.1862073926065691,-0.007164037622759732,-0.010025328236227572,0.010853351755124009,-0.015802819255069503,-0.009012853245852348,-0.004796458275244667,-0.0018279701907453953,0.004433108717882278,0.0015498638028770971,0.008602161029904767,0.08895320955338715,-0.16281955225875813,0.024983049140417084,-0.2135722361358382,-0.16470639876057153,0.04825317200707928,0.02639620441525424,-0.023809758552731874,-0.0019020791860784507,-0.00631292292918821,-0.04367633452334436,-0.029520591000912026,0.05732912530305165,-0.011129360094524502,0.07446562456516655,0.0018759965963858253,-0.004920474039171901,0.01729648649022005,-0.002441341104402015,-0.013781178273536332,-0.007835027063622385,-0.017176199331407304,0.0021427173262110293,0.02316930815655205
24_1,-0.0021251602808846147,-0.0029565818391734653,-0.008333994037547943,0.014599515231696643,0.02138637822126355,0.001791512683556853,0.003937767528667811,0.040670055566001714,0.05286089974566561,0.10584352954945539,0.09832647948002819,0.041113533709889474,0.003662699361177391,0.015085696103879666,0.04874173480189962,0.01132599768717144,-0.002068876235910985,-0.01410969414612434,0.04478094300613592,0.030261422677245853,-0.007396445400304735,0.008915263505992362,0.10210576701070924,-0.08609989004548078,-0.014296784769243247,0.04349513022265886,0.028582621823095653,0.07129766565698074,0.08329333838999158,-0.002795592374973103,0.01748754225221118,0.010891040794316284,0.053125869791906005,-0.016658359840994345,0.08691345291862972,0.019460030808633944,0.08146539807358671,-0.0016936750357629564,-0.0026612965761703493,0.004598839376737751,0.002157426994743813,0.008727977351876675,0.02588831147970528,-0.0006681319593169309,0.019538366377737256,0.023260469553040897
24_2,-0.0024771668653825094,-0.0033696264687492357,-0.009235175601249108,0.01778982107257196,0.021345101318194427,0.0023166522738953164,0.004083904891539586,0.04995300364693844,0.049235838664535986,0.11148378049107233,0.0972921746497613,0.04580933030008745,0.010660933710475941,0.0170085676547027,0.049906163617185945,0.010131376355343665,0.021094759697328096,0.006134439426206237,0.03611806755384337,0.028067334322005914,-0.014063559304922058,0.0012664217960716663,0.10073274536742692,-0.09200281700420063,-0.020188285222234575,0.043213530848643184,0.029637407290000986,0.07176223022352243,0.08620769546678782,-0.003265242555237791,0.01637769501482588,-0.016176770663530193,0.05250162783687909,-0.01664998125300678,0.08420592318364055,0.04637543034111756,0.08224302419399068,-0.0019795121717452275,-0.002536630568945523,0.003929223781909361,0.0001864325438894774,0.007248597347972296,0.02550325007085818,-0.0002673471944937644,0.017456421916053694,0.016972321559274167
24_3,-0.00043768975972111306,-0.002881250436429376,-0.010663560998165528,0.01684365071888643,0.020867512241328053,0.0022693143816710118,0.0025739761735833326,0.046012971459394564,0.05156818488683574,0.11577884079475498,0.09600506156541154,0.03901020449428291,0.0007378512352604537,0.014770283493095641,0.054183130467786216,0.013250535480794618,0.004277760872501796,0.008836713099676973,0.03898864715301996,0.02947930480827836,0.0037120980035768372,-0.023803018188852918,0.10306576767913804,-0.10154471473004023,-0.02026742244976303,0.043450152087635786,-0.0029952938612343716,0.06778615249239135,0.08326732136547067,-0.003372924659964799,0.017237085301737946,0.005481254036755852,0.06257953558979054,-0.01974763435276727,0.07723864415850805,0.04611758425663508,0.08217621022627923,-0.0022429009797571295,-0.0031377788299409696,0.003959474546638699,0.0005425690542673314,0.008400221975084074,0.025859565638479243,0.0002497223938584189,0.018426592191787394,0.01672171595510791
24_5,-0.000998619300097919,-0.0033441467005126493,-0.007080103701177925,0.015180587199747112,0.020599859087233247,0.0007765243737060448,0.005456960690504613,0.040908685182410524,0.04021487889632856,0.10984157234283387,0.09906875878364127,0.04099712321652415,0.0010506499318350083,0.01676501228937149,0.0438067807926212,0.010176020874813783,-0.00044701233561676555,0.007580537861369592,0.039403333457821765,0.031121194437414543,0.004732520245714269,0.013649718712077338,0.10131982580418608,-0.08436667865683208,-0.021750410480550274,0.04336229686135619,-0.021584696462198717,0.07460660336481338,0.0841801154279198,-0.002919830452505702,0.018333443583933993,0.007374170376662637,0.05294907313952424,-0.019784604035171717,0.0905920423073013,0.04511026482147508,0.08496830941873114,-0.002243373417389402,-0.0022809214392135245,0.00468993939765785,0.0022672903961708053,0.008776096104035815,0.027121597784503244,0.0004978096630356343,0.018773591775363134,0.015476080225524507
2_1,-0.013993805880456274,-0.020940911689955842,0.0353972124557899,0.018645359055975353,0.014942689739366698,0.004420759157330673,-0.0011211739302974906,0.019067964495263302,0.005208848624016111,0.24740959741799076,0.37964218431189095,0.3592130722308081,0.002766989309781604,0.03848122048172216,0.04785831565244012,0.014319239570399647,0.010922272975581442,0.007240931523514781,0.03471853720558006,0.023392018509348207,-0.06883811357316873,-0.12620602887628832,0.03466196649373746,0.3625079698635744,-0.01017051376669648,0.05738516251407556,0.32199856393470533,0.09908197925893711,-0.008036212434261301,-0.029996516460172158,0.0028913930546396118,-0.0072753097322578895,0.018622065339537093,-0.06976566370369432,-0.038053325172033185,-0.005984901731736625,0.018601548252461856,0.0029248824028897465,0.010281947073813016,-0.00031002125066916696,0.031388080468515295,0.0035530054047429906,-0.007467121314146763,0.011191180339533357,-0.003913283037672838,0.04880672375971647
2_2,-0.002796100109291482,-0.00606941383518915,-0.012576190218230594,0.012369977910963411,0.005148317048334872,0.00170805713671621,-0.006613642241313212,0.016869080451611288,0.004878982288562956,0.1584495530983941,0.2094469507478464,0.09320648849485065,-6.783620782323978e-05,0.025745718230245424,0.043313505485397086,0.014239401618360228,0.004880932224542635,0.00526860477452694,0.035110085372509314,0.023333028325851272,-0.012285470655353507,-0.30835464248994104,0.035870653211311526,0.32147423562891414,0.0015749487965472213,0.032141181999248564,0.22788110931622924,0.051990811366111195,0.06746603117440615,-0.05591148049996378,0.0014976529661685479,-0.008548662392544915,0.011007215127801515,-0.03945102604229096,-0.024912268490873538,-0.014233185813165619,0.007626868032568585,0.004507473201984883,0.0042786045485423965,-0.011805080135833059,0.00694767548426307,-0.002064976068371835,-0.013227947179717476,0.009249337975475527,-0.00806402400480141,0.061617113834228465
2_3,-0.0033341474791831753,-0.02106142475416135,-0.006189625880730595,-0.0023368582232012563,0.0007568823935788799,-0.007722798432606456,0.0007318175347858433,0.024728788606883944,0.010837605467318998,0.14510539444437684,0.32846689372803284,0.09579505653464092,0.00920321806311026,0.013428527798065398,0.043015468249288,-0.0001602705378450972,0.014056158829462444,0.0009318150318641873,0.038585794027110126,0.021040128464399746,-0.08486968633160609,-0.1491123451349617,0.03099708018540339,0.3364283764713319,-0.005340460133229912,0.03155154397274218,0.26224195820023266,0.031169513207865034,0.00977199714170736,-0.04407137331831013,0.0032599346929944087,-0.0037983895980459445,0.014056464553863291,-0.07507289096959989,-0.02412600928756477,-0.013138463987110525,-0.10159556364844138,0.0027834819925606417,1.666732953588596e-05,-0.014386874211305406,0.012254161757066345,0.004440096230468193,-0.012359881152047317,0.00848156014788017,-0.004864974647680285,0.05615185414648536
2_5,-0.0030800307293105777,-0.004868152979665727,-0.01116542534292665,0.00871424387570992,0.0032297369323640037,-0.0014389789376815486,-0.0076353817734839385,0.014850283757185657,0.008122889640589147,0.1459696053751907,0.2703978424804609,0.09454194875641865,-0.0009434367285456325,0.023191089507302195,0.039412023928511536,0.003608493216819452,0.006185720295127598,0.006858506493600514,0.024800657529254463,0.023337750634832843,-0.0363827711070959,-0.034799298790555246,0.030957480347901516,0.30207067150489275,0.00037411613622444657,0.03585647953115704,0.24203380299528185,0.023857958165746537,-0.0013054487331876272,-0.05244719822644039,0.0009544798422686424,-0.006711714568197011,0.010351183970144071,-0.05324930234537942,-0.021711039085063017,-0.015376461066373862,0.005183320071348198,-0.0029901209595244766,-0.011561147970425387,-0.0149499050897368,0.021947423360607135,-0.0038349770009671125,-0.01403226218717512,0.008935124965648496,-0.0047663791981533915,0.022440273546752612
3_1,0.0003065906730537539,0.00025282683259960064,-0.017535402501230084,-0.021575272541614832,0.0024994104188518886,-0.0007528577323884856,-0.012560275499517356,0.012738166007394169,-0.0003162599567186032,0.08070992460907728,0.04973491974330014,0.03926212986020723,0.0009166373609427586,0.002210437570436117,0.05494097776298995,-0.003075457345811469,-0.004962659597138642,0.0030396353567044487,0.0016143905829872059,0.0029601616621721667,-0.03458767595300028,-0.0027489162483338722,0.0576470374883291,-0.017998268629105005,-0.004066794261668066,-0.02597569209824155,0.019405824061767947,0.05385547278818787,0.059249205628858576,-0.020150456806613287,0.000606607209919413,0.012420169777428925,0.008537681703739896,0.006415679494484011,-0.004665202306497047,-0.028669729803688745,0.05127744187366462,0.00015435428904823188,-0.011521730660887096,-0.0021061649517606397,-0.00846508069422509,0.003107954850858623,-0.0057711953039902815,-0.0033989263297805813,-0.00028544486740756015,0.024643911361817962
3_2,0.006236746202413104,-0.004390936797065003,-0.030861481999482535,-0.01182832182515447,0.0007546550590788606,-0.0023897604910920705,-0.020787459609495244,0.010922348489618513,-0.00734435797373813,0.07833593928024774,0.05936194994190674,0.04507043487233398,-0.005338186130964158,-0.002084494715043341,0.05737097149325838,0.004445235483456341,-0.005745672816457266,-0.0022520698490677365,0.034632665136839436,0.012070161428582674,-0.016050586199045466,-0.007171990626090395,0.05052959409120972,-0.01840481768711382,-0.010680850063591396,-0.08996587474616684,0.028144331480264666,0.046325994960127695,0.056215913994329986,-0.021016105486399973,-0.001243998166949766,0.012769926676247817,0.00807088325589158,-0.023075177261913087,-0.015300580980800716,-0.012826495479327177,0.03162418015825508,-0.0038420193621106482,-0.029696209728019656,-0.011170896848001504,-0.008278026684588043,0.004336363141929763,-0.007561329885997138,-0.006492050481091416,-0.0008698297165125727,0.01934402168447037
3_3,0.0025742072978893896,0.000427725652323553,-0.01173971644996764,-0.014201327426607926,-0.0025170441171982294,-0.0002895532655997769,-0.006432427066194708,0.013068579909012782,-0.003661714751105877,0.07310221727709496,0.04825972353116591,0.03361204079907619,0.0006043728871567306,-0.001029717433574359,0.053825796095945934,-0.0017293842182822129,-0.005979872669566727,-0.0006576456837394391,0.029771489337570678,0.016533814147302085,-0.03410983436272629,-0.002830334653815515,0.03696900338125892,-0.0167335541248266,-0.004892085916881178,-0.02546885347799387,0.02262745926670099,0.051310576111589866,0.06353639833235007,-0.02163410879578634,-0.01876611715062025,0.013036659193322107,0.00936575624627664,0.006895395102223577,-0.00636286497961339,-0.03129011504723205,0.05212627183587916,-0.0018770045639191916,-0.01106014376379814,-0.0004993205119944963,-0.006970909817177235,0.0036033689942224973,-0.009013928284858164,-0.0029283147680649853,-0.000919478227807305,0.018698976072087828
3_5,0.004446350553767376,-0.0014427165020965101,-0.016301681875611835,-0.0018275346089861677,-0.005272209780374647,0.0010787818075685776,-0.006687557431180603,0.012264954813409877,-0.009188146909594101,0.07563554890678065,0.050016738892520056,0.0452417880142925,0.0003295035828203399,-0.009053607491734068,0.06088337136484676,0.0014067097630360973,-0.006400140392094745,0.003720845773663544,0.026440375042148394,0.014089923745980027,-0.03475004704844684,-0.010601562602051891,0.03182115390903827,0.004377265188481367,-0.005136761027388269,-0.01287918999963052,0.019468589592884524,0.04037133191366111,0.046310611933288635,-0.01998005340065634,-0.000263147602658069,0.009577895187207013,0.008126035594337283,0.0059425963113144045,-0.006465045525555518,-0.029249621226367664,0.056116188432483186,-0.0038979007620193575,0.001169427444607973,0.0014098927804077597,-0.0053875063408383985,0.00048224695197402503,-0.006980208553323678,-0.003569850957196364,0.005593323648644881,0.01430136811684562
4_1,0.0016332485259252588,0.0006625166917145366,-0.008307382208546927,0.0014037581949551939,0.004302917758200469,0.006170300193227502,-0.0030356010295551276,0.01316185324883756,0.008569175090638837,0.07760154615286907,0.04932593261342876,0.043098652948383095,-0.004501434356760296,-0.0061181272951159995,0.047925958475061294,-0.011892072745094531,-0.003746794926900137,-0.013380692019434025,-0.008086917417529326,-0.012092553048689255,-0.03478988434933603,0.007877046705089362,0.06839237058044158,0.0014671816739590283,6.112767813604418e-05,0.002331045496435503,0.017429683148834876,0.052006855716777205,0.06283567599115393,-0.019423052797556507,0.007758789889453997,0.009054384276810181,0.009831384713404135,0.005469462807773777,0.012612298807814504,-0.007453991649578671,0.060348146502921356,0.00022061693317254542,0.0031201367845792366,-0.00311399924466753,-0.003649864356310986,0.0024662874679005583,-0.0014656108287610865,-0.0005383009926034101,0.004018743112790479,0.016471549209668927
4_2,0.001259184206337105,0.00018735241721502783,-0.008754069176930952,-0.009146029983785308,0.0001284436878117132,0.0014845648635373673,-0.005378237767318954,0.013347296539533584,0.0041422103089671985,0.07621186297231197,0.04955246152959085,0.042698932104366594,-0.0034983933444909915,-0.005272897604901292,0.04668172902183522,-0.010257158152686092,-0.0039004120503138,-0.013173870923877106,-0.0044123896184782045,-0.01109831367469044,-0.034524620771009484,0.006584226973900245,0.06498164654213412,0.0009675226406294149,0.0027410112591601814,-0.0033018441396604646,0.015170392422300795,0.05397287876652515,0.06521266775026759,-0.019139011396703553,0.005078381055349281,0.004749363792288774,0.008678935681083348,0.005723361537840111,0.01274986972803787,-0.007456930412853281,0.05955608023151221,0.0011734962149923876,0.0038920660179949107,-0.003533949602959799,-0.007696160542942076,0.007878093950273096,-0.00594733763534043,-0.0005964665142928075,0.0026538560252335856,0.017117228021760873
4_3,0.001391017387592027,-0.0004008580024623979,-0.014321574239956666,0.006630500638042823,0.006566424612304694,0.005257960225259696,-0.00858318144308518,0.012240172419799427,0.002588823503943636,0.07789227808152727,0.04467488281644677,0.05077824073445891,-0.00397855462001726,-0.003355967575643254,0.047414411897475015,-0.009965267359058973,-0.0011798381769741516,-0.013634867776631485,-0.012029820676235961,-0.012982525558499746,-0.0314722508185716,0.004994446940813587,0.07882300226002997,0.001644445272207965,0.002900085697895713,-0.003912357645086057,0.018422574724099503,0.053927868714045715,0.06308069105498616,-0.018003912165409638,0.010009824047680438,0.00792963721687938,0.006962944152836991,0.005428488104993827,0.019329515829485198,-0.001776448581790001,0.057279179174564446,0.001634544664025129,-0.014634173190064872,-0.008123582321131624,-0.0034445317285286044,0.009510353911714118,0.0045667053244981964,0.005063228810202409,0.0012044665928089696,0.010457657576137612
4_5,0.0009526325167708581,0.00022394449204512536,-0.008469481361356387,0.0013595434655291423,0.005458880873828148,0.005982329270493565,-0.005188894350187923,0.013125856238079787,0.007243294439663931,0.07718987271585906,0.04908162021963072,0.042950539579038036,-0.004496274510884917,-0.005754934324731148,0.04756954636337979,-0.012048040465474946,-0.0038003863989508795,-0.013426539560981715,-0.008651620135340094,-0.012270078663831304,-0.03484693084685681,0.00781621446196116,0.06854036483925598,0.00108803512799039,-0.00012885567856652836,0.001761851823964855,0.016624343491711935,0.051772295926718524,0.0625834247897279,-0.01985692909566518,0.007282286062847451,0.008991371460525421,0.009549258217498828,0.005420190691498155,0.01219719229258177,-0.007580961152863838,0.05993941943205121,-0.0003312065373428868,0.00330924321635329,-0.0031393516809606,-0.0036731543612379754,0.0023971927200649693,-0.0016363613404436694,-0.0008010680216283189,0.003920936803759735,0.0160099873049858
5_1,0.0076374160998595175,-0.06010000786135022,-0.02643693595928347,-0.017115781293275473,-0.0510987760041475,-0.03801135584539411,0.005051338431337259,-0.09882548100462783,-0.04336294967109963,-0.12996553986346188,-0.3413728640930398,-0.320866084453783,-0.003245548505388589,-0.03364589730620675,-0.08577286886035639,-0.05580305939164313,-0.0008158071941199637,-0.019192780873603807,-0.12545823143202334,-0.05616942919619558,-0.11037760661737603,-0.16826773217391555,-1.6589051260342995,-0.20717250925597103,-0.1417281135097096,-0.2358130612249655,-0.20808574276432176,-1.4995308144248425,-1.1264454720776078,-0.016897478184297342,-0.01987994211105266,-0.04291791669441224,-0.15834916434683793,-0.06404942677797358,-0.8144475726051146,-0.01967000924813021,-0.738368451556859,0.005728470794358947,0.013318645926884892,-0.027159621233272292,0.006930090372991006,-0.05872618588938901,-0.08393781946784029,0.001980735917786926,-0.006564679922434142,-0.3994314321393009
5_2,0.0017883936135329867,-0.025309459585159302,-0.0520438799654514,-0.026189637478777863,0.012838963924990279,-0.037555339827306904,-0.0013192017163844458,-0.10325481867595583,-0.06642557719744704,-0.12445938431669101,-0.3346133960076031,-0.3112098612961395,-0.023386600753914993,-0.03050946975554417,-0.08560705563138737,-0.09955019321589405,-0.00014869452990691473,-0.020569626780922372,-0.12676718503833856,-0.05303936858616535,-0.08212435136054506,-0.517046519649721,-1.6184504422840789,-0.22723558301860347,-0.14407988143975659,-0.23676953149322735,-0.05381345567594907,-1.386178591875845,-1.0696395135710743,-0.004995855664967571,-0.02019657769107379,-0.044885951374025485,-0.08950164220425905,-0.04677971970802889,-0.7984733489879535,-0.06365749815583842,-0.7409100795492007,0.004032919654474354,-0.0019163577646129058,-0.03193648194902114,0.014684377639319773,-0.019806587159631885,-0.055287250334528526,0.004317850182462133,-0.006288517835896547,-0.40939911373396776
5_3,0.0011845019713184637,-0.0643608396494732,-0.050995620800278585,-0.02341202853548701,-0.0441843841196266,-0.038146373457419266,0.004519571121724339,-0.09580770531624276,-0.07064368787719114,-0.13315550024312106,-0.33273772225117637,-0.31286049595980264,-0.022024795896387638,-0.037298924719441226,-0.08602148062478625,-0.08343689329487723,-0.0012598202233237306,0.027218298255011424,-0.12762459580275998,-0.0565589286675955,-0.1119696426413987,-0.4536836124570312,-1.6516014069043328,-0.22365643514938358,-0.14200437547048872,-0.2418171978089057,-0.15866614397002143,-1.4016589735538156,-1.0815176495742915,-0.012352645506355535,-0.02014771113871939,-0.04419862250639552,-0.090839567719412,-0.06049787137338185,-0.797445028689022,-0.06303643659538881,-0.7317531962610164,0.005610444560191962,0.0017886769804061982,-0.03507433590833028,0.008342000617860817,-0.059388645215057725,-0.05112513291239499,0.0023653853605549303,-0.005089775187084563,-0.3693189049246112
5_5,0.008158716850758274,-0.06615363008323508,-0.027223547151515485,-0.016344497054815946,-0.04515305022924514,-0.03812425402270529,0.004815462289129696,-0.099367798706119,-0.042849830063738735,-0.1275183579214583,-0.3628316863564681,-0.3208973527162782,-0.024930065743085407,-0.03338955508313751,-0.08877082597681565,-0.05695176896799413,-0.00018839094896421345,-0.019811340688405378,-0.12524267704303507,-0.05632857656187817,-0.11029450321879555,-0.2533513857559702,-1.6612751830239698,-0.22686566427939334,-0.1415935140583006,-0.2366240810375513,-0.20996606696741676,-1.5038476215489012,-1.1269613282515605,-0.013418357289121562,-0.016267883133793463,-0.04323066050494905,-0.16097244165942737,-0.06458541588591381,-0.8066767543502559,-0.020519670039050728,-0.7354091224979382,0.005949304933705674,0.013220044282074577,-0.02741635547847221,0.0068385259951514905,-0.058083450525428695,-0.08302397893613131,0.002022811430628718,-0.006351718101491335,-0.40714497329298005
6_1,0.0008463141588314604,-0.001185339212332934,-0.0024381731137022205,0.011623127008670445,0.006351525001728507,0.005376928358241721,0.01461433492485477,0.01584110651826028,0.010464159621238329,0.08633913757503558,0.08648837986998993,0.09296180969769184,-0.011093024667297793,0.005515708211321814,0.0685286413658878,0.017190089871498983,0.002384422362564965,0.00876311496735435,0.033504637440763575,0.02138116464152175,-0.02411421303719205,0.006070915035246682,0.04495116012997766,0.022360632094045405,-0.05773427400177056,0.07421945999655596,0.07722393348694907,0.10533515483565033,0.02492921900888242,-0.014897146836528452,-0.004378812604949685,0.01598110867912466,0.017791421542572086,0.009446632771816049,0.03287959707225961,0.03582696200492063,0.04677758616168533,0.0021780086943176628,-0.009875111440527102,-0.005513564223433814,0.0031701246227598726,0.003036490260799052,-0.013646817196301349,0.014162535958728156,-0.006120916474224673,0.03751309186708422
6_2,-0.0022144548025367595,0.002576686241615625,-0.011605202440194935,0.011262952369240705,0.008691098544059233,0.007321715981513232,0.007164873883843947,0.014452869187211495,0.00745136319492663,0.09183247964003691,0.07842609873429869,0.09419464880005456,0.0010080444017885333,0.014705137358526433,0.0682997825199661,0.017410538328509962,0.005264703530529497,0.00657771123568478,0.030790593067931343,0.014094700277183111,-0.03484308604300297,-0.05885705937688469,0.04601528672277023,0.03140925691226784,0.017459975235851084,0.059078036241735625,0.07200716599570925,0.09025328196297484,0.025132737965474532,-0.011787088502489045,0.0025080434029572793,0.014435418138145025,0.021270812310543348,0.010141749413238713,0.04287987888867677,0.035875458906701005,0.04916992218380127,-0.013627887529190644,-0.030453838101196617,-0.009650058791861758,0.0029351764769985785,0.004904750280481391,0.00955981492491741,0.010346783750341456,0.003599319538123719,0.0433982601687844
6_3,0.00014261950457124896,0.0053040555659389895,-0.005204084849299733,0.010392272688650728,0.005405279169886997,0.010541641438536562,-0.003157287249167884,0.01367633777980313,0.0032662415656268744,0.0911735283914755,0.09638066027325963,0.09868480264489318,0.0013777134073014276,0.003270563214146211,0.047447334682105484,0.018068823682937937,0.00154550038117388,-0.00012690289850878137,0.03285248434095831,0.020401788038256905,-0.03320210177918769,-0.08519767002402417,0.046048142986754886,0.0635639020017688,0.022332019060077528,0.055969869755256654,0.0735293655218855,0.08940470497789575,0.026682065416652682,-0.013672801525926068,0.009101797452223968,0.01647569975328099,0.017726268608539035,0.004621036761326068,0.05886987227228984,0.038058779292108214,0.0479559758481095,0.015256555189152407,0.00042026385045447685,-0.0050686204747436,0.005596723317029918,0.0002459999708858283,0.005932463576560987,0.013620654075278741,-0.005819909494895636,0.07920795437001747
6_5,-0.0001384802000097307,0.0038226519471097117,-0.0012210007265241341,0.011078926041676073,0.010277957708458563,0.006734261377695144,0.01374272513786137,0.013519094945568381,0.008030560576697186,0.08839597173477072,0.07474585699540386,0.09345835591732193,-0.0017940949880357892,0.010222885474776518,0.07083716423230307,0.017132283239913004,-0.0023673260216013174,0.006223587782548743,0.02841490214237186,0.01915166913330334,-0.027696241208515687,-0.010713991740355793,0.03952855373147551,0.023796462069730656,0.023203635302397985,0.051947159816451725,0.07288957908445498,0.08818891310569331,0.020387895875274023,-0.015737389525225465,0.003050319048638927,0.012910312748652905,0.01659112013974222,0.009624048327195737,0.04180376132547983,0.03771058131245302,0.04845570960620535,0.000996309520221015,-0.009477766719994443,-0.006676399569029901,0.0017369734098605892,0.005083812875458799,0.009267622439606268,0.014138503448275616,-0.005460164658260155,0.03333667779805405
7_1,-0.0011481419197975073,0.019414160035687272,-0.008451717999023538,-0.0009483748450308773,-0.006495002359107727,0.0077232545105627584,-0.007335151492672844,0.010578388134535993,-0.005160895898273542,0.09086229825677264,0.1261122423415201,0.06530854464642118,-0.0026179739764893815,-0.0038675294533312447,0.048161392433180815,0.014006638653502216,-0.004395242169601731,0.00216107743371665,0.025746753568879524,0.025567815211623834,-0.03981375729438417,-0.00922196778713599,0.05193506473959375,0.03859622408856442,0.02548874650103163,0.01733129175921031,0.07468715343326783,0.019684986780296246,0.013199433370291053,-0.019714910305571896,0.004977634144357819,-0.006404069037099872,0.0026119684414643504,-0.027772770112068884,0.0652829434406853,0.01826683341546247,0.03916766342124978,-0.003462271977582293,-0.006768072880902971,-0.0073838544904969786,0.03111006476483179,0.0016542086867190828,-0.007548702399446633,0.008104612592344521,-0.0067260610535324,0.02405169967116199
7_2,-0.0013540033747793106,-0.0096436500449055,-0.014686604455381986,0.006293285284563424,-0.0038028754672875115,0.004331027238919041,-0.009597443004296017,0.017293211319291055,-0.009501765544959798,0.06863083773808079,0.05814055504578941,0.04897950385117734,0.010583416239326541,0.0001490100160841763,0.02057286325638302,-0.0014817217665117344,0.01727646774785562,0.0015971672876835194,0.0239467211326518,0.012477745214990305,-0.040177854426763644,-0.003133030233305807,0.0874018311980871,-0.008444894760847976,0.012435365023302863,0.009577011921687435,0.03724357748854105,0.09737685820830436,0.03747023699815965,-0.015221210985744603,0.005628112800100822,0.013256257404298689,0.02058243358067829,-0.022456221246229403,0.09242851859616592,0.013215003121990067,0.02998065269260435,-0.0035342311839648933,-0.00968794028619094,-0.007344873669760862,-0.00020710963443375808,-0.006107046361437697,-0.0014547236179276663,0.007925380681138518,-0.0036910310896602428,0.01295841790112917
7_3,-0.001211592932344741,-0.007934954972640136,-0.014937205621379948,0.009144275952311983,-0.004412526593960847,0.0008028710555640909,-0.005892934984999927,0.016807278912479826,-0.003247369128121639,0.06621295709595414,0.044308722430698194,0.04579271382315267,0.00013839588699322776,0.013262961609365052,0.06946943917944122,0.015156306085032531,-0.003006347355942312,0.0021993226442540417,0.02066639136720095,0.017281028783870948,-0.015969455875090414,0.006088076851276393,0.08472610243356488,-0.010854164719817767,0.02115435614322334,0.017288065493571956,0.01797960518033058,0.08776980428726747,0.05578409161124781,-0.01863170548121344,0.005648561015099639,0.013975699679808157,0.01228848672799687,-0.018882308314789008,0.07473622010186762,0.016894978548437457,0.041038839736462315,-0.0016511076724700152,-0.00792172408790464,-0.006731904813218871,-0.00036588411437595524,0.0018807900902338794,0.007321568712903464,0.00892754484265458,-0.005276353147193525,0.015560640174274823
7_5,-0.00201137575226292,0.015026761494190083,-0.011479521244747425,0.01030394998061581,-0.00444752391110032,0.00488546125080326,-0.00848305284378683,0.016017422327982877,-0.005097207224694815,0.08514832902085868,0.10845160272591899,0.05290164087241844,-0.0025880272984874437,0.0017985402374360304,0.04951827919939084,0.015684154294330482,-0.00010198535188613294,0.0021264478895185505,0.021140905891601044,0.021924306477265256,-0.0460339944432345,-0.005552044952566932,0.06411551403495919,0.018818181041001716,0.016203611008728344,0.019729781572202603,0.05616513664549557,-0.011626759173149474,0.018637625888655186,-0.017777659693406996,0.003968941491951608,0.0059701571067364845,0.0024868403269870283,-0.032788681660452124,0.0975331460702685,0.015515095792120744,0.031232883246846314,-0.002993671455036426,-0.006204716448674581,-0.008755898013093115,-0.0009476911495519085,0.002812239834629488,0.00413306346857262,0.009470223296125898,-0.0047394066306139255,0.025963594653504323
8_1,-0.0015182950921582407,-0.0037361214287018165,-0.011024988588333364,0.0005385728834144964,0.01286866547916393,0.006053176741171755,0.005063104655914479,0.018050189742663418,0.027312833426780845,0.09359717590913083,0.07265884370650606,0.0652653798371329,-0.0012845692646113356,-0.0043592018225046035,0.06654450480814847,0.014877391389287698,-0.0026412839220459946,0.002625016684947399,0.03952810476177604,0.022042070316582448,-0.011152286869213773,0.007531674434062853,0.057825122097840825,-0.019264298505765262,0.012215108822741313,0.055961498941610004,0.06734849643474265,0.05080196973805693,0.06906444900919818,-0.015289552182835162,0.00023848711543228955,0.015083944135269586,0.05001276025511013,-0.020422096335690535,-0.0073245622633577616,-0.015949467419383218,0.03119257214596049,-0.004026828690397503,-0.0017145375793122188,0.001538475709686618,-0.006123155316772301,0.0036900494392803937,0.002004243432425254,-0.00024306513467677293,-0.003860698614648586,0.02867672044901051
8_2,-0.001678710130223824,-0.0035429421496805903,-0.013242510107130585,-0.004802252785827911,0.011323012709544633,0.006342853227241354,0.0028602923799642735,0.015799163237136586,0.034312732678111385,0.09565858242350381,0.06688157044997473,0.06404198352850675,-5.834922304107283e-05,-0.002253665282431812,0.06131878721721356,0.012243316236297862,-0.0025928870787084142,-0.002452051945877636,0.029241078797133314,0.01920548378082051,-0.016799484807237756,0.006864956018272733,0.03876122088936971,-0.020404909307094043,0.01536848288112977,0.04985200214565187,0.06428434155216198,0.04928326885444333,0.06744044686262267,-0.0172957675895108,0.008679532978622072,0.015037989751902518,0.048450800791555906,-0.020960231996744235,-0.006457989009553679,-0.004308790833007716,0.032213769037958515,-0.004283912783437609,-0.0021463404361636794,0.0018911435821985772,-0.006381290814692483,0.002451812520313698,-0.0009296379321520621,-0.0003708303226094767,-0.012948161774926952,0.031685559476434505
8_3,-0.0022009666358830935,-0.003908063255033118,-0.011239946776603412,-0.007443591382436789,0.011918283323946581,0.006181545682180878,0.004413837431128058,0.016113872609197354,0.03442361760461709,0.10265338851411528,0.06341487339089039,0.05817680904986414,0.0005822052532885338,-0.003618728547737301,0.06694633511627229,0.008370315501622119,-0.0028741469581631206,-0.0022947505411131663,0.02965088531424692,0.005342948879354041,-0.009571787628160145,-0.0007239678652581402,0.058437924588745284,-0.013985932203333825,0.014941153114599494,0.051217375908039764,0.06260719252386734,0.05099665864315059,0.06876437736634318,-0.024239607029207976,0.00830316570440176,0.014025791394715,0.048741085263978565,-0.0204274357140096,-0.007749693661103059,-0.01803932725284128,0.03331826807649111,-0.004443103935999385,-0.002107204975946271,0.0021730557054876337,-0.009032608651483694,0.0022421426956464297,0.0019032005126795545,-0.0004890745495802814,-0.011249690636498843,0.02953726065351022
8_5,-0.0003562100744412326,-0.005675584503204173,-0.017536737353979877,-0.02157199876085426,0.0047269966288894455,-0.000980539248710048,-0.0018639137304108048,0.019624065114530128,-0.0017286003230039637,0.09039407899636415,0.06852352634096542,0.061188638842856316,-0.0033380682549254428,0.004007045406440928,0.053892757941661186,0.00105960122906846,-0.003224947369148703,-0.00033353574014906404,0.02769866892792245,0.01960671986679191,-0.006336925551401204,0.005585177485735407,0.0617485395753679,-0.019221654536546864,0.012371839523291654,0.04824066416757485,0.06132261934472984,0.0591155174111681,0.06839944937975694,-0.011356850437760404,0.002454384121338085,0.015856925147831484,0.04743319573552914,-0.02204315742675597,-0.017266926850236335,-0.0014414598342897072,0.043570815215416614,-0.0014420880960295391,-0.011909908684427203,0.0010798869434891715,-0.011446725066668672,0.0009273934176638619,-0.002962743448813745,-0.003997916154057506,-0.012720484631672711,0.025465114913130065
9_1,0.0023198504564993176,0.0010095852057905713,-0.0016417238364606938,0.00013673259404353914,0.020991565996724217,0.007533151891516507,0.014778307088581053,0.043929500532978484,0.05015825013039513,0.10387857831459654,0.060346361667075965,0.06622075895940813,-5.7894519069404556e-05,0.010967746208576995,0.05830773129040356,0.01698996260142356,-0.00414171864803594,0.0045007605893347714,0.041634782170433336,0.02041418167813093,-0.016212820103634267,0.016984626692022997,0.09954433237174998,0.004623149150418836,0.014264132497700397,0.03716216626948519,0.07481580983520525,0.0697862111874372,0.09514692468896811,-0.006099420744561565,0.010885870980428008,0.028981487423249574,0.06282664813369689,-0.016551969964585786,0.08130789033804715,0.06846622493137174,0.08958962818747096,0.0016398312908141861,-0.0003341114120057527,0.0068952110615431005,-0.00037131029651294193,0.007895360701364255,0.009025935529671772,0.005430922400000228,0.011398212070472556,0.038887497488476294
9_2,0.0006255492966980342,0.002546502951741557,-0.003308294100230482,0.0007139297052072784,0.021048020340115287,0.007959364253263986,0.015425014554484934,0.04759683833961116,0.04886944514719486,0.10636065697117898,0.06274856348211375,0.06425672951080193,0.0018819545654382686,0.013700285208414792,0.06214016618055932,0.01869461322036025,-0.002009992239579096,0.005382227392898277,0.04114707073238978,0.018919194177374303,-0.008257524790450537,0.016714402200683296,0.09912018479262953,0.0038925002438950423,0.01647275437265208,0.04150227375731194,0.08189272883784725,0.07467391729201821,0.09558594113406096,-0.005549376961017425,0.00547497541534203,0.02676602368135919,0.05896899538713766,-0.0163053812831533,0.09125592255554751,0.0679464846280121,0.09313199107704447,-0.0011064880882576769,-0.0023774573907428148,0.006918886521013253,-0.0012923361505743807,0.008854299735108812,0.009696298946745879,0.005302138410144213,0.013224347744641858,0.03992778887230174
9_3,0.0005571166913300904,0.0020608182337631857,-0.007375430926974738,0.0034354441816297327,0.014789628663993457,0.004291807948291792,0.014470615025018015,0.04505857737425448,0.04146294579429614,0.10654221495975577,0.07242414648936041,0.06223134119858863,0.029787039389789882,0.014117694845136742,0.030579171756093877,-0.003219636074238434,0.036757232060589506,-0.00040333308198818997,0.04337390409411921,0.004109872864288809,-0.018116834879475026,0.019170134303969882,0.1025153669553094,0.01786833847313151,0.01582058706635817,0.047799763352768865,0.07844618563804949,0.07667636021592923,0.09622769283575905,-0.005446147266422754,0.010205413840644691,0.024022344300691056,0.05437614615494608,-0.01627145913810992,0.09200130011582502,0.0468248908158888,0.08748468210726569,-0.0012683371374829049,-0.003054510661984316,0.007732821852987711,0.00419142234266829,0.009115749749142109,0.0050907974992754745,0.004587072319442435,0.01592059247276405,0.037801488763414444
9_5,0.003516227349149621,0.0018974409249377577,-0.00037705050868654143,0.005694676668932736,0.018786251218372123,0.004858185637466609,0.01841277023780961,0.05002601409933974,0.04529946095255509,0.11596649428217143,0.06556302199174596,0.0688095910916431,-0.001254898051250375,0.01696608497088908,0.05157986538884171,0.013435780477337438,0.019833040786110367,0.0023318420781018355,0.03975413342476332,0.01940161528895338,-0.016673099670452066,0.017700174505257363,0.09928527609954153,0.0008028122103632695,0.01611074310258686,0.055521057093439526,0.07837400776630861,0.07869263874094622,0.10148167460664645,-0.005556399436577035,0.009192814227796225,0.027295497314755883,0.06770174092183046,-0.015649026582407192,0.08165875055994534,0.049128287314639155,0.08785194014874279,0.0015858179583553471,0.0017360708283440727,0.007743932173227578,0.0009274378494658772,0.008719984469628522,0.0092625360830132,0.004909124395649714,0.015842415289931817,0.03583379013231435
