,0,1,2,3,4,5,6,7,8,9,10,11,12,13,14,15,16,17,18,19,20,21,22,23,24,25,26,27,28,29,30,31,32,33,34,35,36,37,38,39,40,41,42,43,44,45
10_2,-0.0012845183219206593,0.003454152161197995,-0.0025563983224632407,-0.004135631673622771,-0.003901618353594016,-0.00018550937887334623,-0.002159848002169964,-0.0006945131989129436,-0.015835123372771497,0.15240802888237767,0.042233610512943186,0.21485904362666258,-0.00031012966960089917,-0.00038769792547184445,0.003727612931862382,-0.002608600311035009,0.011855344173777763,0.005555224989016214,0.0011347131609554775,0.00361613546981031,0.0039050747040036806,-0.010204011995035301,0.052997291587409213,0.03276436035508115,0.04217520960745537,1.5497751238774464,-0.015527588554207572,-0.09119005827753442,-0.037143966671855495,1.3779130144336488e-05,-0.007760028400193744,-0.01851923239081107,-0.007891118973049198,0.006249403100358693,0.13183592269862293,-0.013795417246041287,0.19715220814473514,-0.00033205955069648706,-0.0047201590108276546,-0.005601541775111714,-0.007246859309617615,-0.0006743424828494664,-0.0037865033076436593,-0.0028422225249725842,0.004444813475021462,-0.024991949474212124
10_3,-0.0026959190032310623,0.003175188336509724,-0.004679155671516344,-0.002388148543254399,-0.002310957962555738,0.010247293828480955,0.004103280025129976,0.0005269820321434054,-0.0016854309600262379,0.27780554209781383,0.09254424720918435,0.183684027846294,0.03394515089033471,0.09472673661048384,0.05199769290718779,0.041938392562165014,0.061988914171477505,0.11190367881125651,0.12520218048410914,0.06771330044416377,-0.0013674629193404847,0.0007036048940554552,0.14936245814083035,0.04330435568281204,0.004646636013955982,-0.09418259433883633,-0.0017451131275547623,0.09541215737647256,-0.005245185827334064,0.005534247822324601,0.008619925385792909,0.01142852900850831,-0.00044204992067346793,0.020108842440557415,0.136928914881571,0.013997671273540922,0.18542023635957244,0.00025473089172180197,-0.004897818320515845,-0.003545675161771484,-0.0023162005457213163,-0.0016483565994430262,-0.003934403943562302,0.005341188736091116,-0.008207498165667253,0.010740845696837269
10_4,-0.001645262816050288,-0.0025107407273876384,-0.0010160760614860273,-0.0030343717471140114,0.003887118428835054,-0.0005326980926076554,-0.00019225001323075496,0.0006587352485621179,-0.013565659242254976,0.3479677638202831,0.20323531655486468,0.23873191186645887,5.332581497729809e-05,-0.004038305313686381,0.0015121845516564577,-0.0023969018558694442,0.0038033099336755387,-0.0009856089881577176,0.001601565725882478,0.0160863707633761,-0.0014262123404803827,-0.00483481326484245,-0.07493821378699644,0.029045643128926192,-0.009645036605579492,1.0243941664979568,0.1421467329939883,-0.07999141558481916,-0.04403916947936341,-0.006200429217909429,-0.007795708042430739,-0.012624220099421336,-0.01809701103670516,-0.0011856351437496315,0.09009608003512588,-0.018875571399800478,0.1597066810290669,0.0002548394903164965,0.0015588844654444802,0.001105909326750147,-0.002585849293607975,-0.004873707508489721,0.0011988911151562692,-0.0025803337832933804,0.00375101778360454,-0.020811680711931766
10_5,-0.0007109646547560956,-0.002295049005125543,-0.0035819098478606076,-0.0009957702050222884,-0.002710861884009376,-0.0009128540465252938,-0.0006451483588695453,0.0006568524887736319,-0.00945224436607439,0.27569823251080233,0.17700308123857963,0.2612814618556172,1.8431375549808655e-05,0.0018583335961517564,-0.007732932275445779,-0.0015353352360243375,-0.0022026121004702246,0.006260596534985493,-0.004594771268078921,-0.004656936368608578,0.0013570927198103214,-0.012222791926885019,-0.05496220105044131,0.032327043427753686,0.022888966673405464,1.6867861497566938,0.13693517651270248,-0.07841072484643893,-0.036294088869241944,0.0016204799269395,-0.007488285323792319,-0.022389362843373596,-0.014005503760717177,0.0022843902901124465,0.12032207187206317,-0.016137834274278055,0.189261524250638,-0.0008554850588008443,-0.0034729360314922986,-0.0029928302476797683,0.0009773036550421593,-0.00021680950200342634,-0.0041307399609655,-0.0018623783641342276,0.0028671810548613957,-0.026992916703060366
11_2,-0.0021426073954048815,0.005359388541077662,-0.0019110404395202324,-0.0025333504295013045,-0.003462733251121437,0.0019665921876601783,0.003430146801569962,0.00453544428951829,0.0013054279826388382,0.1882557476700446,0.06982945834611044,0.1622978914807743,0.002479675487677996,-0.0009666925968857497,0.014048609994438563,-0.0013415686322521437,0.001716655752130114,0.008855563019390738,0.008063064292968667,0.012780725670452414,0.009727075250648268,0.0017263286286661613,0.08348418076140128,0.024141120995660806,-0.011706230446252143,-0.08911812090514126,-0.012590006697967919,0.0114575519507691,0.007608101129135658,0.009293065223676627,0.022249060334781703,-0.005161413043767433,0.0030373782514170147,0.012597807849982877,0.12292619712507746,-0.0001729051063881941,0.19773633091842782,0.000725434678984706,-0.005925833702204542,-0.0034821019052413385,-0.004352337732956996,-0.0020824114324022873,-0.002470134425171913,-0.001057198526314888,0.004239632142144884,-0.005540105045484339
11_3,-0.00204999598802061,0.004494439205700658,-0.003209390674423292,-0.0035504694087299168,-0.003234996328060921,0.0032416585587045237,0.003056106449160509,0.004340112219203234,-0.008278317210226918,0.18675526708115095,0.07309621097703155,0.2044644802904726,0.005424942908903355,0.0048611043926216815,0.005169402264550247,-0.00028778458763387,-0.004539032429553614,0.01021147808460126,-0.006674833987242468,-0.0007619798569006598,0.00990322077640351,0.0038068555718953176,0.06818257654031278,0.017338414599347034,-0.008222866023918819,-0.10425512153634188,-0.009283043831452252,0.01315163920470449,-0.050622957446827446,0.005892002909112011,0.009560101304630711,-0.00599021174614312,0.004748253803760484,0.022857233791109783,0.12361714600387101,0.034050360464595565,0.19341729390719142,-0.0003919162493454474,-0.005354770345341214,-0.0036936245895664343,-0.004456749630295729,-0.0008123273543998868,-0.002208369450705584,-0.002684826477125205,6.587161140864952e-05,-0.01074634511452121
11_4,-0.0022062553558444696,0.0035892551098761745,0.0013297211312381107,-0.0012810741613832684,-0.00813839264047561,0.0025674599215185128,0.0024110147167945,-0.0010568577543407023,0.0031560419466185735,0.19074689110186155,0.07025872735878036,0.17461549295596732,0.011535574765705173,0.015880769946766567,0.005610659630464067,0.001780815784175793,0.008724777652408377,-0.02849112281641254,-0.005895510151792441,0.013010785797619407,0.006160355534996108,0.0016883473392046069,0.13192061220836623,0.010503741919374017,-0.009828729747639861,-0.0922692147121269,-0.0037849715626870127,0.10082359043804129,0.0443648849750756,0.010880417005217064,0.020081894653890195,0.002327463085460633,0.0070018647116186035,0.029987162340785422,0.1392083645633795,0.017040776193910506,0.20361598518307428,0.003915988320689547,-0.0029221462505941284,-0.003665711087488592,-0.0059868665735256935,0.004689841153597509,0.0005652214324519595,-0.0015384289304022946,-0.007632081252196871,-0.0017801079732990795
11_5,-0.002015316850489897,0.0024652303327413125,-0.002282573134272498,-0.0018621085357512911,-0.005070575662512199,-0.0005050390623595004,0.002803862106023722,-0.0001882431705443634,0.0013148349657467566,0.19235510489511773,0.06876794062707967,0.15284980268432452,0.0031921235791700264,0.00346453204951665,-0.004991822485978801,-0.004553801263013483,-0.0005763230323919508,0.007657459963147598,-0.0013058570614318662,0.012910595043444838,0.0032727515480631742,0.006076194666440054,0.07189149392787955,0.01796121085822157,-0.01040339868580521,-0.1007520376153025,-0.010649735311178351,0.08967508733166817,-0.05566141522888355,0.005934567304198291,0.00941239883522405,-0.0033572694244536983,0.0032567152643694264,0.006884751192101391,0.13589785033778645,0.02379080578094261,0.1517910191938582,0.0012729515218174753,-0.005382550231286633,-0.0035968302956611796,-0.004236067655712182,-0.0006548238890849786,-0.0022886034236812044,-0.0037146299955301224,-0.006826844285725594,-0.009652648539275206
12_2,-0.0013905667914384837,-0.0017249387130333258,-0.0013901157102110628,-0.00527382102109367,0.0046092694752677245,0.005118579420062069,0.0005941946323868397,-0.0023991553512634108,-0.004129272987611727,0.42033165517356214,0.3121938440212503,0.2968634856269269,0.003929503440655008,0.0019858887752453197,0.001127535260383919,-0.002764457779834419,0.0010840026322704397,0.004913061779817138,0.00090574752897036,0.005247342876651424,-0.0058373264081871086,-0.0029723924445214218,0.06504499332123792,0.04206767936258636,0.031061676049533415,1.7419586989923521,0.1506245105359729,0.020179201165652562,-0.03434053823427007,-3.788767624753109e-05,-0.016867348715762297,-0.003840524377213081,0.005564654348370704,-0.0006504935989344118,0.13787638738111035,0.004949793835342573,0.1791746634464137,0.0015126950743142755,0.004121200396095391,-0.0007014428883705079,-0.0019735056244122376,-0.0011172878797476079,0.0042844876932633235,-0.0022091598614128456,-0.0005958515676166949,-0.042056252725899294
12_3,0.0036608339196565524,0.003707027513098916,0.0017045782211506015,0.004151871889380071,0.0051731330436173934,0.0005151809108443782,0.000599822237967519,-0.0023775388900306406,0.003079777876669247,0.407412478869758,0.3244908260725754,0.2869836352271022,-0.0003741484239806297,-0.003353151150934478,-0.008785906565037149,-0.002000565073056572,0.005506711983829593,-0.0003880698652083713,-0.00041713166943588346,-0.006521228266062985,-0.011290833803224815,0.0007254932251486991,0.0646537715144142,0.035561525845391344,0.025937117170534253,1.776247500092113,0.148145378536176,0.07145151029629417,-0.05392058754208772,-0.04773247558897019,-0.023263837229572287,0.014091628602894727,0.0038649594396152048,0.002805221900463253,0.12663865264587024,-0.007549762858762775,0.1757580287899176,0.00042230028189150636,0.0005029579775950768,0.0033290431710933256,0.001661569496742171,-0.00360144059781883,0.004384124203424682,0.00298377962798818,0.007173370872372485,-0.0362453110562789
12_4,0.0012096663234934322,0.002397483584956429,0.0016538322981755002,0.0056522877621728975,0.004576974978736335,0.0022945628315412985,0.0024228885110847307,-0.001701932616682568,0.011932687890861233,0.4268896849470237,0.3366012865970884,0.2864177801362724,0.002623793047998724,-0.00045132939589826804,0.001671570803755308,-0.00028612147401660946,0.0014834628192757322,0.0016226072783821785,0.0007795585643796569,-0.005803686465384624,-0.00957554328746618,0.009324471810020992,0.07144514262475155,0.03640088739349107,0.0003931838649819126,1.7732140333124615,0.16012184791321196,0.08210424631118843,-0.029471414349214936,0.002472126563261833,-0.023062190091355274,0.013565074923544314,0.012978942260245409,0.0018569265865602794,0.1324234943572016,0.008809092733939712,0.17888366275567524,0.0011113789647660315,0.00012219309003138918,0.0030454968924928934,0.0018222080874143907,-0.0033557809535812795,0.00434007857888418,0.003552271200593139,0.007128719140000417,-0.03934365624035619
12_5,-0.000403530793126624,-0.001987340553211578,-0.0019255542877255922,-0.005910674934668772,0.009109452796059151,0.005637687475769047,0.002015199023676724,-0.00307494330818037,0.0036293532562487177,0.4132246732964929,0.3240883867188206,0.29289223186771235,0.0017613450365321897,-0.00024330157054078808,0.003461093119456784,-0.0021559290160039855,0.003248252020728005,0.006116295532851081,0.0035845070917379764,-0.0017822780351383278,0.003353024626941534,0.01265138629705504,0.07335765809505494,0.04065701918666352,-0.00025774404761332243,1.8199320861260924,0.15075050707113982,0.08278210026532613,-0.023066109191733335,-0.047284249923939224,-0.014264926411480205,0.016366183502929715,0.016428935050992806,-0.0030903782716052513,0.14630674168555624,0.008105139761857326,0.19337029118375812,0.001791505315350638,0.004350033110831181,-0.0009454000656141772,-0.0023929052871755887,0.0034140699876352857,0.004061442158401516,-0.0025117054720220134,-0.007210281207225851,-0.03609193019408798
13_2,-0.000481499919157517,-0.0008059561885165374,-0.0019672949756329144,-0.0005666219870546383,0.003789009308646626,0.006197435331532594,0.001784970988268071,0.00434686123394865,-0.01955408019604682,0.25774409867234843,0.10407300068226684,0.18446305022801252,-0.0025362213323512476,-0.0023445848630580853,-0.014573218957735617,0.0015885834567874084,-0.0027225207920351085,-0.004531754658039999,0.004167527568078387,-0.005370368023609658,0.006774087572360933,0.0010979134356972823,0.027669893940282374,0.003693286400640837,0.07753598366598195,-0.14897530903808281,-0.00953113424654996,-0.01757813456006291,-0.049133291949289636,-0.00117035162350481,-0.02249151736793551,0.0348064761988662,-0.0076746458155305215,0.01613365142249362,0.10822039590727463,-0.012799441860615761,0.1481806594069574,-0.0017376993984553346,0.004057254906246419,-0.0019598054726566775,-0.0038173630813756396,0.0006828779663444638,0.007226048261118082,-0.0006088179912692115,0.00810359860780754,0.19951541933725056
13_3,6.914372769492871e-06,-0.002001266254259129,0.0012914242533027648,0.001119777549189418,0.0063515231532397,0.01024343285653836,0.0028608498648491024,0.001812436796338794,-0.0023698006622107676,0.2371723908605115,0.07996220750440106,0.16731833670925436,0.0006879834948942632,0.0070074732134314845,0.002625446315735143,-0.0015766520497850632,-0.0006301941869159204,0.013600785870322603,3.602314152545453e-05,0.01654777444055534,0.008376334973814145,0.00819154128418221,-0.20392077988302654,9.84839553628702e-05,0.005887785887716524,-0.1470045268746219,-0.007384759769282047,-0.06562319750404635,-0.047121369482378286,0.0014845262209467105,-0.022074393386037294,0.05188855898823909,-0.00046460357350778224,0.00940539033340281,0.10708940094484255,-4.926071024151927e-05,0.10906761651862733,-0.0018073114499078911,0.002485638294542351,0.0026019136171660253,0.003948900630765434,0.00024070655882869977,0.004226564750906351,0.0001782999210822449,0.00325690861703072,0.22233075305123753
13_4,0.00436877884971446,0.0026474690683358604,0.002882514425675146,0.003430139170050435,0.008962793752205819,0.002089091387202159,0.001440177137235033,0.0022845277535212,0.0008675906648739934,0.2709102264538838,0.11181056119442802,0.1754660572366012,0.002288574301672771,0.0010462288093555008,0.002324490681750023,-0.002134487151797934,0.0010739363788633,0.005778438106308254,0.020158663918062588,0.018689850234768914,0.004554320339119387,-6.054426473789706e-05,0.07805318684145207,0.008296647892978917,-0.02866596078037143,-0.145930065688497,-0.008821331072067878,-0.011358031861994616,-0.04797075356919661,0.005325346668432148,-0.022795321529590473,0.04453197122246491,-0.00835224380288866,0.013588874520781277,0.09789963890179143,0.00013492940036943725,0.1523847592481311,-0.000628734554042652,0.0015057551269251456,0.003386068374661595,0.006932832264873698,-0.005437478996070982,0.008411560422167615,0.004561091184166873,0.0045993575062045,0.20170486667688153
13_5,0.001732640784934447,-0.0016416461254726124,0.001761374374137277,0.002217304520594911,0.002651597482203031,-0.001920999616672777,0.0011086924291616065,0.00172293543022876,-0.005802394490897866,0.2989072620217377,0.11477870431525317,0.17379408799666318,0.0023720261052370467,0.0023681476269108628,0.0027531276929547697,-0.0002467074266747606,0.0007682937628472731,0.009181596515631807,0.01898971431794391,0.01392456131183654,0.005213149047814713,0.001142268968037657,0.0852237227871407,0.0026046587650623257,0.030454702706573904,-0.14150711547856235,-0.00866373864563541,0.10074591903441046,-0.04388953012107913,0.0004011563881691922,-0.03402439810209062,0.037596738282803285,-0.005289642694980377,0.00834589009310113,0.10017377936362576,-0.0010641523258356472,0.15346599791144713,-0.0010427615012929762,0.00035251679502789024,0.0030151182999620793,0.0068440321943211676,-0.004966119828242365,0.005909590584590534,-0.00023425228095864375,0.00546617346022427,0.15392820301668023
14_2,0.0003042309336101827,-0.0014038706531975449,0.001026480792420499,0.000493338771932398,0.0008687215784679927,0.00013622510126601732,0.0009785293296196798,-0.0035219376190661405,-0.1256426671507306,-0.7026366734844555,-0.2843972728790545,0.12949198178502241,0.0009274310450869872,0.00039657389019371936,0.00254924914537235,0.01735234018410039,-0.00024065298326378457,0.006534780091964958,0.028163085751351114,0.011110710448495393,-0.029415547022400994,0.00057799409043434,0.04843583740315928,-0.017930011349301438,-0.025407271784646357,-0.1848991545472746,-0.015114982529549686,-0.07130114941505726,-0.17526617353417706,-0.12264425371712401,-0.09761652388864243,-0.020359083940892458,-0.029112477088386293,0.007848929707438435,0.08726869896479195,-0.0018299497872213766,0.07979190749321431,-0.007524630142298598,-0.008495338724885733,0.002566962200024651,0.003951095535789588,-0.012004640802618245,0.002835167408843346,0.000676243012155607,0.0061343619474971195,-0.008932211820960016
14_3,5.820125673151109e-05,-0.0010525755887734573,0.0010816736138496846,0.0010738931755531417,0.0016670437711259647,-0.002102946030191063,0.0004997844137912044,0.0010350833656814578,-0.14284610015203397,-0.7995772939752978,-0.3306686077173392,0.014952734428685195,-0.03458579741726808,0.0074577783141821525,0.002647653070331441,0.0023626246119961233,0.02775589310538233,-0.19310565259450524,-0.013333998168482221,0.00893223277280645,-0.015179812783312652,-0.0032050690134475253,0.048914848479100756,-0.02303901951509256,-0.029435207175857514,-0.19712094117929316,-0.017139302182437203,0.04317347573067028,-0.15847688452759431,0.0015287153963178264,-0.1249307197362935,-0.060615928664321125,-0.027620969217716264,-0.0020895829699668824,0.08117295404983091,-0.0063454504290907056,0.07806168184448849,-0.0072296435757823,-0.008430034983706666,0.0021064538841650804,0.005649515306252332,-0.023789949353514046,0.003801926443785167,-0.0029664633715433143,0.004144801842207628,-0.0923226749015718
14_4,0.00014404223042764324,-0.00020123675673485654,-0.0053879364994217855,-0.0022755023251442505,0.002885985895094508,0.0036631524381954906,0.0016110278485666955,-0.0017428412264818647,-0.1415893657200773,-0.8173207911453757,-0.3071827110177248,0.008237315034703032,-0.04030563097804307,-0.004328963657381442,-0.0012539845199334028,0.0019514347004118424,-0.003505954409294175,-0.06066800819625382,-0.013330124483905522,-8.675828557832353e-05,-0.010596790934342952,-0.0008254595427939092,0.04942787663773134,0.0005224009298483816,-0.001074648642748659,-0.19635431683485324,-0.01891607290090054,0.057503380647374515,-0.15054282421749293,0.0029646164379138885,-0.13462684869042085,-0.05735066152611418,-0.02405602621697868,-0.0019625387651336116,0.09259835164151428,0.0005420042719773515,0.10056889318068905,-0.006884864199948438,0.00713218764238247,-0.0017928039944226323,-0.003486084120917638,-0.010923598509058349,0.004713432180829471,-0.0036286580059420267,-0.003646669256807894,-0.0990422505768011
14_5,0.0006483996184481603,-0.0007159916469213973,-0.005084371264324459,-0.0022260228262735177,0.004014036161846712,0.003929181562858247,0.001973458264538628,0.004360127834379107,-0.12146327440237019,-0.5949856239245426,-0.34594193339846474,0.0765557604299575,0.013706139037210697,0.00037553939568839935,0.02741317061692094,0.017602510113487173,0.02257230251464049,-0.06785054170952165,0.0056202355066592505,0.03510219277769973,-0.012313898427103058,-0.0019410032069303636,0.0592841889555443,-0.01597511268659663,0.002149503478841967,-0.20205893597141453,-0.014629871447294348,-0.011934727309874807,-0.14111921291959706,0.0017300131199944504,-0.10396563519927196,-0.05602353977970287,-0.028579310971681555,-0.006461470981916667,0.09148849849748181,-0.0064184957782725816,0.10459284938890163,-0.005345092850488139,0.006619024005233125,-0.0018574002363168666,-0.005237877175007971,0.0016319417008567804,0.0049176282396808,-0.0038047316296082037,-0.0012979931252225917,-0.09563359842782693
15_2,0.0005426945438583885,-0.0009681759229869248,0.0012533264241419708,-9.743289076665769e-05,0.003283024815526663,0.0008429756736393528,0.00010019633390393585,-0.003518709103265241,-0.005457167842148328,0.20931230102322793,0.09443006417716006,0.15736162712321458,0.0060201405504890625,0.013163120780205331,-0.01433170772334486,-0.0017285899495690141,0.0008109168972384739,0.017239719295126445,0.0028461521547938993,-0.005352421473043791,0.006422417737146825,-7.258211536551349e-05,-0.0285715692160175,0.0065240509205241985,0.03697582807218086,-0.15974524709547677,-0.010609810426866071,-0.04004958689310238,0.04764618272713761,0.00188501274860582,-0.023666635257324983,0.04940330317524831,8.049188984089936e-05,-0.007471895757958957,0.08818129118951118,-0.003714104990524534,0.15495736002298924,-0.0008952906290008117,0.0008748226015522684,0.002481361514662175,0.0047154045739269896,-0.006202224998860518,0.007412874514295582,0.0010494750366350813,0.004296493392791608,-0.02710263959173498
15_3,0.0029671638529510155,-0.001071672774105134,0.004114213387438516,0.0002746234659211919,0.004366702696730766,0.002866756807271514,0.0005033049153987783,-0.0041212730635379075,-0.006740600415284188,0.23488553136035065,0.10152350517333968,0.16482085862204823,0.0028606530442175163,0.00018808312646169617,-0.011589347159097084,-0.001446745139759832,-0.0007247163203784718,0.011423944835478305,0.007126043313841653,-0.0008046275360622585,0.011744432539758543,-0.0005825654289395889,0.0877483607998649,0.010625127450341146,0.023840506213638833,-0.1487957031515758,-0.009090730454511179,0.10274892964328013,0.04424746179958284,0.005659552281029576,-0.017043889058966526,0.04643487534735221,0.0005659898583457284,-0.002151806481781645,0.10550182265437824,0.0035655165264715932,0.1592398586779509,-0.000847436966549833,0.0011340294763100612,0.0029301727359850446,0.005360723832986838,-0.005917516122116335,0.00724649934619428,0.0027262140489736856,0.005634493579820964,-0.011530278562392153
15_4,0.002552696100800551,-0.0005985073815833487,0.002204950640253582,-0.00015702256795105862,0.004097172053908141,0.000701495594857952,0.00014785646815944136,-0.001699375196650871,-0.0029022550113365644,0.23334729553573963,0.09978847712821348,0.13866517981899745,0.0038268617860995127,0.015738341202628885,0.006520380257568749,-0.0018281676455058288,-0.0007976029367910803,0.013554206412719361,0.013504638487433903,0.012072429784423334,0.001873971744279965,-0.0013078729895765735,0.08327068791387068,0.014931392231299431,-0.002112156495022149,-0.15375279176469214,-0.00831112570044686,0.10808189608075308,0.059377958775686024,0.006593445866121559,-0.02203281664059387,0.028946148462061595,0.0018224534152429066,-0.003344246046949245,0.10327843154074705,-0.005349635408817411,0.1743720896094674,-0.0018200540144365123,6.58807389650631e-05,0.0032813094349440023,0.005963402432254209,-0.00519102944723452,0.006060330885186634,0.0008964141817788599,0.014153197340375952,-0.08902193469422127
15_5,0.0022702248255097664,-0.0007556225154439733,0.0009539667085393123,0.0001790075646528913,0.004067298844944931,0.0022502192898000645,0.0002191068520977016,0.0028581419134634223,-0.001248928666476878,0.22797540286621681,0.09746011396785895,0.15225445200599047,0.002510410634941618,-0.001558414511755992,0.003203927171572447,-0.0016936077058987559,-0.0004947746728731934,0.005841570622245034,0.0049178389603574514,-0.004193371436353799,0.012714379683060845,-0.0007616910413329751,0.08541147306813615,0.008335773882474478,-0.005048872235678259,-0.15266100053055415,-0.007531374054114337,0.10343437989340497,0.05017319861160428,0.006412584477171409,-0.016610979416542288,0.04097796612124203,0.0009483233150395115,-0.00729090589919901,0.10582061457653451,-0.000572463496885125,0.16513963325936237,-0.0022155275643106574,0.0005225425080244323,0.003585986076635763,0.00413934114362653,-0.005644450761426597,0.008128091381460891,0.002932886924129909,0.0056846669510250605,-0.008609140798947862
16_2,0.00011246037390810954,0.0019112306378769191,-0.0011914759382200845,-0.0022397706987093364,-0.003252540714196773,-0.0008296632513381172,0.0038575034380792547,-0.0020851397212823283,-0.018037625924368843,0.11630310226341521,0.04222164715514446,0.15487987671915102,-2.4599868649647945e-05,-0.0014336163891580263,-0.0018235593914113126,-0.0008345251060790579,0.001133260561100146,0.003836787358150826,-0.022897077843203478,-0.011413188635079811,0.001581311435199952,-0.002724679668075808,0.09495940909168006,-0.00525492046621947,-0.023974400295248003,-0.16201080396618128,-0.0075041813005227755,0.07975554851249997,0.020422140156118318,0.0013820426826148295,0.013524627887055054,-0.022264188979803503,-0.0006988460336464626,0.002196799878853617,0.11841479051807582,-0.004144755738904031,0.18172480072810146,0.0011841473872150074,-0.003955706110866053,-0.0024198470704533902,-0.00419234676333866,0.0038197870383896754,-0.005434244012519369,-0.00223267425619178,-0.0037345396986780076,-0.022469860379996792
16_3,0.00033703212905799207,0.0013895839723808132,-0.001045801553669904,-0.0006176997809248154,-0.0029414285183004727,-0.0006777692805651603,0.0037879874574788066,-0.0003191450211501623,-0.018941355548700377,0.12143156885703006,0.039239118123145095,0.15617539552337342,-0.001001673204183608,-0.0027189499203365787,0.004110745326958939,-0.0006760966844416772,0.0013640114403771636,0.004401735952287473,-0.021600500090983413,-0.010835869616790058,0.0013627810660159414,-0.002278443058033514,0.07547537933784024,-0.005594751670619076,-0.015653097294647235,-0.16173018943242465,-0.01239397308233554,0.08000588776611156,0.02209078959313508,0.002566397215304445,0.014408539768605969,-0.023001821795118522,0.00031550654578928086,0.0016931753170367084,0.11870461482924048,-0.008524959138905625,0.18000963811729165,0.0016515603125341238,-0.004258271204690781,-0.00324979246339792,-0.004945352548359793,0.003774106991917828,-0.004526447826031132,-0.0009025606035151158,-0.005450747763946665,-0.022643464741349074
16_4,0.00019312601309966345,0.0020161913985408692,-0.0012034255399330108,-0.0009721924436331096,-0.0055525773290555315,-0.0009598588747758107,0.002082124109342904,-0.0025531837326788543,-0.018574651064451827,0.1131375041612833,0.03703267075948953,0.15437924308413956,-0.0005912933035478792,-0.0035541602560516905,-0.001861373280334523,-0.00133390905709396,-0.0003751591249705822,0.0006688780460554539,-0.022601263325415847,-0.012960619686923087,-0.003045980534279933,-0.0028131179205227183,0.07620200689209654,-0.00611025222026917,-0.031582080769567034,-0.16468624305285576,-0.008824558953191636,0.07986467806697528,0.021126121160166857,0.0008588630473175294,0.012206194172069307,-0.023188292652687414,-0.00032406657125751744,0.00182561263642527,0.11788224239441761,-0.0043832671763542885,0.17744885645350542,0.001074430345852652,-0.0038993925951436464,-0.0030322361654865813,-0.0038502928572700583,0.0038830576220844934,-0.004434998420773414,-0.0034772907471593735,-0.0035382853464237234,-0.025103787521130336
16_5,-0.0014407073651170835,0.002899896364463459,-0.0003356676000730483,-0.0019102693983592519,-0.003224466031110395,-0.0008134417396246797,0.005627594222214759,-0.00035189894589196557,-0.017426452604451807,0.11913010169988748,0.04385828495600552,0.15586550702784635,0.0026626467985689625,-0.0011442096000837021,0.00360787051000834,-0.0005038946778231689,-0.0002797507207606636,0.007276814647623867,-0.017559702080408315,-0.009964748152991984,-0.003130879797892312,-0.0017297596094183138,0.07539069115047738,-0.005081169944968693,-0.023479765353255293,-0.1607491745574314,-0.010854148387875148,0.08092232709260813,0.02412037175911037,-0.00046646276018207664,0.014970658577270266,-0.02201895187582752,0.0010956589000757789,0.0021256504774447333,0.11905946484469694,-0.003447687221119203,0.18177340932749503,0.0018030776140825924,-0.004059163508884487,-0.00202688041034399,-0.004824320329479062,0.003880246754584674,-0.004718986853874728,-0.0027059738521581574,-0.0041045194176907275,-0.021223854546811024
17_2,5.424459003128211e-06,-0.0009447268396067248,-0.0016659483625543635,0.0014642590296624078,0.0010485671148536095,0.003057090510086471,0.0012971245595838525,0.0012860883228404372,0.024960371228621204,-0.4901898454645149,-0.20137537888349707,0.040208280933126506,0.004946005159031391,-0.0003249570125241667,0.02208536561295142,0.015916735829781172,0.0015405972068191272,0.003940582149117831,0.04267264879759437,0.024393217123219405,-0.0032671695329794825,-0.0031316129297742834,0.05100829999717151,0.00017351879993555676,-0.007462174784492524,-0.16394233987914786,-0.01638798802749636,0.05671390720819332,0.034532707325928606,0.0007430568591824664,0.01594390293053928,-0.012516899026513503,0.0006363250616005814,-0.00924450486113044,0.09248946108682837,-0.0065735786316190635,0.13889558507830183,-0.009534565228268654,0.006257199706548462,0.0020535189153058474,0.002985287321680233,0.0006811258657994004,0.003483868738244493,0.0003460617614285397,0.0048600298794547695,-0.009341392664178544
17_3,-0.00014332365336520685,-0.001398449810730918,-0.0008048446348885036,0.0011122956509214514,-0.0008953717903528675,-0.0004698785616913259,0.0012809473309513917,0.0009595562649667465,0.02042085120071768,-0.4839479099833714,-0.2234736703068955,0.049133787333920764,0.00025755829386770335,0.004640509603059533,0.02180676203335055,0.016385143084101935,-0.001087743848872696,0.0043426106998247435,0.04148808926235489,0.024368853061734665,-0.0033486257420343936,-0.004621307920830046,0.054319216618501635,0.00014270503264474766,-0.017871900227281048,-0.17253829217319466,-0.013677310334970175,0.056925441703705705,0.0284765156866573,-0.003688165266922509,0.01701735253304707,-0.004919247371553547,0.006230137456635288,-0.005054449088714818,0.0840853731368913,-0.012291283093013574,0.15140559577446663,-0.009479466288065347,-0.008396838609246648,0.0005399831901674219,0.0034819699118050222,-0.027235332753212157,0.0043163808342149244,0.0013213118687951414,0.013061621930887994,-0.07656150525533356
17_4,-0.0025484819859056067,-0.003127669756162159,-0.0036723701011211834,-0.002776233192392138,-0.004313966671019147,-0.005000405513030423,-0.0022382511426063388,-0.003532185509422747,-0.0034885508315414824,-0.13656939978600433,-0.1913455552863261,0.15004336104650176,0.0012134043557720713,0.006745823974958608,0.0019037255003903498,-0.0033022967823633674,-0.0013213899460245877,0.005898812358281092,0.006442497428877313,-0.00641859896392239,-0.008082727272379936,-0.006071463410145336,0.055456450069243955,-0.010025913271485243,-0.016699526166290415,-0.16022745752102405,-0.02096089176677523,0.052913184121026705,0.019168174243389634,0.002150158488028445,-0.0051556868818622426,-0.024516324590361432,-0.004565293169002789,-0.013097228763581568,0.11749597379323827,-0.012201499315956122,0.18105454445017027,-0.0026948496529793507,-0.0038091885404465315,-0.004183902057463312,-0.007944717155641445,0.0004598747973337933,-0.007523316514951287,-0.0028672971853957578,-0.003071206188101174,-0.01991724441588598
17_5,-2.238649186684879e-06,-0.0004047347324425805,-0.006891588739743516,-0.0013043417623838428,0.0009343223921811876,0.0041682159092171185,0.0006874171053768793,-0.0009472229717692578,0.028217842538643845,-0.3957653706445378,-0.16784066611699291,0.06085821069721143,0.0001775509822124846,0.0005752780469113825,0.0017727910054662213,-0.0028338608188260717,0.00033100104224071005,0.003755412751742314,-0.01236201045059606,-0.0029776034320111795,-0.0022055168860343056,-0.00021693382770445502,0.04855331039955921,0.0016742647599662442,-0.006553734421000226,-0.16564596459122652,-0.0038173623201931232,0.06848598077308987,0.036661165368056525,0.002276201015840423,0.020687176417456963,-0.01169198734742003,0.004344313865028921,-0.0050756291835512115,0.0964926379410673,-0.007528796366469736,0.1626321080001827,-0.008459200126986217,0.00625592086475614,-0.0022021265237179874,-0.002105869325117024,-0.00043948208789244575,0.003930022345330416,0.0005129848164962816,-0.002421496389354384,-0.006077479011059467
18_2,-0.001259192926692928,-0.0031038487112435755,-0.0013011240824328846,-0.001363549334298995,0.0014535531703092426,0.0039328589211682615,0.000966216150241096,0.00127920417224721,-0.030133152156678028,0.12154862593879641,0.045554818898224846,0.13285921558099753,0.0031774462640874438,-0.0037229443787013365,-0.0038397200318599114,-0.0006953245088496946,-0.0017033255510396287,0.0011847715038197934,-0.022551839254341805,-0.010524065494528017,-0.0018934138562623126,-0.001047414251907692,0.06873408107689205,-0.010619883307298485,-0.016010669868404787,-0.16706202644643475,-0.011369064466263871,0.08074326803993484,0.0011924105885445112,-0.0005203587338457564,2.628799171275883e-05,-0.03107172389329429,-0.0046053187668159,-0.011627451861977951,0.09563193606120754,-0.009017207935948983,0.1451339549217606,-0.0012788787694237734,-0.00028521219035473585,-0.0012348861917608298,-0.0006151532617952654,-0.0022499120229068524,0.0007868260358153032,-0.002726099243311308,0.00422929652629933,-0.03040295049443382
18_3,0.001007426308271788,-0.0021946541343434004,-2.669030807868675e-05,-0.0015147957300908684,0.003994977780431499,-0.0013551133443217521,-0.00023070653002319028,-0.0007679012632319341,-0.043610384331271346,0.11666766772432308,0.05882013460004931,0.114638794385944,-0.00026302792970132324,-0.0022851785185816877,0.0012895789888652252,-0.004419844261478564,0.0004339355356186157,-0.00023768585698235057,0.0005474962229588011,-0.01181401974111429,-0.011164796533308272,-0.004048469357573051,0.07883064009106647,-0.01232836295007078,-0.03237762113865993,-0.17929577135740518,-0.013257637127596214,0.08791960310023902,-0.0038440292889300284,-0.004409160244029368,-0.005586560403577869,-0.024807799897135222,-0.010162695407251182,-0.009663363280519538,0.08408989103114306,-0.007482443100390515,0.1303184587630481,-0.0008862309271346302,0.001646290662885213,0.0021080041251251573,0.00357621329436597,-0.007329781650545788,0.004271586957898018,0.001338388484351827,0.012656473259571314,-0.09718607113950926
18_4,-0.0019568500870382147,-0.0016428350236341233,-0.004297614129754082,-0.0025935196473824257,-0.0042490210675573585,-0.0030550040445325847,-0.00295839728004038,-0.003473122159251315,-0.036160997969243054,0.1312002761105385,0.04899376758156301,0.13012156549324772,0.0008705928378074693,0.002637622249028577,-0.005000092667661753,-0.010366938074047373,-0.0016094265578518586,0.0073950480152442264,-0.0251334192416043,-0.013522690558986415,-0.009199511597029322,-0.002269423720977374,0.06825330126304138,-0.004828940840851061,-0.03244143844620882,-0.15961172059408013,-0.01135475707033362,0.07488583262806763,0.01606662447830882,0.0036851656598276415,-0.00013175604019376354,-0.01696730355027772,-0.006962924137699929,-0.007951413495045023,0.11716819511972636,0.002248773676220403,0.17746601187542463,-0.0018168539848433674,-0.0045338491339548224,-0.0033583676037350664,-0.005410340376007884,-0.0038271194025283357,-0.00443116646992938,-0.0027563609664968364,-0.0057225296977471704,-0.1050842771982075
18_5,0.00018385126767512844,-0.0016916621051326062,-0.0024142303871336765,-0.0017284473044013537,0.003560346833276583,0.004023829026116165,0.0007290729027878968,-0.003972284370596803,-0.026080161881164406,0.11347955957692227,0.04333982370003178,0.1438594901919517,0.00034972968217014005,-0.0034989675024145743,-0.0037617973990231738,-0.001082159456899059,-0.001688898102652007,0.002829311621644837,-0.023151519199903877,-0.012315855317670904,0.0031177729562825553,-0.0017778089209884752,0.07508347425122713,-0.006799385213725845,-0.03102068971794363,-0.16558866476077122,-0.007452340892346969,0.08553431576458433,0.009022822532550448,0.0013941713679013305,0.005033370638078459,-0.031265549407872004,-0.00485897788351222,-0.009398556249811753,0.0958461452421103,-0.006097499220808535,0.15138479464453908,0.0017399152723846859,0.004216349982501325,-0.0014906617724799853,-0.006537596283214554,-0.0015454530709377281,0.0017154963141822758,-0.0010552100545824946,-0.008532438035610468,-0.02684184834249805
19_2,-0.001965332579077637,-0.0022829653566241747,-0.003579359866900509,-0.001284086927934164,-0.006016575693480271,0.0045474421336267785,-5.648869395284399e-05,-0.0029015275306186216,-0.007070379386551547,-0.05262920768516066,-0.1832193060246723,0.049275413686783176,0.0012112273673005314,0.005808562275070612,0.0011628242284081583,0.003581003559908656,-0.0008805743586368933,0.00727068611193563,0.004682061657902108,0.02361918852371252,-0.005218534666088823,0.0017888198122664395,0.053209172846398645,-0.005594345399603987,-0.009936463261769512,-0.17187838575391015,-0.011624634289131122,0.06392759343557702,0.04135715469735435,-0.0006480189500760223,-0.010717254803041726,-0.02514365921677037,0.004801056906789712,-0.010305168999388414,0.10104160285094323,-0.008538250174368585,0.16394683866062962,7.225124156270481e-05,0.003639412158680766,-0.0018291601772417495,-0.003090579540435108,0.0011837135385111704,0.0003863243540960425,0.00043734383119466765,-0.0027402267088577313,-0.013036137861130791
19_3,-0.0019077985969397598,-0.0028827695972534284,-0.003289410818318471,0.0012110402043974944,-0.00380065247261753,0.004829853898573924,-0.00023177961547016422,0.0011274992795323867,-0.03745987846738789,-0.28236376771368094,-0.21207074651589994,0.030654702437138366,-0.037864576381704255,0.00563037139077399,-0.00029241893882805335,-0.0012853734254759152,0.031779234577795475,0.008005168408533452,-0.014404042345186923,0.004024208939037906,-0.004541914047125046,0.0024231358562525965,0.05606647190178893,-0.001817350997470687,0.012711615935061076,-0.1655962461654229,-0.009569805996035,0.07372108422499653,0.04656184236637952,6.598249553026186e-05,0.010650967115490573,-0.0026596864416955513,0.008977052769987403,-0.006336363055493664,0.08973059305662688,-0.005434708429689607,0.1608213013746686,-0.00021600571538824364,0.0041267159190654665,-0.002037707901743516,0.0004709609103573712,0.0012225529244387708,0.00038604784201268845,0.0004672988048444112,0.00544407463743229,-0.005893774372809661
19_4,-0.0023663714647305517,-0.0028517148873023813,-0.0017243476091128131,-0.001809764490159448,-0.0059198824638695136,0.003715241925539789,0.000678318575714499,-0.002381835669793136,-0.014306986170960592,-0.10908273790015457,-0.18925784924498967,0.07721388944018931,0.0008655909644545249,0.005699232264821831,0.0013207651592049773,0.01620926384566764,-0.00035706835308083116,0.005785217626155583,0.0014702124454859492,0.005866980624995946,-0.004331077609633453,0.0009589287036572923,0.05625990142319631,-0.006551691579697031,-0.013579922966118787,-0.1676232443524146,-0.004940229740322401,0.07613582160209642,0.039618911875990946,-0.004227173283237908,-0.0013424194007623455,-0.019169872154862207,0.006276534873767037,-0.010231854982840075,0.09992232024260272,-0.0078069150601393095,0.1699776395081311,-0.0009969622766967865,0.00027345172810214365,-0.0019459234313015758,-0.00991620106429324,0.0013443164784597513,0.0004368436155938589,-0.0011762500835350697,-0.004961822935474457,-0.009301456217643105
19_5,-0.0019200615966045553,-0.0026555612382198005,-0.0024015013927235714,-0.0011537017096173079,-0.005903415100854121,0.004367203005938439,0.0007356222177182514,-0.002722195236109001,-0.009090179313396526,-0.1446197710984828,-0.17698401156773302,0.04586217642217093,0.0011159435004816196,0.00677958489733345,0.021497973298690996,0.003239967466997779,-0.0007063658547863086,0.006975098867258774,0.00658268333901699,0.007470211911847552,-0.002590334410561777,-0.0010596142538783105,0.0545748902631612,-0.006194804392645644,-0.009008511992286306,-0.16389711794912534,-0.004097957785987034,0.06942346907223061,0.03689296906188521,0.0025303926725477577,-0.0005191729280137998,-0.005468224048132779,0.007550843912653131,-0.008750017172750823,0.10010557793673994,-0.00712078725729742,0.155821295402462,0.00018002640554103442,0.0038356254527422465,-0.0020039658496073505,-0.003540659647635983,0.0019385205015948431,0.0008048165634375811,0.0007581584484022335,-0.0021168457169640107,-0.008919068965291007
1_2,0.009300345642520651,-0.002037126278071204,0.02870613936645857,0.018841429711755245,0.011554739725859468,0.023344223288609058,0.014188024667762133,0.010143609341243778,-0.0704971688443524,-0.28819067878766996,-0.12207726665072981,-0.6382097783746179,-0.011281633254585442,-0.0046898535848667565,-0.0024297910537302144,-0.010289190430688636,0.0006035464328376939,0.014628716233273975,-3.0871388071102674e-05,0.01860110837691223,-0.002975318999201451,-0.005338865510944261,-0.015105779257477275,-3.879693003572461e-05,-0.007639237397681644,-0.11490661737640251,-0.007938722127351881,0.04171140947715759,-0.10182156217561238,0.008179842916033273,-0.05795438355102745,-0.005666212501573439,-0.0011256828652483055,0.003975042694160591,-0.9322308170683608,0.020498752919204846,-1.2384234885641443,-0.0031458114838123163,0.04945685614703461,0.029976640578815984,0.06061102968445723,-0.013159156919410693,0.05228242393537324,0.013188224212519785,0.060682776328645605,0.08013916862847249
1_3,0.01309269560355145,-0.00040009047742503047,0.04185558128226247,0.01758284283864964,0.02450388269867,0.03382565155946349,0.013406052892976406,0.010630960075165938,-0.06370319149043381,-0.3408263207839565,-0.12057500615175241,-0.8737130064329013,0.013941968555345692,0.002600207061107901,-0.0010982342708868147,-0.003220129654202592,-0.0004207460109344863,-0.008059903536293891,-0.0042580107115273704,0.021567315397962656,-0.004900231884629742,-0.0037643029818784537,0.001740995276956458,0.004011224498186172,0.0004754534762720656,-0.10719867936248152,-0.004011974916158892,0.04319176281845052,-0.08374080442190111,-0.016049313089821195,-0.05746001402627592,0.005459093233630813,-0.011871258818174297,-0.0007591092807686385,-0.9115955270600904,0.02070073370116591,-1.2453372098598605,0.0014437855702189837,0.028808318012757912,0.03041377270556039,0.060696746603797,-0.01764379824642875,0.05575190343395721,0.014818839292525952,0.060894971101392005,0.07771306919052208
1_4,0.009873640739000357,-0.0012060327703804494,0.041138458106624684,0.019146900664658097,0.023573149889150085,0.03552270706986181,0.014804844567563714,0.016617121402909402,-0.06963637647060492,-0.3429013236331993,-0.10171623141886814,-0.9114391714841685,-0.011871953639396828,-0.003962780149664767,0.009243134848728565,-0.009210831096847455,0.0006006560342460376,-0.010275141002842799,-0.004998760723594612,0.020765104185293495,-0.005375144613111753,-0.004769749764419373,-0.0022256412899242057,0.0019124460214314794,-0.0008860161306081113,-0.10253767697150576,-0.004348641409933919,0.04839763687291134,-0.0810796576338461,0.008153511168421616,-0.021552439646827373,0.0033004968435022823,-0.00815317249984309,0.0015405306336239528,-0.9144549476534914,0.021813882410167833,-1.257861938618593,-0.0018353045350661063,0.0508678959433721,0.03036882828640927,0.06057631149645712,0.0011805461833571886,0.05234600934941075,0.013490168242221786,0.061716318337670384,0.07458839492669567
1_5,0.010973587720947331,-0.0003156173392808403,0.04150142998607818,0.018982079921031708,0.025026234858645195,0.03646266426819912,0.014602916035430487,0.017354433475647253,-0.06549330431816063,-0.34072160516713657,-0.12222608579228923,-0.906692910567357,-0.011403212976044073,-0.003652336633831198,0.011573567211884937,-0.01011166357473268,0.0006452743345723187,0.015324325048585117,0.0008135171444442195,0.01945562732705621,-0.005576642861233219,-0.005165897753317897,-0.008614444612693001,0.003223952412348132,-0.011585379563327577,-0.10453096982299448,-0.007481628188598345,0.047512436380027306,-0.08313219908377587,0.008759647421926387,-0.0566315853303652,0.006852496654515594,-0.00912354804644569,0.004592161048136527,-0.9062621947051872,0.021035712465850852,-1.223083116229892,0.0010581638419615252,0.032807616477745966,0.03125315580754926,0.062068761848795284,-0.012877444861197074,0.05510663105095877,0.014404362409347164,0.06323073023145301,0.07515272797884189
20_2,0.0009526624864153335,-0.001369445074971002,0.0017229897928243579,-0.0009524962710168381,0.001586795924408768,0.000296772843003189,-0.003102043225784225,0.0006006226307999213,-0.0184222567049023,0.2201963231575733,0.09154182686836172,0.1111131846291387,0.00223678192726201,-0.0006046887347562523,0.0018016110757873083,-0.001725127595990889,0.004596963082361163,0.009399745323467422,0.0003917036867897388,-0.0046511955656788565,-0.011988611368159662,-0.0013247782345104985,0.0023781640527301613,-0.016621956194974013,0.003905586764176073,-0.17020485256822626,-0.013687475643851553,-0.024583171628908655,-0.047998168483443085,0.0011880248200591918,-0.023736272280545506,0.015624970723379055,-0.008152529064898838,-0.005334325908551833,0.0695320070952844,0.00868545439200976,0.004703942258160748,-0.0015671528624860555,0.0001373123140649905,0.0029482761183487888,0.002711846724084323,-0.005642440784172673,0.002336774619626444,0.0011215935170988446,0.0036281793871584082,-0.02996373303999721
20_3,0.0017663892522203877,-0.0011687949194466114,0.0014783596951489745,-0.0011547295128253863,0.0014324720262070627,0.0010136619434251996,-0.0031223725246142964,-0.005730103161168369,-0.02100924340933023,0.23158104120679956,0.0823363091064827,0.10590916247765995,0.000886660755211059,0.0028457559226429696,-0.015004709133908093,-0.002527192213314564,-0.0030737118155807217,0.012179837642471273,-0.00883428289595287,-0.015558228177678775,-0.012005583908190018,-0.004123293466838451,-0.020369033249957116,-0.017609214339498948,0.00032620701316300987,-0.17071929979515457,-0.013935018008698069,-0.029812303258737297,-0.052627057538760624,0.0011003464290115063,-0.02996119042261183,0.016885619104562256,-0.008494964688524457,-0.0063987796986817525,0.07104229179739141,0.018540431661547025,0.009813492036431684,-0.0010694179709816848,0.00015722067486056412,0.002302882082172604,0.0030122343589400772,-0.0058911844715479,0.0029122069984532095,0.0014937607123185173,0.003593856594175368,-0.027686584478824577
20_4,0.001773521085481646,-0.0012667504224991636,0.0013644584197023087,0.0003691888219981101,0.0014971506376148136,-0.0002987502245605946,-0.0036515734540568806,-0.005410732837534426,-0.01967358763726956,0.2254443918055502,0.08641480033456482,0.11291428357147473,0.00026640177088944677,0.004012713502555286,0.00019989460350340024,-0.0030830577284034805,-0.00311293108519032,0.00991267144312112,-0.004297327737907288,-0.014362498329316327,-0.010407871694674695,-0.0010194653874705415,-0.06527926037867593,-0.014875228934218688,-0.0026253288517373253,-0.1709325666300887,-0.01422510521667439,-0.02889614070412214,-0.029573892193167202,0.0010811966072121824,-0.03489388925775548,0.02222232746703713,-0.005835021874360907,-0.003446172679838385,0.06746654915154933,0.0029667620057766734,0.019142069232440287,-0.000303032328726008,0.00021135153394830224,0.0023037827267883724,0.002426404247740855,-0.0058558754647301215,0.002380044787736081,0.0013344406025456957,0.004154415511695135,-0.03086746013925742
20_5,0.0003064605990505007,-0.0012367751132811198,0.001926203150030722,0.0020859945572483884,0.0017240511592358572,0.0031721674407013964,0.0005064637986418203,-0.0022311171670323783,-0.016819998913115447,0.22261535360562557,0.07669075495299915,0.11600793554856058,0.0024125197653286795,0.002995571690265162,-0.0010257392699897644,-0.00815242360168393,-0.0014420175606068791,0.005851911914947223,-0.019481482781695834,-0.008750874561361704,-0.01048620462227519,-0.00018960744637364253,0.049540001650638356,-0.015837885785077346,-0.012177579461864225,-0.16880679789960817,-0.01402535022160475,0.018529221502809487,-0.0627160548262033,0.0025298949143780945,-0.02595361241120884,0.009529907656736785,-0.010402179309757639,-0.013598132190699424,0.06274699131446204,-0.003501616055722066,-0.0074101576609891156,-4.728167858244737e-05,0.0031823373784118673,0.002411988358515036,1.5876435918620362e-05,0.0004990068809083935,0.004167682875681244,0.0006642662585778548,0.0038540327969867646,-0.02899471736927349
21_2,-0.002147354415390004,0.0006079456633946558,-0.0012312831392782375,-0.0019719761471721888,-0.0057974357457697525,-0.0026700925301826315,-0.00030720615682690105,-0.002901116511723652,0.029934888350797315,-0.45673273132342634,-0.1708055986269652,0.07009630241436639,-0.0030593200227747187,-0.0021550939721771117,0.0003840095359960177,-0.006779416443851104,0.001091086660385815,-0.0009070802336818204,-0.013786969839957926,-0.0016112637380791184,0.0004863226885536471,-0.0019967464967661913,0.049309416401767836,-0.0003033836964228992,-0.016421019386112512,-0.16543048561069854,-0.017760050956087615,0.06263913677719683,0.03750316808386918,0.002052399238167126,0.024059734492957497,-0.010982671747043041,0.006156663358886181,-0.008269226914996939,0.11924991364093865,-0.003502803660907139,0.18814715166059032,0.007311941181443287,-0.001909588807928922,-0.0037568241500038264,-0.0036459341773192595,-0.00048545767277694614,-0.004799403678492848,-0.0024961547064882936,-0.010520531472939002,0.06420070605696905
21_3,-0.002030817694583565,0.0006354432962930709,-0.0060092205270217665,-0.00212576489364149,-0.005834619658174834,-0.0024414659567332814,-0.0005995159202485431,-0.002280102688691254,0.027045334280453793,-0.460737374021618,-0.17946436982765032,0.06336423738649968,0.00018219291185945792,0.002705353771268118,0.002104452412354018,-0.003972652037237098,-0.0014907451170560468,0.0055061499722748345,-0.011311822608069339,-0.002490868011119035,-0.0011200687433279872,-0.0014228868419815697,0.049250513402669546,0.0014673741986881356,-0.010851476673900455,-0.1662778189799938,-0.0020984976678077197,0.06355714041626045,0.036607746516253974,0.0012748218073848697,0.02286205905256182,-0.010096173478744475,0.0065364609821306615,-0.004183204958007633,0.11274689140411069,-0.011162171917179999,0.19304952476478873,0.00706693576172265,-0.0019111208287906681,-0.0042185701558211,-0.0037621236883077,-0.0003064779197542185,-0.00435342411925122,-0.002422247364553058,-0.010530554852869259,0.059630212624497365
21_4,-0.002071419359794062,0.00026819142778778277,-0.002875365851455007,-0.002466107927366202,0.001823461869767452,-0.0028510072035448706,-0.0012713306239520918,-0.0031224661033524025,0.027257180455448112,-0.4630778049752886,-0.18102904350506033,0.06588918148899728,-0.002367633096545815,-0.001350898763114585,0.0003300566286871872,-0.008340461789876916,0.0007907048023127911,0.003647889981083753,-0.013757213455127319,-0.0029732504461123348,-0.0006016526792123074,-0.0007870708001695024,0.04855478796622157,4.319776982893587e-05,-0.015703332336705688,-0.16538849298383104,-0.015857263027950205,0.060563102515173335,0.03857705796503571,0.0010778147956015088,0.0233427961394853,-0.011862173430001535,0.005195317299802462,-0.008789177469005012,0.12367525454417258,-0.01573491110599919,0.1931474221953172,0.005727567487336195,-0.0030351470152028878,-0.004640882117412156,-0.00418244820566596,0.008901974798138474,-0.005166163934832443,-0.0027904330700123047,-0.01053770817549554,0.05802676652471582
21_5,-0.0019195472169857913,0.0009500535073909863,-0.004247833138386446,-0.0017653980948229102,-0.005793340956476872,-0.0025227391894798554,-0.0009498337125763123,-0.0024589880524130297,0.02791416454548267,-0.4609165950967728,-0.1570706229755679,0.07245235059572343,0.003260880572039884,-0.0021415443497834028,0.0002780783410107908,-0.008359942636797596,0.002590066625133075,-0.0007400720594260774,-0.011032684571654188,-0.004161029649108062,0.00043715054159480945,-0.00248028094724231,0.04955665026457683,0.0002924079686647325,-0.01252671319213765,-0.1654870994970981,-0.014435969405525453,0.062463724627691425,0.03517750701947773,0.002934108880981778,0.023540294982272884,-0.010516871827018817,0.006001465630704848,-0.004587929691857592,0.11174361665785053,-0.010215599274094923,0.1915547627775256,0.007461865729231816,-0.0021234099637766103,-0.004543472789493216,-0.005359915993793756,-0.0003577943066127316,-0.004961599467291743,-0.0025555450336611826,-0.01076508739561859,0.0675477744687438
22_2,-0.002060682024996382,0.0004656805768946037,-0.0032978393040448387,-0.001833034239371521,9.801603368297173e-05,0.007024404472837061,0.00028183291369323157,-0.0025423934826983258,0.04467251887011299,-0.5686120856595361,-0.23876238703561145,0.05305417521089886,0.00859689031071347,0.027094047701817402,0.02086861456266475,0.01867310270326536,0.013518155571294287,-0.017022166931697915,0.04915336685903856,0.025744666601623573,0.0034938837420429884,0.0028195995430274354,0.0581645100893121,0.00014642165388817368,-0.0074672349475285605,-0.15528005954660487,0.0001647375820331858,0.06761495767098145,0.05192489071226853,0.0013765856281468263,0.02451028327660673,0.005683212437723342,0.005960974899306334,-0.0039472793050576525,0.1250473660083817,-0.008231880381057639,0.20245671850792119,0.005547480774977707,-0.0022074158854992814,-0.0029844079717594825,-0.004427561518059743,0.007064100845455952,-0.004482654617279846,0.005121022619581883,-0.01084362422891845,0.04529739959205178
22_3,-0.0014709124182988736,0.0005201644588955095,-0.0028904648537755877,-0.019043636432195452,-0.003751407644468202,-0.0029892605192617964,-0.0003554726491009889,-0.0404371064738037,0.01753170405675984,-0.5023443034010655,-0.19255447398222622,-1.0339237026194836,-0.0004438782520411378,0.00435098324400353,0.021459903825446398,0.015025150772092205,0.0013402465554015492,0.004523554608959628,0.038810082419601974,0.03558554490303757,-0.0005306606858484485,-0.001990226566752394,0.0641744136135884,0.0008664107869212486,-0.009391709056581342,-0.14562784182371205,-0.013969701432773379,0.06431797601367656,0.04974589118009851,0.0008359336923813879,0.020454703227981843,-0.006194392616514717,-0.009404434397321176,-0.007144725340488575,0.11589324850548799,-0.019239042291252503,0.19626569911541059,0.007247067275224809,-0.014616717296039618,-0.0035758473542572443,-0.031226864044621803,0.0003882241660816398,-0.014112297683621624,-0.02094590451343338,-0.010346058900876245,0.040443780035689054
22_4,-0.001890754993914723,0.0009234628499482074,-0.004250885235145784,-0.0018448585897729197,-0.004665864479495835,-0.002740704213983852,-0.0012269575392859766,-0.002222005798164826,0.03486635238302705,-0.4417943753663865,-0.17814853789511637,0.0665624899696473,-0.00029352171873246903,0.00030580626372174506,0.0006336094524712737,-0.006838471281826205,0.0025135955748298755,0.0013379537077827153,-0.013167450326005269,-0.0025947140880358786,-0.019714261646982964,0.0015638765212299655,0.04870762479990679,0.0007207814520476192,-0.01602067983295836,-0.16398209098870506,-0.009595643814368848,0.06354201498299705,0.05518636983339885,0.0014867500169585507,0.0221955245340334,-0.009456524007147487,0.005941431170998675,-0.0026761354083741458,0.11501251413417053,-0.0019573814506180275,0.19240326479672232,0.0052466568396103575,-0.0020580548542920574,-0.0032632953156709193,-0.005404348730933179,0.0005132189675194666,-0.004491284108736635,-0.0026062712898000046,-0.010867473665128738,0.06272257508354638
22_5,2.1523181547712905e-05,-0.0006201778388867153,-0.0017903721262862422,-0.0007121699795625709,0.0016009446899926294,0.0025860527124563393,0.0003459919568546304,-0.0008664507007816579,0.04338108973110316,-0.45448423140348326,-0.18932316273400068,-0.07958859822967677,0.003830887187868187,-0.002337470395842455,-0.0006230916558122138,-0.0070105818062629,-8.780289703002408e-05,0.0002568786265394911,-0.0012067579257130198,-0.009394453559468148,-0.02162308911698002,0.0037463488804522186,0.05170843477535786,0.00034428254981727,-0.008206339396191982,-0.16230900855273614,-0.014946787808665249,0.06755631838098099,0.05677102582012875,0.0025249690089361185,0.022754998095989448,-0.006766103817983857,0.00521135908359291,-0.0023677843117382207,0.1013969765388437,-0.017580006833100376,0.1576403033190342,0.005183401581816893,-0.00855193418588524,0.0018990188335353609,-0.0026985406753497337,0.00045313099261020203,0.004736957449720425,0.0003555346938096758,-0.0025737853919314867,0.043738499778645176
23_2,0.0006702366992191348,0.0012745103150462167,-0.0009682465172566067,-0.001809881601519106,0.002641564081297884,0.0013145038821429252,0.00024737562680386834,-0.00126464999171971,0.028793233027512407,-0.3478298565792464,-0.18442787711162195,0.08690796289476019,0.0017038965531107175,-0.00013483038287081294,0.021452956110780363,0.020211292189934935,0.002262016517800531,0.0033557764989982416,0.03817736002884563,0.020374684082666784,0.006578956608849829,0.0002678556447337538,0.05890928754187255,0.0033905624771912784,-0.012490010929139178,-0.14876347334285953,-0.0001167380456269434,0.06915955171262551,0.05166452146971399,0.003164522819590365,0.03193397069561411,-0.0029661051780108644,0.00912763478325549,0.009617097467181293,0.12784095478124788,-0.007332718625277744,0.19352595816109336,0.008226576575365243,-0.0021458682241509218,-0.001418120566602616,-0.002386299687802469,0.01024210226267523,-0.00374682240058124,-0.0027382291054045835,-0.008621610079319521,0.05363118602360389
23_3,0.000941534881017122,0.0014338169685010887,-0.0004227841459162531,-0.002010537285616382,0.00279057607817426,-0.0015226173523307646,0.0004923539103418965,-0.0016215064310619058,0.0290518570582983,-0.3491383025137999,-0.169971978459248,0.08849064230594972,0.00204317850303744,0.0006346609296435026,0.021994063104506287,0.020040297715755998,0.0031979369589375667,0.0021662895738253883,0.038343517452038456,0.02104133390149266,0.006420093407199329,0.000231562591101259,0.05910249932248974,0.0027571806778524167,-0.012988795972222725,-0.14860187252227552,-0.00012459520589042347,0.07052748462860198,0.05259589691613199,0.004499848764662331,0.03219083040165284,-0.0020370747113886175,0.009758609960711399,0.009762755428397617,0.1263346361576657,-0.007782038947359328,0.193991645968548,0.008278011716832729,-0.002219724382529148,-0.001815468448777063,-0.002621786126889119,0.010468179819744532,-0.0037402858619809266,-0.002772381741504918,-0.006728779266605211,0.058065788669088465
23_4,0.0004180942625871014,0.001288190888190552,-0.0031237802912644575,-0.0023829367703237306,0.0021886509126622,0.001113762615464505,0.0001076534844490159,-0.0014543572496396847,0.028000068194264212,-0.3493352035493242,-0.1728360345947232,0.08714787388078796,0.0009833365105845397,-0.0009050995233866705,0.021807036205074043,0.01998289546814563,0.002531205932606184,0.002929349799230341,0.03811357474211828,0.020395671850622604,0.006310884237041927,-7.366124918807595e-06,0.05863548371409147,0.002954323394927538,-0.01407424547376137,-0.15086111466462523,-0.001639055944488928,0.0692289488325547,0.05092878780315931,0.004011863543816215,0.030831320651722526,-0.0036296305706385447,0.009070901078487636,0.009605654022633794,0.12602557533088027,-0.0110941462477947,0.19317797455939992,0.007920727167702998,-0.0021915120644927974,-0.00254663783655889,-0.0033092771971151213,0.009733153796787722,-0.0039282939507856215,-0.0027220025441245565,-0.008679458607493704,0.055314494362441895
23_5,0.0008169994730174264,0.001974526884283584,-0.0006948747389640162,-0.0002947065604360369,0.003075695579910173,0.0017053552099974632,0.0006577663830390248,-0.0011413298550641592,0.029952902362439308,-0.3421358148946753,-0.16959628350689301,0.08741055295585132,0.0020282754505613057,0.000809823825551114,0.02199061399903757,0.020321273587657392,0.003247498209942394,0.004372845480190945,0.03861949402163037,0.021323020856267496,0.007401018657737742,0.0006446434301929614,0.059232529009880686,0.003747816108338237,-0.012383460449414883,-0.14782941324473195,0.0003577030248252188,0.06957374643735702,0.05210838835934777,0.0038845114208279703,0.032628225419950495,-0.0014600115722857342,0.010068127576478396,0.0100216168682882,0.12691482751416894,-0.005774953952893802,0.19490355289222688,0.008297573236542899,-0.001971472913547688,-0.0015344564358350694,-0.002133005982511901,0.010980020492459669,-0.0035762545421981202,-0.002676793255138225,-0.00797709082001718,0.0549190580821799
24_2,-0.00017576834376103383,-0.00021795259710323528,-0.0011329868001158506,0.00235899712503814,-0.0033687237923064363,0.004720696525209859,-0.0004887029203308935,-0.0016984631659260107,0.0070401986266495145,0.15807796356034137,0.07409464457258967,0.17609369276669704,0.0031129023706696585,-0.0005875575855531705,0.000982868972029472,0.004277336676842792,0.0011902501670805375,0.008627258249020575,0.008817880863265033,0.0011450696907754942,0.009307554862176912,0.0030497057133198704,0.09090771070436608,0.0018852436155594916,0.12752522454562737,-0.13860205072575438,-0.00841611803791544,0.09666488541620272,0.028450893986458007,0.007749072552418033,0.007462142187259198,-0.010349549903923068,5.3754799839973185e-05,0.01190906669012921,0.12235413410928525,0.021991280349454044,0.17779382044166112,-0.0006272431070267412,-0.004038956354343047,-0.001501297173570764,0.0026544976742956475,0.00013682984606299594,0.003079842960447252,-0.0012866413940556328,-0.003690141045650986,0.19035046105822975
24_3,-0.0004941896846741907,-0.00032042296388652556,0.001460098241214748,0.0030774260504924404,-0.004426211254450427,0.006985491760554596,0.0006870560699343009,0.00270094569633539,0.007028960330821723,0.15630016329888194,0.0675345542218894,0.16494180249098891,0.006912242289919629,0.002807226446997364,0.0054323986575903465,0.0016534819861865051,0.0010089004130048403,0.008377582187443599,0.01718733266247172,0.017166571299633348,0.009873302321766829,0.00357187789156739,0.09180319018779165,0.00266586787095518,0.13421142257974394,-0.1337180541224024,-0.009084800570418872,0.09667634111376593,0.034504402600114906,0.005482427182281701,-0.00606022411262934,-0.015042343718486229,0.0013018961405863354,0.009646502248307083,0.1119433084848055,0.022407297520951868,0.17204281926263293,-0.0009973079614458188,0.004120146653163951,0.0031274296085287484,0.006023749008522354,0.000120814076979608,0.008591281994032886,0.0005948812403677559,0.005997153529568404,0.16253018738409664
24_4,-0.00022520222599995657,-0.0005993021688457882,-0.0011868343264025564,0.00017368506853419018,-0.003227078774741434,0.004652181235557234,0.0004899059518078985,-0.003232633234487572,0.006525460464017988,0.15281703063574797,0.06615782502925649,0.17570785595259875,0.0028571512328046506,-0.0021805444386278224,-0.010194945091102055,0.0033101864755772084,0.0007973988375826205,0.008309303232582008,0.007246579049800552,0.00021348236900636325,0.00622803602004206,0.0034073926989501542,0.08993066377533479,0.0025659022824144444,0.1305025524313503,-0.1362169296310335,-0.00875941791955218,0.0946469821777325,0.029463429471205567,0.006528308819755274,-0.009595297908454016,-0.014648030967728924,-0.0005739565081075931,0.010032511954614895,0.12335791923619424,0.02451239451806292,0.1774595171932833,-0.0009143256263322978,0.0015562635898157915,-0.0018882863832321082,-0.008843418531923336,0.0003142313442016266,0.0002542800309151351,-0.0012541959110864058,-0.008542542792914207,0.17823917093960026
24_5,1.871223665612479e-05,-0.00031783840388361506,0.0017543358082935095,0.00294087711721783,-0.00028474168161136997,0.006348363626064407,6.657651518957787e-05,0.0021575651749008926,0.0067992323672571645,0.1553516082651593,0.0658844757243167,0.1599888410517858,0.0014589111100613242,0.0027515212219797183,0.0013918331956562701,-0.0009356951182877679,0.00033786083620748395,0.0069338532786772265,0.01016979662115148,0.012155414910008851,0.004754524529742385,0.0031900202230014346,0.08869403645375395,0.0019711827130136196,0.12974497731206003,-0.13413824207776504,-0.00629192726313185,0.0977566955875218,0.03236348684429453,0.004846584384486441,0.010029391899684593,-0.0065717108070533145,6.143594282313067e-05,0.010088366654760428,0.10792226028166313,0.022189401484720782,0.1723013529838301,-0.0012527395853670787,0.004170183585814832,0.0026358863880428037,0.006282277422577558,0.0003971988510735593,0.0058703636636967356,0.0007378501667194794,0.004003064920087935,0.15685935176297072
2_2,-0.0026049716523665147,-0.0024057692615544915,-0.005458589681783299,-0.002534386027338116,-0.0030727380206928335,-0.0023926971997721962,-0.00174519412687857,9.855987574604365e-05,-0.020603230748902853,0.19665970266877303,0.046395674077285266,0.14110195184350963,0.001998153671970976,-0.0008915287114123313,-0.0009399896425308986,-0.011663889952757637,-0.0029387093878765315,0.0036319820831113435,-0.002621104674873122,-0.008680185185383549,-0.010985293302042065,-0.0094467949945438,0.054313123710764646,0.018612991640210488,-0.026901518944248665,-0.15234251594693296,-0.011489437137109664,0.0688950765031512,-0.04887507998512207,-0.003875162262404365,-0.010579712410870832,-0.02081516568004945,-0.003804345279985796,-0.00838036886500931,0.020527021537224757,0.005358626112027966,0.07468709313270591,-0.00044490740811958194,-0.004165100431955027,-0.003485925910336212,-0.0041023457131949105,-0.002030750673481062,-0.007907613740653114,-0.0037712898704742597,-0.006856228747533319,-0.03881098833634903
2_3,-0.0017286488433759365,-0.0008961884735746863,-0.0023146236177485824,-0.0012918845160591799,-0.0049385960093567055,0.008579669566207442,0.002136965492999986,-0.002903505321556701,-0.017767928131320745,0.17036978148849488,0.04752099686385846,0.18763405404884304,0.0015433658205774587,-0.002515079159980124,0.0012492304611170489,-0.004468233998647979,-0.0010236599718079168,-0.002687123634774934,-0.003165981543805474,-0.010339777673405375,0.0033535382610201505,-0.006044754096046033,-0.08845561084289276,0.019843141378379326,-0.004305531680102273,-0.154079508745282,-0.009716060997655025,-0.000618951336511759,-0.047314907053349356,-0.0002084373041328854,-0.002256395518187741,-0.022460406333039203,0.0014831369056021435,0.008298871270696182,0.11138647034660067,0.02937811717433739,0.099633215472153,-0.0017553839212774978,0.0013254343591283667,-0.0017660379841594519,-0.004652531990691187,-0.00050002437321122,0.0037100719595895035,0.0009084031194057382,-0.008741272202517643,-0.03484087933595084
2_4,-0.002729936833751853,-0.0032729978821322402,-0.002454826243107981,-0.0008061179519863029,-0.004965143825575821,0.008238542933263523,-0.00047302180004235475,0.00243503135366821,-0.005226809652798022,0.18945792266067948,0.05216284457524361,0.18795946604216063,-0.001262094169114695,-0.0034949691853634274,0.0019134855800339871,-0.0030449128305641794,-0.0018097202272175403,0.010262556864298543,-0.0016967459484466402,0.0006398856702383474,0.004349697659793279,-0.0035484807605086627,-0.1097373421486837,0.0187053334564872,-0.0008925993850412875,-0.14998065840730665,-0.012032083618576312,0.006975718420244142,-0.05306271577235358,0.0006311582836991762,-0.0049012619877806494,-0.023214683042895985,-0.001455270665429036,0.007903830714440332,0.11352981133516149,0.0383753934423544,0.17378125611410622,-0.0014376339792179324,0.001836979904624971,-0.0018525340059809853,-0.004782823028450228,-0.0005227374386068998,-0.0006490168943076363,-0.0010778467217944761,-0.0013235395547204047,-0.03519193086824764
2_5,-0.0024652303465525533,-0.0018794325160858044,-0.004789039132418372,-0.0027812867670996715,-0.0020824721619133327,-0.0006301588068715122,-0.0018730399338989195,-0.0004713614126602777,-0.02146531178565548,0.18216584525239723,0.05139503666500084,0.15267791333781755,-0.00265964503280188,-0.0021198221909084947,-0.0033920408175339947,-0.009896881303366696,-0.0040267789145673576,0.003931213281315877,-0.021807032359566884,-0.021986034217082815,-0.010905273074114518,-0.007957202016514786,0.10778648302809365,-0.012483833305470957,-0.024979040376186472,-0.16323639036551255,-0.01470668788500979,0.06994950109506237,-0.049057550568780604,-0.005996147600964162,-0.011461226276799767,-0.022905180996991664,-0.0004273664648648213,-0.007207578115306189,0.10394479055985385,0.005948306337198167,0.07411203835464032,0.00023392888304558994,-0.004545901979160417,-0.00346680092276046,-0.004236742267325384,-0.0016698720113173372,-0.0044590991158605705,-0.003087432204586704,-0.007589636910995967,-0.038972393739047415
3_2,0.0009613421154281572,-0.0003074536057562983,-0.004050887375196699,-0.0007169451683964426,0.003267987703873773,0.005087460887494153,-0.0014045001175363228,-0.0025040777416137404,0.001229125583396251,0.21794256327203998,0.07619351981078981,0.137027336156628,0.00036011044952047945,-0.0022211597832073175,0.004131611566110597,-0.0017759136202709724,0.0009718765847517453,0.004412956408300773,0.007140762291424984,-0.0023055768441736227,0.008806264041712007,0.0018408280684399764,0.07661190460408632,-0.00894913054857976,-0.01652256150618158,-0.15098839522408117,-0.00904122254305591,0.09365294905131623,-0.043641301792116595,0.007098067706631741,-0.015546448808728389,0.0024998770904239498,-0.007107023346540552,0.013015367955467663,0.08576567733059919,0.021473280763494706,0.17465578568797452,0.002463417154388272,0.0007408289370433053,-0.00181113545069222,-0.0003626069825274219,0.00194191304583237,0.001734244814006604,-0.0008996871061791465,-0.00444101633722768,-0.01134483884501528
3_3,0.0006291881794322014,-0.00020384468320913795,-0.0028126702814902558,-0.0011031249210874227,0.005293948216255628,0.0051015899564977995,-0.003380077277476187,-0.003465910834872984,-0.01660632786518358,0.22935775043610282,0.08589158649847291,0.13657645029877907,0.002159988554514978,-0.0011910034467331773,0.004956729479701199,-0.003492926928278136,0.003448519220590629,0.0033241905830066433,0.005696097295634267,0.008167551386224344,0.007991823070637574,0.0007365883591131373,0.07282938820020858,-0.008820931480802114,-0.011892264046899107,-0.15503965956854632,-0.009227604481403431,0.04693964629837471,-0.05535723833106742,0.004541702329701849,-0.02763411283790478,0.0014665814296221504,-0.005743249811776415,0.012877984741747237,0.09447616063556208,0.03126842393376113,0.16739286787392202,0.0033346593711998237,0.0014324520157106134,-0.0017402433625455457,-0.0016420454588206848,0.0008380104536878654,0.0038011804378375092,-0.002546998053194659,-0.006953118798634248,-0.013374308614246317
3_4,-0.00043334626571344255,-0.0004885422393076913,0.0019067883382368755,-0.005976475671623063,0.002344536626792301,-0.0032017933746000707,0.0020713530293732466,-0.002379266044083105,-0.016021475026225102,0.22590350359561664,0.08261739154453933,0.15173807863430888,-0.000490472240777419,0.005084119479057488,0.002755886104746552,-0.0021692306247802695,7.468158143898532e-05,0.011555897416048582,-0.0009764409850300691,-0.008871682621940675,0.004905498027725846,0.008613753628766355,-0.13664072588208065,0.002508138429742036,-0.015135692744805303,-0.1618670519734115,-0.010955294256256978,-0.008245664726983343,0.011463727932002442,0.0019091430558391912,-0.02461087576993143,0.03820044694391758,-0.011550015602963985,-0.01538362619593231,0.09147955885695316,-0.030440784538292603,0.13679620674572165,-0.002331271365119579,2.1304888575397037e-05,0.0033161593200501634,-0.0012473392197978877,-0.003020042751333215,0.005921509161704571,-0.0005328603973208742,-0.0006387477738688642,0.11641733620950905
3_5,-0.0010186152845084186,-0.000226856001654595,-0.005032107509464884,0.0014983856548703692,0.0039011783571760257,0.003926886060059013,0.000989021302894587,0.0001462110022706842,-0.016428579249788054,0.2557724095724975,0.10431399477656943,0.13167890824223677,-0.00019057634755815264,-0.0019525846485879434,0.003239943894400873,-0.0034647118892883063,0.00042838820150680916,0.004734122647877654,0.006735287631653934,-0.0015343828545048802,-0.0018554176109385934,-0.00010785989910532258,0.06830944564361291,-0.009711461248538911,-0.016979597853724257,-0.15163659514280542,-0.00908577342253071,0.08998680274381424,-0.03256058373007701,0.004592373504609793,-0.02559483076608963,0.015913265204767563,-0.00561660037467975,0.008112738290653536,0.08432650365267794,0.009094046561399442,0.16590379762575505,-0.003962719778726727,0.003915699102897368,-0.0016731143069539259,0.004234888988651529,-0.0015293643589707106,0.004903714793468259,0.00024618037719049854,0.0037445816294415283,-0.013562421704924298
4_2,0.0015433965122558459,-0.00037857967765802684,0.0006873886012609262,-0.0006787043428297139,0.0035411592901506013,0.0013345524331960965,0.0002110521382758801,7.18793253761983e-05,-0.011457052107630691,0.23557251908600763,0.08880212172632583,0.1306550891725908,0.0022782426622239356,0.0010630765070940543,-0.0015220439404003208,-0.0025495258160690122,-0.0007513371097925903,0.009066989917454901,-0.021125776732870836,0.006350048512366137,-0.007270063334260559,-0.00034511494448273246,0.0749253744523018,-0.00797744346926517,-0.004486455491709209,-0.15117846172787233,-0.008943109849646844,0.1030921592561543,0.014393538191807342,0.006463622905994889,-0.01903666933666048,0.033706331211537606,-0.007201600318933306,0.001166365831996662,0.10211171149368484,0.004837871090341085,0.1670230526290593,-0.001935649148810748,-0.0009088071119190093,0.004264883064275992,-0.0013122472705831816,-0.005015721320739397,0.006020439769477985,0.00022495016924742057,-0.004104836750643965,-0.010673595249687348
4_3,0.0008792667467110778,4.867436561337207e-05,-0.003276641961476987,-0.0018074513805455903,0.00617402311932619,0.005903406543531602,0.0011510568183943665,0.0013650025484564987,-0.0062039999514773925,0.24276609028152402,0.09078958501461976,0.14324206068127218,0.0007832411983798079,-0.0006717737563447842,0.004282068417077215,-0.0021655591759010325,0.0009809451349500344,0.004984727538234923,0.007727856177671382,0.0011895558910375345,0.0003837704158963154,-0.0004607444474510803,0.07275222117433713,-0.007477274714831771,-0.015473946439253945,-0.14796293415152625,-0.008744540670852225,0.0841316242076489,-0.0019222621477694756,0.005464998383635435,-0.01636007989993317,0.029211200941570096,-0.00536836666766624,0.007193245025193597,0.09760327276627657,0.0059544324062872625,0.17635393181624742,0.0008878896690475368,0.004112313880788874,-0.001627306628092891,-0.004652319808488728,0.0020664977367485203,0.0062694811165135535,-0.0007007034742440481,-0.0011914193806094205,-0.010130972613774145
4_4,-0.0006066714428620235,-0.00020450698763362662,0.00040989546155574265,0.0016053205605334206,0.005601285414801816,-0.0005494055480280388,0.00019866224187787355,0.0007620483041989841,0.008714055148660594,0.20047968693147375,0.08350280818787563,0.12964133710226192,0.0013115006069616434,-0.0010468361395537535,0.0012318509501920245,-0.0032432580728816874,-0.00036949447694867304,0.004385491461235341,0.010850491950582563,0.004267713405476899,-0.0013210818858538393,0.0005255690911787235,0.07797520584341516,-0.0012492999760228374,-0.018701646656088023,-0.15066467636522787,-0.0072208701146847815,0.10023041538427886,0.04282239120180501,0.006288358482791056,-0.009301795481432493,0.014467861640614798,-0.007479684195279105,0.0012589411884800657,0.09834429694921779,-0.0045371393886585055,0.16804881167210098,-0.002494936646353996,0.00019148743373801778,0.00399733413273274,0.004163377319752077,-0.001242688112186435,0.003964521812862114,0.002679481205687682,0.004568017337593118,-0.008391848500648
4_5,0.00014319160124553744,-0.0010805064706480418,-0.0043659045954784715,-0.002182194377289636,0.00496859185287984,0.0035114941710349284,0.0005945252911341329,-0.0026491185110694014,-0.0014942778266798307,0.20263090395782335,0.07538229439818983,0.13441815474359292,0.002771942360908404,0.0016685399827864459,0.010451917084098308,-0.0004477895077248891,-0.0011499704361409126,0.010389410368757694,0.010099391054616625,0.011694911841193981,-0.0019017738898241567,-0.00027519571929511294,0.07582058214623213,-0.006597310534555418,-0.016126041542626177,-0.15113007698788222,-0.008301330084433872,0.09105502555651647,0.03866753797573847,0.006836819143796596,0.001789898572246795,0.030961194979076047,-0.007188070499745399,-0.0072756773898317905,0.10618358529829479,-0.00024274677471620353,0.18013508133847897,-0.00034095536010503145,0.0035579908879275046,-0.00186023363644542,-0.002501772400902668,0.0007344405419429773,0.00487062190338507,-0.0005848372304499686,-0.006201481734159258,-0.06158006463232329
5_2,-0.01450517361386401,-0.0008635517916392499,-0.05874756564255744,-0.03137803983179785,-0.027399594284348183,-0.041804648923144616,-0.010204755207018629,-0.056289231853251236,-0.03174921958255162,-0.26696915283545436,-0.10763554283623823,-1.855650132519261,-0.01154198195799237,-0.0012908636216577881,-0.013032362675918716,-0.0037556919367561954,0.0010176713198581518,-0.011710651129925725,0.0002574094545777279,-0.032524073017607895,-0.004583795163389812,-0.0008352773860750148,-0.6224925008552639,-0.00021207209705500086,-0.007246698954234134,-0.08639057592953586,-0.006440616043010213,-0.8248821553761335,-0.07734758811490157,-0.014852285626731817,-0.055982090386680165,-0.03737046948150088,-0.027453363862710824,-0.0012456545755860468,-1.3740217642194208,-0.03473043831811927,-1.8622438242552684,-0.01490360817236909,-0.054527829369027614,-0.04558867231575648,-0.06252504429922173,5.465154211358231e-05,-0.047910471930510005,-0.035481433043799734,-0.06333441020476807,0.02351711215194903
5_3,-0.014699723772314014,-0.0008361090537590579,-0.03311172794451109,-0.007170373970589549,-0.027464469751638618,-0.042365978269710766,-0.010823955816071732,-0.058696285371955516,-0.031115686206758114,-0.26875471555111946,-0.10621224548234284,-1.8311721070503297,-0.011946550809324443,-0.0010532376995893507,-0.013328653454749028,-0.004008724174911583,0.00116926709190036,-0.01095845447968077,0.0010193572832567549,-0.03257865464029201,-0.003983075172737663,-0.0005872628909145067,-0.6234709584104249,-0.0002364948214571193,-0.007243764662413002,-0.08709912744452707,-0.006388690265115285,-0.8257760543841035,-0.07503530150765193,-0.01479723131512159,-0.05558033689815751,-0.03843591647379382,-0.027728096266782416,0.005770147758477161,-1.3479160334340698,-0.03643749606306188,-1.8484696348162384,-0.014897723211170315,-0.05432850639767935,-0.02054628404425516,-0.0618434112042817,0.00017139114861853728,-0.04796394071540011,-0.03552534522977581,-0.06608660398193061,0.024162690705456902
5_4,-0.014678618522950135,-0.0007603690162049417,-0.05912621147924281,-0.03156137414557549,-0.027358733075068184,-0.04177063219692158,-0.010236737884156069,-0.055547656165126164,-0.03093096960570459,-0.278440124209415,-0.10832482814718415,-1.814451662816731,0.012413733680304132,0.0006287448913287755,0.011413341309684763,-0.0041006968611840035,-0.000461189591477692,-0.009067171385266009,-0.004209633093397983,0.018132405202672244,-0.0012885629069680122,-0.002460050054700139,-0.62033575953218,-0.0005053265489679162,-0.007583610093597938,-0.08664862741859769,-0.005772598905983865,-0.8230297855132913,-0.07667689451244279,0.008639495756386855,-0.055832887966481455,-0.03989892227646719,-0.027815515351543453,0.005952765669468302,-1.3047751338641593,-0.036798894290171726,-1.8762846556070336,-0.014728135933544191,-0.05453047049740519,-0.04505785247514109,-0.06290010716946758,-7.904969569796184e-05,-0.047664562872513666,-0.035278205302457205,-0.08789983170972422,0.023434976059206823
5_5,-0.014499389617939977,-0.0008421984730542965,-0.05891850687612791,-0.031785208420504835,-0.027403423503447624,-0.0417648413677184,-0.010255363767395732,-0.056509969742571234,-0.032400769545465294,-0.26803853713936004,-0.11056852804533215,-1.839237109193503,-0.012272910127134109,-0.0010474648300166762,-0.01311431153244991,-0.0036902955898874025,0.0012529661991657133,-0.011129528629486818,0.0010752276628176274,-0.028510282087838873,-0.002569915686538096,-0.0006969792523216888,-0.6223510066826977,-0.0001569397047675786,-0.007261204628717904,-0.08655010591440777,-0.007590758008701284,-0.8242073124260966,-0.048640615277200316,-0.014722309429790375,-0.05586042826627775,-0.039753154407445486,-0.027519298741038783,-0.0009881757763187146,-1.3722340752827036,-0.03447249844862037,-1.8616242009466335,-0.01494559752896736,-0.0545217981680358,-0.0456460874283329,-0.0625154200403759,-7.740430638753103e-05,-0.047793615231926045,-0.03549196037693151,-0.06327392323741232,0.022761725800855663
6_2,0.0014199097654750065,-0.0018623574930730865,0.0021378354297588264,0.002184648082605331,0.0013485774821932852,-0.0013846136823548005,-0.0003510414751458097,-0.0068053702177437204,-0.020852737757915484,0.18373335514683092,0.07262452721907244,0.10284067094416818,0.008078534225889115,0.007996427569979675,-0.014682428410899735,-0.003098161307687381,-0.0018325145656981074,0.011219720826242549,-0.006290141568216448,-0.013589447775524172,-0.027579327117350987,-0.0032186795287553055,-0.159312171273187,-0.015210812191844413,-0.024955648914384565,-0.18364311508910314,-0.014036576624100877,-0.18370438997946825,-0.06716509096866825,-0.04269370238421857,-0.029687173493463857,-0.008574589907695855,-0.009906189888782418,0.0013745400903238713,0.07214497832980327,-0.03374599283631,0.11688448355959923,-0.00048551111312569094,0.0029033618883225537,0.0023127970819341037,0.003954025270310319,-0.004416574407900051,0.0046995685173506895,0.0018211222567068417,0.0033033349399635,-0.03735516557590674
6_3,0.0015471715921238406,-0.0023303533170764535,-0.0036479607436611127,0.002238864856334503,0.0014902259098211823,0.008860330745291932,-0.004753590255758994,-6.0823475577883e-05,-0.02189260698116864,0.19418493295264547,0.06801850510141468,0.11019375484124434,0.00012713018758691463,-0.00189327965906761,0.0037111527176274237,-0.004054914487890342,-0.0014426166592323647,-0.002454155504959209,0.0007317332416784818,-0.005394554786742602,-0.013171482078743834,-0.0029173528249702174,-0.1507644575238923,-0.015095842425932942,-0.011337965046679228,-0.17495217400431973,-0.017294843323252786,-0.051145246417625995,-0.06989340758844688,0.0015770220185026033,-0.03410191818326945,-0.0047663458750296745,0.0006597305849051182,-0.0077745065166500244,0.0804113400320261,-0.030066909621962137,0.14053325261770763,-0.0011921028431810892,0.0018689663503920783,-0.001966393412825651,0.0014622563221482728,-0.0006889336279592368,-0.0012925228974546,0.00017846671208480807,0.003984428647642781,-0.05572686136683563
6_4,0.0006553302160548246,-0.0016125578185282455,-0.000288809771271148,-0.0003561644920738533,0.0012344049556475122,-0.004746244254077406,0.0005474156206323945,0.0007235110728148914,-0.02321958265954346,0.18170708417521367,0.07101488215746861,0.09936935224779378,-0.0002575557244098049,0.0025570795689025963,0.001731524592365353,-0.003301799471016936,-0.0017826118344674022,-0.0027311134807317208,-0.0021538062922795394,-0.0052473126577435,-0.007411765579025331,-0.007417675251444472,-0.18645672138473168,-0.014487718047716674,-0.03617119405500167,-0.18016840907922946,-0.013067809759346712,-0.2017128369629904,-0.08255457599253446,0.0004318271985725037,-0.0314284847463923,-0.03863085083024623,-0.004980748351121651,-0.001799086736293446,0.06315731530386873,-0.03006574593762405,0.11713673627221519,-0.0006649753194798851,-0.002224304878732407,0.001834525368129698,0.0024436979202562196,-0.004379147882949736,0.0046715399664055334,0.0010343805183375778,0.0018395573578708097,-0.046477962183134804
6_5,0.0011900342947548791,-0.001641637480965341,0.0037980092103119673,-0.0004743796326901039,0.0022193121354344247,-0.0034594706767544494,-0.0020888025795873745,-0.008395343207767154,-0.01940502373854157,0.21869180294940105,0.08090884687445413,0.10570612668255477,0.010165294864854407,0.0033884831222482583,0.001451390926094695,-0.002629297182232607,0.011275715545495727,0.019243430905475097,-0.0032702688210684556,-0.012539556463186458,-0.005173822164247229,0.004885613126733202,-0.14917602388070392,-0.022148136815057142,-0.031009898801549498,-0.14546718792317118,-0.014321505012135978,-0.15897662176189606,-0.06953956484514558,0.0018964213899456304,-0.03064926627505846,0.03040598354226965,-0.007674878054808479,-0.0032269897893244456,0.06621726882928845,-0.01767568127288536,0.12696438167233684,-0.0005404537984565616,0.00286946424571957,0.0022694758032367575,0.0049131104303252356,-0.004330958782382091,0.004292456818010383,0.0021091291526387492,0.0015916079955893936,0.028903047717909577
7_2,-0.0004825028059124908,-0.001239753639956138,-0.000645021252283131,0.0004178247915755344,0.0034516692202896395,-0.0026609940389822925,0.0028139996973822745,0.00023455446183119914,-0.01482422899106323,0.12251265219897405,0.0411485999231412,0.09797772178548178,-0.001555892325210526,-0.0017254430272930267,0.0035824450417986523,-0.004023755346705344,-0.00022592925550889815,-0.003683043348307723,0.0008089428621645475,-0.0061615296369573825,-0.012683660141972307,-0.004832958735485597,-0.20046012472140684,-0.003243035284214641,0.026030314944471375,-0.17791224949408313,-0.016673774868107467,-0.18067953171855,-0.08560436045844905,0.00039094235619705734,-0.013645121790525738,-0.04992127854728119,-0.015368296835908329,-0.012474296774473696,0.0480430645024153,-0.030021253782404608,0.12679183570030933,-0.0022939465642579752,0.0020288666766335255,0.0024246768614527106,0.0038177867722437907,0.0003663133539736024,0.00262210697567516,-0.00033381737258877345,0.0009465200268274262,-0.051618812850279604
7_3,-0.001635574600802034,-0.00243914898389346,-0.0005559661914169501,-0.0009848696500553181,0.0016390297705440625,-0.0053691540116082275,-0.004497025204423883,0.00028751700356157323,-0.013574772769251767,0.11792296845788736,0.0331580615380818,0.1020192798292137,0.0010594203152056725,0.0002680843018525882,-0.023735830207004885,-0.0020484728332165925,-0.0030923431568427636,-0.0010334078959877788,-0.005414264347063288,-0.006983503715054035,-0.007866762309893048,-0.0044183247152194075,-0.1753948784181037,-0.010450588317368302,-0.01880089762442632,-0.18033859965462962,-0.013764740138177786,-0.19792159321257077,-0.068840954813898,0.0010551616139625804,-0.013195695085319986,-0.03999881319083708,-0.014205246378841603,0.0015535141467442224,0.04556817275111551,-0.01923381274754199,0.1372069878204015,-0.0002282260026752279,0.0010863537627038406,0.002970960414040501,0.0018174638776993228,0.0002770646233494846,0.003114055330600211,0.0005451358446538442,0.0021746468943190894,-0.038422391847733786
7_4,-0.0015471003389431318,-0.002501372081050556,-0.002543996726578018,-0.002417216154776205,-0.007121350229388456,-0.0005680151645465006,-0.002120980439844157,-0.005230382687269128,-0.014956080572032042,0.13587734527495657,0.05820564727489596,0.12148902014162422,-0.017880375968179357,-0.01382059232717458,-0.04814051871566446,-0.000738860741063867,-0.007824963869582745,-0.015184786308623124,-0.0015519228086587177,0.00019862206041307303,-0.013842086035228822,-0.0013499031437196774,0.07532480059048288,-0.005969197645078204,-0.03126433625662385,-0.17237147959799376,-0.012286504635038652,-0.06758877987083489,-0.06465165419846626,-0.005708196292956515,-0.023439764836902757,-0.043106687241078495,-0.02268066445788518,-0.01782386156849117,0.10390914434492605,-0.03534577104280993,0.1644985680945823,-0.00027409773519756705,-0.004549832301440045,-0.003484933342169845,-0.007551819491302588,-0.001366239699772301,-0.005339125401301176,-0.0025727623844739827,-0.010367600650823369,-0.05533087539033834
7_5,-0.0018439186285488054,-0.0025948393694764293,-0.003201291389367213,-0.003318197106774751,-0.008681105493404829,-0.002585721843471775,-0.005612373462800885,-0.004884374308879053,-0.0038725861831129067,0.14337654606247613,0.049363802323005336,0.11769850407345737,-0.0013726206479887624,-0.0012984036027753403,-0.005953349522203258,-0.016016322760724816,-0.0016891236210715716,0.00725929083713334,-0.030216319478486513,-0.026723016527062594,-0.014998604244660877,-0.0005648570815471312,0.06890685423485454,-0.007314813526963652,-0.042442062392512296,-0.17140137391808977,-0.019438701647846158,-0.06981205208959744,-0.06576914882217876,-0.01228481604301073,-0.025750259649428557,-0.033436710533091114,-0.018779561212456858,-0.021180121021776185,0.09738987025441725,-0.02744357815141641,0.1674829864065137,-0.0004557164738050901,-0.003971829790414911,-0.003463592903613939,-0.008391456585017125,-0.003014856068781819,-0.0075179983542096864,-0.0028000786301757828,-0.010098200185084852,-0.03422443089941942
8_2,-0.0006948564988851608,-0.0006678514788187617,0.001076775331908396,0.0015540000026761996,0.0038626650736025238,0.003712131534702092,0.0013265677575629345,0.0002840394580895302,-0.007812994696716702,0.25281404923532697,0.10011672204952984,0.13147505394836553,0.0004815935816528881,-0.0004149215237191128,0.004161586039125784,-0.0025844230046811988,0.0008890840461442209,0.004423539754009279,0.008312994691372672,0.006535796483132089,0.00016371398999781833,-0.0009851420621477247,0.07048382628569871,-0.012453018466453906,-0.007785124364214609,-0.15396977543362295,-0.009081338833682244,0.09916110893253059,-0.04726011470571415,0.008314898225946799,-0.02405208132138489,0.015701274720035175,-0.006369816508415158,0.0019822845050453106,0.08302832871920507,0.005632535343207693,0.15113066662248054,0.001557466117255799,0.004006060219444844,0.0024140446280628957,0.004909500980206248,-0.0025463054384242327,0.0052968064595263625,0.0009828228981703818,0.00364283145568846,-0.01347961405915554
8_3,-0.0014879301661154657,-0.0012204068342202617,0.0007564346827451917,0.0011717334414344468,0.004814057555087669,-0.000662212056344113,-5.986501762733718e-07,0.00023443466228836667,-0.00936102419182268,0.24978666473064293,0.10757844401704054,0.1222750201306897,0.0018160326742976114,-0.0017376905757361533,0.005792853626561604,-0.004437413586641764,0.002086568354889005,0.003269179755759523,0.007722873989314287,0.008432246894549647,-0.00027648760805099216,-0.003112565977117415,0.07234361793058587,-0.01897225173685312,-0.02651900299923456,-0.15789630605970392,-0.008686155598111313,0.10105446604927294,-0.044079291187721865,0.005729539996662594,-0.025016253601098604,0.015679131023112112,-0.007705494597373589,-0.0010712444730298304,0.08101462227811959,0.005969865721006964,0.14658842271805836,-0.004178901352744611,-0.00020880557722311144,0.0017390265804991477,0.003702623665283567,-0.00508147390846167,0.005488863991458091,0.0026165331482050722,0.0036776088572573265,-0.025470060576641446
8_4,0.0011661525319480903,-0.0010529834884671805,0.0035906890908698258,-0.0010936791649156447,0.0047289159078449175,0.0031047012031749717,0.00012279007092243525,-0.007734047895790273,-0.009111852363197608,0.26525482828389113,0.105861648665602,0.12492406894464346,0.003925902955559834,-0.0001487973206525458,0.0037203946053847316,-0.0034631663462710203,-0.0004099783482807727,0.003449212231337669,-0.0012588562151625762,-0.004117723374605969,-0.028065352882350843,0.0002332579914713326,0.07257125726357598,-0.017826507528358876,-0.02476568835550622,-0.15618732261172835,-0.00815586806986742,0.09910580558818793,-0.03708967426896699,0.006393394195513479,-0.03747819079481864,0.019492028069752868,-0.004659527364370253,0.004700868571472075,0.07582988999306625,0.005677683194855348,0.14361669473871383,-0.0029426185038825808,0.0005094649324875007,0.0018495689425904645,0.00409544355474139,-0.005238049553792068,0.005929197305755639,0.003000042871659875,0.004980301537908291,-0.024219208017365053
8_5,-0.0003205959291401662,-0.0015244174267931214,-0.005124450969102187,-0.0008907924812402617,0.0043662884294828515,0.0040818870048261666,0.001017819822217384,-0.0023981118180553267,-0.0058862956837789455,0.23511463235375693,0.09383448549551572,0.12818541425524457,0.002992750722361957,0.006819094299743064,0.004004820765560486,-0.0007062664179423486,-0.0014477054988153678,0.008823262156409299,-0.015659531324528735,-0.004662748675448896,-0.00838331022330516,-0.00011037574692853157,0.06555802607325152,-0.01492548338658835,-0.023358211592005403,-0.15672275577839734,-0.009931272329574508,0.0939548022849168,-0.0513136779067963,0.00516472349086553,-0.0273425716947618,0.022362882555665594,-0.0022034701713249667,-0.006951086269953511,0.09119086239558101,0.008307595246803608,0.15970730686826734,0.0021008566297628017,0.0031120184506298458,-0.001538772101435633,-0.0004108206211219591,0.0003531731422627836,0.001671912131554225,0.00038272623099267774,-0.003859161022599066,-0.026436047056353832
9_2,-0.0009965126328074093,-0.0012493902309655737,0.0008491189722614844,0.0013771287227357688,0.003901013965099196,-0.000288281224297929,0.0008378972922692021,-7.161843249708509e-05,-0.006540570811307195,0.23548426396492514,0.08541134965638385,0.1158430335979184,0.001270311904133614,0.0022703750639185465,0.003450536822964043,0.00035400201594827044,-0.0009723287279112698,0.010587079731438959,-0.01892473750491095,-0.004237331491171556,-0.011668206133500152,-0.0021976784989573865,0.07094399994164742,-0.008316657877395531,-0.016406635838743158,-0.1595250364816362,-0.01190283352499698,0.09448811679811751,-0.006244213099812026,-0.000703584006028029,-0.03582248704877177,0.027565163846895037,-0.0024781192925396973,-0.00953241582248386,0.09748913894731577,-0.003860443930249047,0.15356644134589226,-0.0031154602323603684,0.0038938406676137633,0.002345900915587318,0.004558042704362559,-0.0028146418828654137,0.003949557393859105,-0.00045482256977539144,0.003539849765658475,-0.017758085517072683
9_3,-0.0010121750853571716,-0.0012251040335199605,-0.0020565591667523636,-0.00155426503014258,0.003612052958178223,0.0030508891057956203,0.0008655859418159346,-0.0014931668159291864,-0.003319593001906727,0.23896738438610518,0.09825660077123659,0.13083101853761428,-0.00021351585097982752,0.00040144774359893187,0.0021136221232832524,-0.002261877295160004,0.00027964176163407874,0.005418898312688954,0.007269556283298809,0.002006648149112406,-0.011521583201844479,-0.0011316953679824208,0.0762210421154509,-0.005878607092648845,-0.008621947614154205,-0.15743931882124043,-0.007578016861418849,0.10132944431556204,-0.03260087891320485,0.002085999258933122,-0.025268144823301857,0.027346896242674845,-0.004081133389386124,-0.008016825707727741,0.11140690545991572,-0.003836239282347348,0.16369303209827482,0.003668651847361632,0.0035540322060043502,-0.001697808277906305,-0.0019500690591274738,-0.002644838954888393,0.0047713332060194055,0.0003467963430709632,-0.005012490927712972,-0.012838315694194198
9_4,-0.00010519443576251835,-0.0016640236500916664,-0.0029015106868344486,-0.0007992906039648296,0.004178367629478394,0.0032802809193421645,0.0011553077824559643,-0.0012581797164768448,-0.006568865602809539,0.2502400552618972,0.09293417013148184,0.1269483973750236,0.00012141530376357915,0.001396633388671228,0.0023812565049020503,-0.0021448397444909844,0.00077133358042152,0.005413215061808476,0.007992739636488597,0.0013156784376859383,-0.012913234225462722,-0.001778014394132675,0.07796527492528312,-0.007832498056606154,-0.016995155763604282,-0.1559176841935362,-0.009889691855553408,0.10268470181103272,-0.02659931993312901,0.0021929599516697183,-0.030961179092115158,0.021945819283605405,-2.7200800828611877e-06,-0.008954849808134288,0.09847886279798115,0.006227253771976199,0.1601955048558362,0.002585382578649352,0.004329532243055512,-0.0018986089188635525,-0.0003846247845109185,0.0007543092367870545,0.00467708947794951,0.000573963306710147,0.003558662295793816,-0.015813382863937842
9_5,-0.0014321232583876511,-0.000909818311391627,-0.0031364008757039418,-0.001021852617572254,0.0037676464540042465,0.002982333721942717,0.0006617288361240121,-0.0031175363670923363,-0.015151883859471988,0.22792849790377448,0.08920344108978895,0.12737224817695664,0.0006140247027923163,-0.001807441412035209,0.001994793301575373,-0.002418391979495702,-0.006831225945927084,-0.003343734153508621,0.006427828920290744,-0.0017157963631382147,-0.016078378605339432,-0.0015601655339115747,0.0772778090230581,-0.007785542838347411,-0.02073519275274215,-0.15964129602971233,-0.008748340695750239,0.10105892469158335,7.428424990794018e-05,0.0014123089599600853,-0.024073438748752677,0.026578017574832323,0.00030771606584775003,-0.00868237476329189,0.11106619214276464,0.002417302886665117,0.16139964421131242,-0.003538288552780495,0.00350361590929436,-0.0017857235997155922,-0.0018540890352975435,0.0004222624266789676,0.004743704858533369,0.0006806595915957273,-0.0045627848493812045,-0.014903831079967867
