,0,1,2,3,4,5,6,7,8,9,10,11,12,13,14,15,16,17,18,19,20,21,22,23,24,25,26,27,28,29,30,31,32,33,34,35,36,37,38,39,40,41,42,43,44,45
10_1,0.0031587017779787763,0.0067979418646196745,0.004163865665517202,0.004734545298902931,0.015225158821313265,0.031648721209717394,-0.014831996640279742,-0.011837787353782997,0.005616177645433404,0.3775711691285241,0.35786699026961666,0.17414102373643447,-0.0016960775310533795,0.0035256538224184035,0.01195787134894329,0.03288529015214119,0.0024497866416982915,-0.008277141525975229,0.036452948521487304,0.036088557405797826,0.017752117785801116,-0.007422307691082928,0.08224370402838814,0.2382958539531421,0.00901327306116053,0.3758691837114836,0.39879150099445093,0.02579660020130546,0.05119672880247164,0.0014444211656081257,0.004522471318172667,-0.00519835837621908,0.035712075979499824,0.055617444506356514,0.08023101252004618,0.006828913302577447,0.029862017265876326,-0.03854784518949901,-0.010841383499698137,-0.005805352251829767,0.005605602152232184,0.022923118144046014,0.0011191892847243323,0.004613675580890908,-0.000399272941499882,0.021151466422686782
10_2,-0.008970021100813196,-0.003520897838211677,0.003488661060480545,0.0006555693180328022,0.009077231852540005,0.03283092856754347,-0.016161466840544928,-0.0026170897444348293,0.0008394910171547879,0.258610699034758,0.45325684286345724,0.1399537065981979,0.0019872692233974852,-0.0013820443798806567,0.01971884912011605,0.021580468644027552,0.0073137817512317705,0.01929530292751849,0.01806599187928184,0.01285747487517043,0.05204650588987243,-0.008507026014814185,0.08127147949790588,0.2316503150772666,0.004517243485285172,0.4465806482545446,0.36515621933341674,0.01572965056589304,0.051792377968373576,-0.001073197364122429,0.003728141455117546,-0.005651504014268397,0.03460764019711231,0.05459185795725938,0.08052314114803313,-0.01864087459983638,0.0279029970724859,-0.040529175697906185,-0.02902351878774777,-0.0072116638597241375,0.004436416233433482,0.020992146599101077,-0.0003713954649257846,0.0019956007882650753,0.0016765797262372289,0.006380182130716385
10_3,0.03268682568579511,0.002536801035452124,-0.004751968429855607,0.0084576817462635,0.006756705437888862,0.04936239353611609,-0.016124608180595294,0.00040645631726548984,0.002402196175214673,0.08817621184129454,0.22531626038963404,0.14498998107497438,-0.003185663130960904,0.0228825984015742,0.008966468137858907,-0.02923992571057165,0.01822756447176304,0.02287663792576283,0.08826176425284085,0.023609899996543834,0.06007524018468913,-0.009331326686504094,0.1043962932534946,0.1992528508907803,0.008828423282887205,0.356611070315236,0.17801813863621824,0.10510188579514261,0.052675861063878,0.006721968584455671,-0.04345672337452797,0.00481164303962433,0.02140310214385172,0.03197808923925968,0.09487935721728118,-0.0048462608037099335,0.025647502839473035,-0.006703720052376053,-0.003986431493335193,-0.009628273783636475,0.004155508777913001,0.024544164604585927,-0.0020927072265532146,0.0013612358103355336,0.0015011942428283793,0.020142541547846178
10_5,0.0011266905349128083,-0.020476545542390836,0.0041097297755707295,-0.0015458644600267629,-0.02638232099738885,0.011213446870384931,-0.002859853186243637,0.02757471365298,-0.012525328462393447,0.3245095434129355,0.5149656720126936,0.13456626082045114,-0.0020712990263320854,-0.004158583969548698,0.005158261470094362,0.030308119505258833,-0.005016356705507604,0.009025948242147423,0.016602739063969713,0.007347634921750731,0.04637428844559356,-0.018612856941008907,0.07479546287049385,0.3098985609485116,0.0006202497425006231,0.43114797635456925,0.426381448359199,-0.04762886338035286,0.044429644434836844,0.017806777952370793,0.0015883038385939405,-0.0073283124149300044,0.03361409585932271,0.040724147921326774,0.04911286763333282,-0.009594483387937731,0.02260073689023318,0.02679159477399197,-0.040308128123833234,-0.012412498987677894,-0.0006290286326149944,0.003520633277794489,-0.0014807477080908066,-0.003351003433935197,0.005272717711708652,0.002712687704551962
11_1,-0.04295060090273503,-0.004817845893066503,-0.0006418218042968907,0.0020934652971038954,-0.013337649886230724,-0.007153172233735251,-0.015634066647898077,-0.022842384705854615,-0.0149348425982923,0.07947449299936901,0.29929081615821346,0.10694184764504845,0.0023006011059090808,-0.00039844171874262935,0.00201406306895454,0.010124929955777452,0.006146847093570746,0.017488663861272503,0.009484533641217971,0.011994162489150598,0.02664044164976135,-0.009103973389922563,0.07357404913449582,0.18780239247769778,-0.005754127334523285,0.26024215892427893,0.2558435253974389,0.02839225773433098,0.04093022574802783,-0.017415478662316596,-0.03428031986543133,-0.030900112185813424,-0.04196347222814505,0.052822878208010564,0.058738783742741205,-0.03737413084407678,0.01823715377278754,-0.08058380503809325,-0.02899392070856953,-0.007179525292627095,0.0042288957826872985,-0.023114651857133683,-0.02960392891367332,0.00019090915454929996,-0.0004935824304743491,0.007006056475667409
11_2,-0.03284578697451485,-0.0007422931058701085,0.0018646734508872853,0.004761906275171328,-0.01727495083448691,0.010023797505336978,-0.015646915612955555,-0.012895413940653968,-0.04074935246992602,0.03918753347946502,0.13632531298166253,0.11786083750166065,-0.002678156437826211,-0.001723917637819215,0.023683436594362492,0.016275290609536364,0.002399889498769368,0.007494988007016879,0.007797144039307235,0.005817364193791265,0.03751083256290687,-0.007457096454265911,0.07784915902225989,0.11858538469815338,-0.006327008623129602,0.2221812367408407,0.20077573939188031,0.024107985593067975,0.0387201166446817,-0.006228114803076479,-0.07290107368705598,-0.02578696690709827,-0.04157271911316189,0.021487969621710033,0.07357866194532896,0.0036757390221325214,0.0184305293361754,-0.07938060617416408,-0.002745345968648038,-0.00936736759046832,0.0039499555655303316,-0.02244982043886721,-0.0014652546083981748,0.0011331491517327977,0.004980640447685391,0.02626043866887938
11_3,-0.0387861944828412,0.0028943969304494467,0.0017245902924856208,0.00355413032335318,-0.016037384785181675,0.007912933274665702,-0.014944503803278348,-0.01492210730541685,-0.030014005854007174,0.09062868837452512,0.26949914946061077,0.11280671315539159,-0.00226404679293111,-0.00015253231018985363,-0.007778116537160994,-0.025032269776401526,-0.0023213689003478196,-0.017548028566626576,-0.0025161289362880743,-0.0073760169168037544,0.03952984481228884,-0.006344581200574394,0.06713327104001077,0.1685551109141494,-0.0068418538153065585,0.24566985678469905,0.2926600021717201,0.025031062790258067,0.03441747741667845,-0.013430243094402836,-0.06349582246552599,-0.029538049025070304,-0.03970256317721789,0.03377837304762135,0.06270932913590199,-0.03443218913194043,0.021006525385695047,-0.0978949695148258,-0.03458722304746155,-0.0113255855705718,0.00661662581845904,-0.024455204397310526,-0.038634797531075314,0.0020447539897712154,0.00046447657804385065,0.005744057642250091
11_5,-0.03861697152968392,0.002858197003133605,-0.0045717388921219845,0.001914874748485805,-0.0017954547405232312,0.02280442856178339,-0.014521232532340904,-0.0001490341463431729,-0.01735096962264141,0.2430828517205102,0.26919046760075277,0.10482961138393733,0.0022411116596021026,-0.0013907335039733588,0.012236048522104298,0.018864820663965307,-0.000711549744452297,-0.017172017137406695,0.0014592525967778223,0.010767234700879471,0.013285148005838333,-0.013333329177421829,0.07682344206491296,0.1030066781470408,0.001344623122596908,0.23718781678250966,0.12304785725378722,0.05956165158282711,0.05206499296559894,0.0027148854528667252,-0.08616209892977959,-0.03159062455011124,-0.04174964351785065,0.05327270656967968,0.07518918707688109,-0.03476006229251186,0.017028525002178788,-0.09420952274139813,-0.011783797621043354,-0.011723336775588672,0.0015724126529470593,-0.023139705557505354,-0.0278835252600112,0.002171311702376247,0.0014599489211589492,0.005856846013720453
12_1,0.036995264420102265,-0.010595959669139166,0.025295059601424683,-0.001834076590388965,-0.012356940463117364,0.0046368600897824614,0.0005868666173832954,0.01675347188848612,0.07445870870528493,0.3629862545722641,0.5495534067230078,0.2118045181801005,-0.0027545607248136562,0.0015695014856183637,-0.01625152961281524,-0.047985819324089726,-0.008177303492311987,-0.02835559310394128,-0.019877058740982254,0.005898458239211204,-0.003247107771797528,0.08461128619187824,0.08542216644551466,0.41287468229501895,-0.0042346249580499495,0.629261810992615,0.5296611394453223,0.09543971069511493,0.042426898904974336,0.053526881902477584,0.046762646717086034,0.038033625178744396,0.0017277674626789616,0.01664250692775326,0.1388129210970456,0.045231774733052496,-0.030969815506887488,0.06651841517909503,-0.040903646791521996,0.011824516077058147,0.00889915390225713,0.002579072397935709,0.017650533247564326,-0.000878295286049583,0.0023668160176202376,0.19049859070975858
12_2,0.06581395877012129,0.006551834415129365,0.08531248593665292,-2.4477615465963096e-05,0.013983912178971191,0.03547627975740459,-0.00017522595423700586,0.01844588621592676,0.033704713202161396,0.40339399501264134,0.6063718883951175,0.23867684874863385,-0.0005224758163058552,-0.000558474541713015,0.014898317937673204,0.03011745721594987,-0.0011298769598065768,0.025424807827091885,0.018974285452059206,0.018157568198607043,0.07080030343487327,0.059528078754789146,0.08907328928315712,0.4895319347201171,0.0023539396643658984,0.6121614368105626,0.5687576256009952,0.12236953096107067,-0.06991780366870906,0.05968097828969314,0.055795194564526265,0.0470159330219956,0.01285114683439984,0.049949186648402706,0.06324841828517189,0.04473583864688325,0.034575172992851774,0.07039252373808515,0.03788806857575955,0.015446219314895983,-0.0008946139986544886,0.009159482331743667,0.028308991361680455,-0.0012412299905334154,0.001619305429491784,0.1303137073757641
12_3,0.052185747082878514,0.01161985117946951,0.034939150059109,-0.005726270025616393,0.014020067538449699,0.06958154395282529,0.016155746094541217,0.06453190936281801,0.07304663090952809,0.4322415305559391,0.6145448437465221,0.2310660043216181,0.0035273077072876754,7.656704702852424e-06,0.008498454457361396,0.035577646163803954,0.005976627213805361,0.03253925944088779,0.03175596473686033,0.018553556805022926,0.06659626729658179,0.11448178437469562,0.08958823380760657,0.4461986741782976,0.00743995365863276,0.6247421453986042,0.5053878223616599,0.12180824502006907,-0.08108063189492061,0.061049463886444805,0.051215645207293756,0.043931995743225365,0.022775771607937697,0.036591124959735356,0.14280257718494752,0.015414761045906418,0.039195213374452,0.06140418294211768,0.04158111825534559,0.06492284097533302,-0.01676971432839862,0.00640122450649362,0.07445241769833207,-0.0022520547505321623,-0.004860754386618765,0.11868096720270982
12_5,0.06265971491357789,0.006844069849304697,0.02395470287596357,-0.001259846174455951,0.014250086698237716,0.03455429850847301,0.01686533673728579,0.013074270220438505,0.07404329894626321,0.4110679827984048,0.58020485652274,0.2286375834473698,0.0021836276571223943,-0.0018721420105235864,0.013611117684312862,0.030804803027153663,0.007760674277985387,0.028627269520802936,0.024290961300687412,0.01382161025634705,0.07326533532399046,0.0831081679971024,0.09511798006843919,0.4088706948397976,0.009333312228922907,0.5961235565645377,0.5477497391544015,0.10415042919186128,0.044080025590167105,0.04812100389107593,0.05876174659371445,0.040800346625888426,0.0083686620977059,0.049453528538057574,0.13526277767948816,0.046459428688833446,-0.030420950823361624,0.06994427707759843,0.03400328262414155,0.014671961596484677,0.004326020358877315,0.005288091876107133,0.02877086290151448,-0.0011352582303286187,0.0023196284454424197,0.17615436903980625
13_1,0.016092055136070534,-0.005444674447031651,0.009011223291612348,0.007541005268142851,0.011909016220216664,0.0160972184655333,0.01854690732798599,0.008479773676471533,0.02239280249051047,0.039618186227893454,0.10414014172576751,0.05025015473447463,0.006040048367023078,0.0026721235919388397,0.05637697389329735,0.04844014503282065,0.00972115839295569,0.014989825655539267,0.035888946541189806,0.024344491940410617,-0.007181420819953115,0.009152036384948771,0.07059000786524519,-0.023367500224913455,0.0011858951552651152,0.027375030020334593,0.00555325621010675,0.02740136245065416,0.025328239404239138,0.02388373109213199,0.03241145740048556,0.018390365791640797,-0.0004398068355914091,-0.0015047566398526519,0.05457298781767902,-0.001818341093814611,0.027161774760971716,0.050489707369912755,0.009146679952654337,0.002188417888801284,0.006661165256102517,0.023578621664009803,0.024555954016466673,0.00446213150027589,0.021839052037333422,0.011703065113379655
13_2,0.019792937146684706,-0.000588405368575718,-0.0005109515213745199,0.0037871795931165827,0.008104221825660453,0.013417871687596285,0.005425721561716924,0.01355796503847519,0.028722815937890837,0.04492339426678464,0.11407769853163408,0.05573423734005792,0.008999806092592186,0.006149589916754952,0.04726396356196595,0.04577847501656264,0.013120348463948169,0.022322057708009924,0.03600757014990162,0.03432554663057155,-0.004865264901135683,0.01552572902051104,0.0745704020506727,-0.04551612736809907,0.05220850578564849,0.03089761145390309,-0.0002256742456964033,0.03784266599826481,0.04763062816588466,0.015678399160803137,0.022793170853126522,0.029010581484331357,0.004318877404563062,0.003084503505078835,0.06961031542319397,-0.0004514129060985241,0.02435187660590814,0.06032784180057118,0.0035708375610736046,0.0008619573802248992,0.009989223419389919,0.020084551809355637,-0.004546158739145762,0.0002438496856181214,0.007884300963031386,-0.011914412472368064
13_3,0.012733018858217714,-0.0061806189229303915,0.06402163383077648,0.051962189596951536,-0.013681321735407474,0.01904954494493673,0.01599366651653593,0.06696556675496831,0.05033244387487751,0.09870554168977472,0.16370236356223647,0.030673220118761835,-0.002721462592324271,-0.004316561321097803,0.06226536438340435,0.04960592389133185,0.00821863647916063,-0.003245525532638805,0.023875335920667234,0.010430450976979987,-0.006840918039289834,-0.008383066038969454,-0.5477235879877697,-0.0684380987080472,-0.04890798638552079,0.02522887126141854,-0.008909792422792755,-0.03019295598888032,-0.11231122243628504,0.011344491928197026,0.026751875824397663,0.026751563690015176,0.00719020306947573,-0.04458500020802848,-0.05739530755781828,0.004477300328517442,-0.028232770533689628,0.047465130459091495,0.005506443575356938,0.001012725254835383,0.005904603950802653,0.011954571561221441,-0.005428397873242276,0.0038537487855528326,0.02146055402284822,-0.2695946382465512
13_5,0.017941331214155008,-0.0039259273783634665,0.002454630782513863,0.0033106645225793084,0.006658739862549739,0.016718134903699982,0.019734845035923067,0.006901935450539928,0.037928724408248266,0.03942799158046504,0.07749221343662269,0.04477194408181611,-0.003419492196257172,0.0008629493025392112,0.05840643266409916,0.045661742410634525,0.004575634715846124,0.01409639157340401,0.03636892816141137,0.016572409849918424,-0.004510594185052234,0.0003426217606822563,0.08786487155257386,-0.054681933405602214,0.015696708292250706,0.022757674742445808,-0.007228978303523585,0.05602993947431482,0.023260785587337088,0.01364350814872704,0.026898513060110957,0.02510689458132052,0.007603272652203896,0.008447463274308365,0.07677019713094178,-0.0003770750257235081,0.02675784541320206,0.04069489528992448,0.004126940487880857,0.003535240985677138,0.009309230166003548,0.015196786025099078,0.012425543620703795,0.0035744926136501475,0.02467008930922512,0.02253614083516928
14_1,0.008212127281289987,-0.008726887373379176,0.012693702947499145,-0.0014050849173679687,-0.028999139081125763,0.010321174633903713,0.013921973153255763,-0.004985889280614511,-0.03796361951010989,-0.21371601638560156,-0.03852779538309989,0.0025018497016682175,-0.0038899077028575623,-0.002645137672421112,-0.03918586240893323,-0.13740757828515177,0.0011015131347974728,0.00715411777774855,-0.005220440206766576,-0.07602723678763458,0.04929818571224324,-0.00263911454323946,0.07578798592905671,-0.09251018232631618,-0.005345699375999577,-0.06576024167632206,-0.2015654673190049,0.012258325324533192,0.01230790599690238,-0.03596409977311776,0.016015246266603774,0.0035642056182410803,0.0074820136381271935,-0.02661038404336476,0.03358410672327947,0.0005920623853537927,0.020725307044769305,0.03888329351820859,-0.002758495757192032,0.0009371572510941868,0.0074425716274500045,-0.022105424316284195,-0.005309559804510665,0.0033174641471167736,0.005446466921194842,0.0014208503500079128
14_2,0.004239373265342487,-0.0027768101230192833,-0.022662002633915636,-0.003277906870510807,-0.02704186319123157,0.0029102796886918887,0.011393177131008968,-0.008845281295705318,-0.042401143294266024,-0.19280688870678078,-0.0794716355890781,0.017841628664627556,0.0009062425921964316,-0.008088647314258386,-0.03871335471295349,-0.06371393742085538,-0.0054024782649508265,-0.008382972138230181,-0.014118812796498735,-0.07221888740916649,0.03528654563035163,-0.009311127046861212,0.07829343532351271,-0.08665492805003894,-0.006533963772496873,-0.18593834702947368,-0.1531302996928088,-0.014455053551317943,0.01688145162757499,0.006972450192835805,0.01262512942975593,0.004306426766653722,0.00585869114900691,7.594570507144308e-05,0.03404297338664038,-0.008467686568203266,0.014840047171716733,0.026720518827116943,0.005251140222850584,0.004566307611343229,-0.01804173626569158,0.004190942559320515,-0.004605977680129357,-0.000590591835397386,-0.004495101045258885,0.01757377851451807
14_3,0.0009548757909276106,-0.009042772367185543,-0.012671396136253179,0.0012875537240027292,-0.01890860104661408,0.006031601194296943,0.011991781444629543,0.0008408371444226072,-0.04177886524110513,-0.19624981780327824,-0.1079767555951643,-0.04805220960036765,-0.0032909604756631403,-0.0009626448857475081,-0.0581988203052801,-0.043436055014776265,-0.018130813572289302,-0.01832764539872556,-0.02935713989035077,-0.06628300573794561,0.012233109287551289,-0.007850353542087055,0.08666561953670952,-0.12294598340696646,-0.011041884653239482,-0.24316788254384442,-0.14112449535221128,0.04058607580584271,0.006919602599954066,-0.027701171155785572,0.011676609011550007,-0.008589312775832946,0.004357134098594151,0.00823475838525946,0.043964381531578986,-0.01136861001208535,0.0016609884813797394,0.02074446773002167,0.005299644067998582,0.0022105924386962785,-0.011665002042274341,-0.0031340992292200774,-0.0037371345716611837,-0.001064609688240454,0.0028417666361308163,0.018285587019902877
14_5,0.007074209995766863,-0.011524352205518899,0.001760988747811038,-0.00309309552617313,-0.010944266489601066,0.008453055195704438,-0.0014920913470871729,0.003998747244542981,-0.03381361625573753,-0.17666286319986005,-0.11583988543404959,-0.03420423160198738,-0.005776525265736046,-0.0021794068058904738,-0.06090443201240925,-0.04332865751962049,0.024130666768846714,-0.025378225108204307,-0.01614464733435861,-0.05878157801444998,-0.0224795257936498,-8.939038773564216e-05,0.07650606400896459,-0.1283337838470336,-0.004184751584842028,-0.04278206017371439,-0.16057791632288626,0.04071151217318094,0.03135720901932658,-0.022855656320437,0.009869316208332639,0.00580359456641947,-0.016686918571981308,0.003785839196372903,0.06475152517301987,0.0033925328464843346,0.01654619479523018,0.0439542893107211,-0.002092735785410401,-0.0052246633538159445,0.00010459649362019557,0.0027978532005238314,-0.0020349929579537747,-7.313337729598066e-05,0.0037659996093356816,0.002179114401880255
15_1,0.015530307598701772,0.006410453951868694,-0.00989093689401808,-0.013132351192344594,-0.012501197499630213,0.01718478607282001,0.01822852363686216,0.0005191064185669125,-0.0018042646830039044,0.03142767713179893,-3.388460906908185e-05,0.02320250783257044,-0.009723676244755182,-0.0018959133284249263,0.03418434808697872,0.04656266181861345,-0.008772245787808088,-0.005627241650609167,0.023988160836087787,0.0260269800114562,-0.007492307860441537,-0.002276092674489552,0.07221836678763859,-0.04604748117239458,-0.005271285478831433,-0.03308848452853664,-0.017342352694758957,0.05778525662745896,0.019887465062023598,-0.03772543469688752,0.003594717984800112,0.024741100763633842,0.01012613498618943,0.03431590834320248,0.052268681189413725,0.004751800731747655,0.02555784306185065,0.0425953702790946,0.005524046193251627,0.003181565633679772,-0.026447924509368514,0.012711372279528194,0.0005210368234518408,-0.005673756983099227,-0.007381564220877033,0.015772722237151288
15_2,-0.001779827806906743,0.0066188634201809066,0.004094886868820706,-0.009115855279745904,-0.010831769678317683,0.016840753532240845,0.01751142366712315,0.00341889629609601,-0.029492925180798095,0.04207468395611727,0.026185527702490514,0.041994072806063876,-0.007623455637692809,-0.0026027373312803572,0.04182080605671794,0.04506127044569418,-0.005360661639578601,-0.01459580875591275,0.0431152490470177,0.03451408598789418,-0.014098205678897514,-0.014218370952285987,0.05406689896744998,-0.08023771998277644,0.00746757081796569,-0.026545792079569162,-0.08496381331230278,0.02772242503506552,0.024154218462820235,-0.021527054491546696,0.013147627139598059,0.01603518811228609,-0.012104118208510208,0.021026613273102897,0.04641733416448607,0.007710731086786842,0.03016982286673689,0.05182370964132865,0.005884022379195832,0.007142605726868176,-0.010892137020993672,0.009360026579738773,0.002843605963670354,-0.002395623056226118,-0.0054747955482067024,0.004208916549626045
15_3,-0.003923394360122132,0.0012624293233414318,0.006154113739963841,-0.013496364357296533,-0.0030912025661976763,0.014393606286345973,0.018411026513192198,0.004557898817373783,-0.007758938888181106,0.04182054277387191,0.04259659348380751,0.02789412344713715,-0.0008531588395070635,-0.0013814903457600668,0.04103616592721602,0.03647883460972664,0.005350980051804378,0.012572127669772004,0.03771523447716338,0.035604562993866745,-0.011853448749040318,-0.01037255778911375,0.07440683914271337,-0.08886192394607828,0.0011425948890846067,-0.0069550814492457735,-0.0926729615797307,0.0624212235346526,0.021544724150611337,-0.00415114097142152,0.021716914095087473,0.007511022731277231,0.005063177681850023,-0.005084495707526771,0.06924197852972865,0.008758397193969994,0.02391148271968722,0.05256008569930284,0.005308407130181384,0.005752641535551424,-0.00787655258602373,0.009544750309523396,0.0065035091219874845,-0.000740773236299778,-0.01778027427646394,0.009076184316454405
15_5,0.015587431871007428,-0.0010540589332337083,0.00555057000437463,0.0026750394804136326,-0.007389489786746254,0.012309332913696843,0.017570055543223596,0.006074298864161216,-0.019903141363670534,0.0397201807497932,0.03936938263769961,0.03339730061437008,0.006900561995389258,0.0017534026650655003,0.042350080391815446,0.042765164133196525,0.013020656170527034,0.011580410493938842,0.03478893727481843,0.03552500088557304,-0.003127271963678706,-0.011359840761782737,0.0752371994277925,-0.08032778845614671,-0.00042199046940191097,-0.013779021511623968,-0.10110339418574092,0.06462541994366809,0.019029259929979538,0.005520524415188583,0.002835254824090767,0.01822516621767951,0.0003898068395720935,-0.011627889700768642,0.06743548832450134,0.0021871247400883156,0.030978602134352537,0.05534377934439961,0.0048646664371511305,0.002494781912457151,-0.005585964560412717,0.012175312033055235,-0.0007790303598938827,-0.0034961004514038737,-0.0033940161885504584,0.020277914291896248
16_1,-0.003973713768117427,0.0008181829340673452,-0.0062094801527392916,0.0010510509539662935,0.012439129616899386,0.018493186470999425,-0.02459735565655524,0.0019264166083719952,-0.007659031376689069,0.028445002928953328,-0.025251725584413333,0.04674755659285277,-0.003293641583814646,-0.0045932759499831095,-0.025644966205226837,-0.03201074176052582,-0.0017124730014467411,0.003182198852571151,-0.01871633817483624,-0.027285267732478934,-0.029376260609225675,-0.0004071006433288903,0.07800863328685753,-0.06665133216234642,-0.013400011119021709,-0.19183550723673579,-0.09815372218297007,0.05389646652737647,0.018132129489028155,-0.0056876763280333965,-0.022557054616607244,-0.002227022115362097,-0.006602002719655067,-0.03455277469072054,0.09130329138317243,0.004799067950678845,0.0043753945032165426,-0.037933593420361636,-0.004398714886389706,-0.006360839831996435,-0.005487756563382285,-0.008863797405724247,-0.017576816963979405,-9.452895833297057e-05,-0.003292798998010964,0.009945226186121788
16_2,-0.0028351699646815987,0.0004517053971056067,-0.006502553393889389,0.0013511832936031133,0.009928696588409086,0.017136263513925172,-0.02487887075420584,0.002061165876987742,-0.005987159914322995,0.027033693259050327,-0.026258093205783206,0.04074670225632639,-0.003622213332115766,-0.005454834975377316,-0.026604539790203763,-0.03373647487545835,-0.0051356567628136115,0.0033169634313888665,-0.02002012705997606,-0.02605695367739972,-0.02977044873260931,-0.0006379438141825571,0.07783739317925513,-0.0672049109158194,-0.013736352735338322,-0.19188378941903836,-0.11643022451133331,0.053385490786528045,0.01822175952612168,-0.005828653691033563,-0.023230436122240624,-0.0028923525503839697,-0.006539901745384167,-0.03312823813607318,0.08912803136320624,0.004735400961019821,0.0037439150563263568,-0.03810906610086292,-0.004541001836588761,-0.007034440982283291,-0.005984148606139411,-0.005114337084941647,-0.016806777373177467,-5.771692332780362e-05,-0.003889198259434919,0.010125877246205846
16_3,-0.003976200739603555,0.0034201770905830423,-0.006233349605220208,0.0009602002466690536,0.012180814116257481,0.018761946887259916,-0.023959979354750492,0.0020584531596255177,-0.007525416885847333,0.026398266444544245,-0.024682237770250894,0.043792075633185205,-0.0020884039909072533,-0.004569361813057372,-0.025745559308178238,-0.032037078501720696,-0.0018575593526520306,0.0032788676800213413,-0.018327565669227806,-0.026857570846656013,-0.029339624702904896,-0.0004613153889778495,0.07942425246325506,-0.07421046503769965,-0.007900794449188337,-0.19181339892853547,-0.09799863372187124,0.053919911836047926,0.01738161235509465,-0.005667162957233782,-0.022826107553847483,-0.002261428638059104,-0.006538294945608947,-0.034850235449073286,0.09135625351791399,0.006136627585329922,0.005241226544719549,-0.03791820417984633,-0.004225694819307562,-0.006297528575423509,-0.005899892702496069,-0.007834952322176535,-0.01512174353152217,2.112891270667904e-05,-0.003995071140167944,0.013228611171765483
16_5,-0.0021572185875929715,0.0010572964032589248,-0.006613573542244807,0.002001040376828498,0.01084953884839309,0.01914435384717859,-0.02490214560550673,0.0014696148311063367,-0.005996695463664808,0.03281141845633447,-0.02318787523499398,0.04147547369923382,0.0011797541685098973,-0.005464764463492164,-0.02681959232543202,-0.029504649204495692,-0.007881317930871623,-0.0039474891419528715,-0.0058038341292044335,-0.026153921526064328,-0.02988058047232711,-0.0002664946566070546,0.07807938552461774,-0.06757712426400189,-0.014009135339747243,-0.18894587479463062,-0.11399416692028598,0.05352837147686231,0.018196467949146967,-0.0039725357722370964,-0.02354173857512112,-0.0027791117860917437,-0.0066916141628557135,-0.03153075878053426,0.08962576972059277,0.004087369371274344,0.0032431768769783254,-0.03823871742724195,-0.005014208826716443,-0.0066420899976516075,-0.006070708982494169,-0.005527894114802808,-0.01472558862194206,-0.00040179805755576303,-0.003959891955887328,0.011035627311919306
17_1,0.004135040486326551,-0.0077820071869105995,0.015893707122619262,-0.0007035629691778644,-0.025981712573795942,0.009217843445458238,-0.0020953043875358633,-0.00652419162905495,-0.0013843851789528084,-0.1445011239131325,-0.1274627506433912,0.005405292169524526,-0.0018075863734288236,-0.002215928432388688,-0.03631276452732862,-0.04304898477922117,-0.0065645978444298335,-0.008251808435540856,-0.021576652754454393,-0.026511471454565776,-0.016023017679809314,0.004390642738091703,0.08598797061882126,-0.09672708499490694,-0.009870007067327814,-0.1832487120411004,-0.12916848577056975,0.06626900941651474,0.000448380165230035,-0.009200311840833456,-0.006090236937838845,-0.0028944189207247223,0.0062644390540741645,0.017164825886915123,0.07099866593853589,-0.005781383892898465,0.019724131519430206,0.04126445914134052,0.0003234032813127718,0.00013354408897951785,0.0033091864401865456,0.0024862068045051378,-0.0034319586868100114,-0.000697784999891872,0.0006720552701429646,0.015050244086309183
17_2,0.012521341038002213,-0.002209522513548867,0.006201931500659334,0.0022470926733784073,-0.015117910532871868,0.006943481005114002,0.012415457743750535,0.001490344972091707,0.063801598639103,-0.15126957136918118,-0.43079898379995374,-0.04474845876875871,4.767840028215142e-05,0.0043489797540882235,-0.0522307067386979,-0.052188128111304216,0.007059274457748064,0.009927474872980058,-0.008058404349079546,-0.013857407590992982,-0.01203572017498487,-0.002901211218688165,0.09322758064072213,-0.0655118384282828,-0.006193508293917537,-0.17425556921169494,-0.13410208868735474,0.0947800664390747,-0.0031708523071886006,-0.01559035286153014,-0.007663732487731257,-0.0037135950117919013,0.00434480436785987,0.019203235794696266,0.10333830937802364,0.003985900070758531,0.022299640161944755,0.027756429076311075,0.004236412856879628,0.0037550686755811933,0.0013452751676249993,0.003842149960947392,0.0014203459531759778,0.000408553859484739,0.0018659790168231807,0.018000136928639294
17_3,0.011788842164453308,-0.001726511777901834,-0.019792605920479694,-0.0035824385975880496,-0.010327899491564258,0.011864931230875517,0.009438117285190102,0.002442687688565544,0.01791694305677674,-0.14779821987033134,-0.4280252653497794,-0.02209704957471368,-0.0008630191040716693,-0.001307997382014429,-0.04516389378348239,-0.050961572901319634,-0.001770871671626324,-0.0052639920421800185,-0.0015541883719368927,0.007163236950535918,-0.01134795686491844,0.06772750567239735,0.09354739300387012,-0.05101057350816435,-0.00398529574079809,-0.16345308428544478,-0.10694333978415697,0.0922791774047946,-0.0024954028872813437,-0.015302275639831546,-0.013568890312242204,-0.0017940286146088816,0.005304817963418791,-0.010118916040206838,0.12678296091110464,0.005406274840266585,-0.01848429675550664,0.020095900083129732,0.004092527683688016,0.004380347537904605,-0.011902653117757213,0.0024335489043102888,-0.001019359348382594,-0.0013835382496702063,-0.0019104968650375956,0.05058717309422645
17_5,0.012761172989971092,-0.0029653272498112557,0.011790575798522432,-0.0005261379921569294,-0.00687220859637415,0.011167588489712098,0.014522823916293885,-0.0007591546504790278,0.06229978727414057,-0.13920550387616404,-0.3985218725737793,-0.03662948614989324,-0.0006424189139351592,-0.0033646773487572474,-0.04824289080131477,-0.027026193804683664,-0.00012501175507387058,0.004866509270787577,-0.016249556256392725,0.03428117311797967,-0.022989281008702542,0.0026085532519741802,0.10220945298742289,-0.05761684496425422,-0.007680612675473398,-0.18395031513331095,-0.11699235688217137,0.09296244480493239,0.0005231265595718533,-0.0033075214094826703,-0.015706095754998244,-0.0025144523223502905,0.005058996471153801,-0.020742322123407455,0.10515285412842852,0.005354038613050188,0.017125303207595276,0.03380258202252441,0.00282734041582788,0.002745609189446827,0.0039226336787469,0.005315882374500694,-0.003584851995224667,1.625437615353101e-05,-0.0017548570501211653,0.018827877301734765
18_1,0.014184698627481833,-0.010560215377540438,0.0005138783159528024,0.00048437650842707275,-0.028522767067600773,0.008792578676475569,-0.003138967833451641,-0.009428224440018179,-0.018392786058538696,0.023569119878402146,-0.02398990103722962,0.03082956325468249,0.0006643025481691793,-0.006967895257913602,0.020085418475972013,0.032112468194801735,-0.009998529487851385,-0.00039278710573376817,0.02012785513655064,0.0295124575185448,-0.014641091247335996,0.007124821913525892,0.07141871336056807,-0.0447239945451572,-0.019775086137036182,-0.14160110797504524,-0.09925902254329559,0.06539143968578819,0.002732036580508232,-0.018063399755412844,-0.0207311341137271,-0.0041694696250181885,0.007105209528991046,0.03242405782778321,0.0709923648800098,-0.007023395723439272,0.024693083457779843,0.03260997076181567,-0.0015955880546594783,-0.0042575865749056585,-0.006307196417789716,-0.002296854933238473,-0.0018175044627420209,-0.0005908533199742202,0.005311318070291516,0.02118232284186804
18_2,-0.0009119274054335573,-0.002678996880446434,0.014163261075990795,-0.0005917556481679861,-0.02455284017831459,0.00046733077888478096,0.008599135010817556,0.0017552248159121077,-0.01635969238100798,0.034609888496740425,-0.02698439266467309,0.03262985656882752,0.005520874099086334,0.013495720556833953,-0.019719183923657957,-0.030242084554847528,0.00962051668356671,0.01565955577168471,-0.023689793262675136,-0.02648767814768059,-0.013130857117641063,0.006587674244640218,0.07609909336682492,-0.09151320286384135,-0.014657130086787828,-0.11345384321402484,-0.10759111529649475,0.06566111947203791,0.008721444527519266,-0.009849197730696124,-0.015745341655501337,-0.005177147573352316,0.0036385296119552622,0.0335271199924409,0.07362964866134013,0.004970088167510704,0.01656744360972374,0.03875234358293453,-0.001250087669553345,0.002346490142368773,0.0034854427191570395,0.003457445527434026,-0.010302518011031232,-0.0014744125196093512,-0.0006953476795026377,0.018487795306406707
18_3,0.0006643925807762747,0.002433016534511794,-0.02263911935587581,-0.014463303648802195,-0.015959405158535358,0.012946219888025112,0.018940112975332723,0.00139850161654975,-0.06878790392321962,0.011490936347107223,-0.06586762827942318,0.025686488177414642,-0.0023591107693524257,0.0027159981966361144,0.026857494946584935,0.03272024970474683,0.0040792393018365646,0.010856811069510563,0.029406094280731425,0.026884411202958793,-0.019352976008505905,0.06110055394082451,0.07839164404863293,-0.10424091255004111,-0.0063659239578159645,-0.038682375690308704,-0.13347013007311312,0.06663360764774454,-0.01384498375445961,-0.04422510120966574,-0.016347790375213077,-0.019755833167245527,-0.0013017390408557796,0.02457716316814697,0.0703296202688819,-0.0027230594598015565,-0.02433050241359396,0.034770362131002375,0.004225082484265486,0.0044392443218691175,-0.014055449458541907,0.004518620758587497,-0.0036671223618667055,0.0017375975168595198,-0.012770313718312193,0.04803229235037138
18_5,0.01602655646580713,-0.005655937690960795,0.013265342417467192,0.0006599659143664605,-0.021044336898321657,0.009201081834562287,0.02080581239086804,0.003917226440465323,-0.015939646942144524,0.03581161855873602,-0.03190039493907408,0.0339253452044478,0.0037979620605459743,0.01596309686882836,-0.021907635345140335,-0.03570406640132193,0.008090242867732052,0.00493815267216241,-0.02700644653453367,-0.03080720815635491,-0.026871929748179337,0.0024031582364170212,0.08774277064026219,-0.07002608204261457,-0.006827358405998138,-0.18529615540820238,-0.13049074307118394,0.0678841021478378,0.0020274573002217904,-0.00318862334555185,-0.022033543641843064,-0.0026746892919805652,0.0019056772213866145,-0.017235177097888892,0.07810062225801324,0.00490172261013672,0.016654556270477378,0.036835918554397856,-0.0019730576174188845,0.003818423875726192,0.004624523639761615,0.0026824919667422014,-1.9609271936316152e-05,-0.0003916250390507653,-0.000778940945625175,0.01097429748413443
19_1,-3.395495523413686e-05,-0.0024135514253342937,0.011529209007182363,-0.00015894730908576316,-0.030621909977430528,0.003965687725302199,0.015206432803099383,0.0010927782782988147,-0.004985491753093637,-0.14898222430459004,-0.09653457771755569,-0.04519607160814719,-0.002256263020507864,-0.0023682279674751183,-0.03822692751714502,-0.023489621119365346,-0.004258364731860245,-0.010843687047490419,-0.021452035475302188,-0.020138680917384938,-0.0190140927693797,-0.0035450071743015894,0.104289472263668,-0.07668110428374586,-0.008726921582576763,-0.20741693464957833,-0.12712731182069392,0.07122513155357767,0.005094888151446849,-0.0002727939927581003,-0.004676607262261412,0.007898166105778058,0.007780306287609928,-0.0335543039474652,0.058055664255615695,0.006106186268154348,0.024346986077353153,0.04338353164829825,-0.0020547094287714143,0.0009547613372697793,0.005021259715067663,0.008127549566440077,-0.0018868580966062152,9.030970904811472e-05,-0.0015727246965771412,0.010036861337104335
19_2,0.00012785804556590777,-0.0028011270342232553,0.011577820734478939,0.0001548847218856822,-0.030576758871942916,0.009950951753703073,0.01576295252622411,0.0016401184746787066,-0.0020185065952648545,-0.15570729521148258,-0.0976000370076867,-0.04234017025656949,0.0005574893805192316,-0.002104029021143792,-0.03897404132301143,-0.022413402429776484,-0.003956151760804488,-0.008299966900893333,-0.016148153178315826,-0.023274466009802108,-0.017723116533949423,-0.0031356416982120635,0.10329525094199783,-0.08132082087477571,-0.009858702247792965,-0.2179197805161325,-0.11679657587966426,0.0725498510437702,-0.0008882871403611112,-0.0010656843078803953,-0.004244073171945947,0.008164395546317354,0.008870121138818255,-0.03377422875033113,0.05669551121284897,0.006762046321686935,0.023238256178964644,0.04389360660661476,-0.002027665879962606,0.0013547322252218427,0.00552191526543551,0.008678368025718962,-0.0019886772555657573,0.0001228011662051194,-0.0016410579621884904,0.022419140868250663
19_3,-0.00022005119028148506,-0.0018830806609781213,0.011495490083593704,2.8770555601237947e-05,-0.028884093035153758,0.010138169977667531,0.012501601986461313,0.007363132384740863,-0.00814501740782549,-0.15418145647747247,-0.08592112629801506,-0.06494205666663518,-0.003210352427720063,-0.00036930190871232863,-0.030950346195160787,-0.023717726925541725,-0.0015175408904901577,-0.009443827312079241,-0.010923186310013764,0.004094486160418158,-0.018134348408406425,-0.005928790258133014,0.1038428062517152,-0.07564316140394309,-0.005803543075392087,-0.22059462556989018,-0.09582767936576463,0.0575442705064685,-0.00733003159705693,-0.005991730197972226,-0.004940498593987636,0.007035549545981668,0.012455983269257,-0.03654977218788141,0.05728238121841383,0.006234103090818975,0.023913681044658793,0.042137363705333115,-0.0026181241004576694,0.0018084412802423047,0.003462404459740288,0.0056499003812610785,-0.0024464604516784704,-0.00017859148130458709,-0.003523715414785425,0.00843622777583532
19_5,-0.00017036130673904904,-0.0052652737462895735,0.01157759560986378,0.00045975629798315055,-0.030240535806763006,-0.002540747561975427,0.015781161487720023,0.0006776730548082846,-0.014935460058872002,-0.16269994728263543,-0.08954203088625304,-0.043795286581664414,0.0008670485333533068,-0.0023739255743982384,-0.035516747409160915,-0.023938507436267728,-0.004225272718714014,-0.008518366779312348,-0.01728014910007918,-0.02714122818968566,-0.019905820541054373,-0.0030113503326266843,0.10079889700925763,-0.08958827334038882,-0.005101926134929087,-0.20937580649794832,-0.13204355948034693,0.0632012861439893,0.021111147908056793,-0.001979142618668397,-0.004407986195696523,0.007336703702653989,0.007407815814044155,-0.033497703765529324,0.05714895596460733,0.005915610902231568,0.02665299998630497,0.06165420053373566,-0.0023013934827755215,0.0003632832206890735,0.005344570624080658,0.0065781105050062355,-0.0033726873018017026,6.37009409134778e-05,-0.001978488849559959,0.0215622146290187
1_1,0.06745079025050664,-0.006997041637017249,0.008616794645613086,-0.0048426755028017415,-0.01636965096409123,0.006906881123683707,0.18302656304475315,0.007531408763835804,0.05098953822305341,-0.19228770649950738,-0.06189465769581273,-0.08523189175807654,-0.0038753965866100155,-0.0008076034890244792,-0.03926068040011862,-0.047399174482836946,-0.004695445547775089,-0.010507677170456723,0.005877791797324504,-0.01732281251927863,-0.018025318340563645,-0.01142496683158259,0.08147494208303563,-0.10287068499923262,-0.0027869209410523277,-0.20339875615725822,-0.1391657984557704,0.04351278167920056,0.0030901916931084083,-0.004166899067806977,0.03788820452746974,-0.008404086537543251,-0.0031071613013993506,-0.020085224666785268,-0.45760290327301106,0.004396018901706893,-0.09744702839176414,0.033350075311794916,0.0048909449216693055,0.0020084333503327615,0.003422164439076486,-0.00024253650144537056,-0.0030077131393374465,3.555526170009247e-05,-0.00460230130266149,0.012572214120390631
1_2,0.0700688993312654,-0.009236612468707042,0.05148482203754887,-0.003581554339558487,-0.01848631908470562,0.009078049552801925,0.16626224886849575,0.06896629762540032,0.03714632057014924,-0.2214633872613461,-0.020731607410321134,-0.09634635490119625,0.006674047601900671,0.0004029154715801984,0.03382586155747086,0.015478180759636102,0.0035491623961364507,0.00860374274937247,0.008262200572090055,0.008612380539876027,-0.00880069071260151,-0.009799539012998265,0.06931991981258269,-0.08828774001677371,-0.004562769802261808,-0.16490274497661067,-0.11981119929525041,0.01061416722707747,-0.09792506613548796,-0.007774649029314402,0.04130150716648437,-0.00863614458868041,-0.022224458980580904,-0.03192851730802287,-0.4792101660921485,0.004745891303784714,-0.13679161673878176,0.037251833502777505,0.003442362677856008,0.0012023820377608295,0.0027126631999012246,0.0010460027892126979,0.003985770979238891,-0.0002078354317632448,0.00928474079092023,0.000516797830888518
1_3,0.06287245387358349,-0.006298464075449235,0.006206776933593094,0.030949166473517316,-0.022102134490392295,0.008360360233300845,0.1649013141245862,-0.0011746735364941638,0.05016691904265744,-0.18722232190078975,-0.04011030802286421,-0.06403754513206175,-0.004457857620983069,-0.0007633666558055598,-0.03570984292658592,-0.02843075723932178,-0.011230843037666097,-0.010784901685312594,-0.014755244907623465,-0.006351106464839948,-0.0129095797443684,-0.04246936282708172,0.036200923043969706,-0.10326183008706888,-0.004519366653565948,-0.19266594332596498,-0.11383219510702268,0.015564785069324547,0.001105586833198479,0.03633159604172566,0.035182596158956324,-0.0013291015447734697,-0.001980407225175435,-0.01863775114368653,-0.4666347721178941,0.00529581727291704,-0.0910984990633105,0.03355045301303682,0.004955655681896146,0.0036846819350818696,-0.009480252021561374,0.0005713122386231191,-0.005748395297877875,-0.0004364916792304815,0.007946270648162173,0.015547801357354028
1_5,0.07003062602739481,-0.008093622824837051,0.011004849035501628,-0.006598884338327298,-0.015876921045881943,0.01042713062278847,0.16729670199815594,0.007445282291912792,0.05592490980149092,-0.23218148860229537,-0.030221315313790468,-0.09085840211194489,0.007009386921341537,0.0009175705822331984,0.024787629841467936,0.017333610879417365,0.0035093870253999097,0.007787891592434588,0.011011026194078892,0.008672239016329115,-0.009387347655042122,-0.0021991462562799312,0.0835774618679176,-0.09359282207110935,-0.008096880158643575,-0.182874304588507,-0.12484578999095908,0.028657716162836213,0.0033390025869942377,-0.011256812205769667,0.04126204335901656,-0.010910984528033983,-0.021634420858708873,-0.03676714516045265,-0.48141771518608817,0.004564581554738543,-0.12900689007417335,0.03878811172230107,0.005159056919930526,0.0022845894414456054,0.0019761033597636758,0.005762714409568644,0.005564700044751303,0.0010606961681145222,-0.010650772112233349,-0.001524635497792681
20_1,0.005153005748581991,-0.014801284598779833,0.012705445365349746,-0.0013551686097231436,-0.03665633144426718,0.010949795215461937,0.016508052206114277,0.004992997895099132,0.012626109335752436,0.015767815956439942,0.04451724268155795,0.01411964796443393,-0.007704705643755216,-0.0063209283399773,-0.03207884229483916,-0.049333942505401185,-0.0351445363920032,-0.03703412732458071,-0.022341534079768112,-0.0409831435188966,0.0037742279492187264,-0.009980195331331612,0.05034275327195611,-0.06743538059313085,-0.03174076863431718,-0.05528838673314774,-0.02917990831909482,0.042637187439341084,0.013758727036866623,-0.01207434108082588,0.006881228886532043,0.001747214364382872,-0.0026849789257214277,0.013662576257393776,0.026024035733883854,-0.010242454030099529,-0.06726194749096785,0.04003849341551313,0.004037271990825797,0.0001319926315344359,0.01296243186198041,-0.012548626711568511,-0.0029412446629252585,-0.0009200125189880604,-0.0043483434793606624,0.016584755766033837
20_2,0.008340721763600501,-0.004692856829891835,-0.01698494814430038,-0.024286751321803603,-0.0069256850988859715,0.001284382360774207,0.013932806856079255,-0.010335195338683196,-0.017637065577671234,0.002880814966535875,0.05767312281476621,0.03027684993186383,-0.007045525407313897,-0.0017576902601323546,0.029227317935485705,0.03956175323257769,-0.0037051180081647886,-0.02108169963566926,0.025869745657291172,0.015296741627023961,-0.016160600624215125,-0.015733562694676066,0.04522694214391114,-0.06819955440397255,-0.047890644754445884,-0.053430178300186655,-0.051012512931329516,0.014622355499522238,0.013394344730331523,-0.025893968969908955,0.017893420298040766,-0.0005881727800468047,-0.01975261793272348,-0.01367561733583384,0.029181540014625442,-0.016746768309662825,-0.08910952842171652,0.04018054604365256,0.007176626230971644,0.001693225056790524,-0.023530548343139192,0.01177774958778559,-0.005165905390514952,-0.013523924015484669,-0.024000385387497266,0.014761997519065921
20_3,-0.019346088157507133,-0.0047659013896695105,-0.008699643825889954,-0.029330809376311048,-0.017211628969034967,0.0017112342855383385,0.013975880543580758,-0.010066645007623562,-0.01956665454532252,-0.0034839676906694922,0.05046803176650153,0.021433905872670692,-0.009103513136115323,-0.0019817579519072447,0.016008649864906285,0.024516457658539267,-0.014746963188859853,-0.02299941386512994,0.015877337157726976,0.017294288042248588,-0.016632668320695425,-0.01719057384422364,0.044090388010579275,-0.0832603205560842,-0.04548118574376878,-0.06498252285151201,-0.05514725629189059,0.016689438908072916,0.013389211998547847,-0.02935266858085818,0.016728844438733903,-0.013321613735999636,-0.01869182506966212,0.01107171582441873,0.0009109141462119049,-0.017102817544159835,-0.08903231084487959,0.03722615986732331,0.00426132780905513,-0.0010309848367859398,-0.023123729795448494,0.00812608720724335,-0.005144540144282139,-0.01719340979246732,-0.02633327467942185,0.015068146956074224
20_5,0.006653445259568634,-0.014358015163411007,0.012977133107987322,0.0023071800358313867,-0.024908226749974137,0.010961151670696978,0.01815073995084533,0.004130310576978653,-0.00883268262945364,0.012491753523146139,0.04262896172004062,0.008660413922402263,-0.005018856472675068,-0.006587427380086182,-0.033422689516414486,-0.05252633253841687,-0.004032926368517385,-0.02065484555622928,-0.025288019310312774,-0.04153574620368403,-0.016930934263167285,-0.009458056181454563,0.048871012173740284,-0.06978178914264671,-0.039323267485833195,-0.052435659866963774,-0.03506710988737586,0.03969836657658435,0.011755350777072153,-0.021067273759862018,0.00837406088592263,-0.010681893279218396,-0.014825337991791034,0.008005767535410737,0.02507805398058741,-0.010672339704910966,-0.06299045655226648,0.0405489893859754,0.004676968684640535,-0.00010269014192958907,-0.004891035115463395,0.00699646390000838,-0.0021812412872896604,-0.0023929046903522324,0.0035202126073191776,0.014791575429809523
21_1,0.0008403314362189537,0.0009564725453589117,-0.006143958885785991,-0.0001345864318939169,0.010673361376934191,0.022652581992702796,-0.020669709585423336,-0.0064426625317209,0.08482183914087067,-0.12464825027639163,-0.38073547479357545,-0.014452139251176157,0.001103950154874942,0.005197248624468426,-0.02414950957022541,-0.02210528097538553,0.0032730828513794458,0.003775297779804794,-0.012654587432738888,0.0396211127419975,-0.021429424321127613,0.0014826251429333132,0.09773714127117814,-0.039088530334260414,0.002894692132221901,-0.1905665109224495,-0.09873543141884936,0.07648880294435764,0.01596159943753747,-0.0056531965809253435,-0.01873592226210232,-0.0027012628080832026,-0.002601479593070107,-0.03310651498949342,0.14100233630131034,0.004957121923379058,0.011583734916042651,-0.04019407116260132,-0.0035021439523773854,-0.004900777652572975,0.0005505925443077472,-0.010612275771246103,-0.0006680298139699471,-0.0017230439440601433,-0.0026494064971205817,-0.02060807281789497
21_2,0.002186400016187365,0.0036845312261072683,-0.0061927717028290976,0.001608144664925168,0.009223984224124102,0.023611561736476157,-0.021703114615061872,-0.004630251895751105,0.01399975775152927,-0.13396404199628992,-0.09637142732333971,-0.02352319921999184,0.0036189301915521043,0.0063279931584694134,-0.02572982076466038,-0.018827584990412597,0.004663763801092912,0.0022900556644433155,-0.01080414461990091,-0.009869771478855836,-0.018913456459680324,0.0018023439397390328,0.09815338173804343,-0.07327667545650139,-0.00031957177144377344,-0.19745416668284585,-0.11531957076710023,0.05337898947416689,0.019885970260525156,-0.005559150735437167,-0.016139706134249497,-0.002960129864532516,0.00018390824739591017,-0.03882287587918973,0.09183000606392598,0.006550397635378358,0.013357623223548071,-0.0400557316468573,-0.0038745421733943023,-0.0050382265203739555,-0.0006091281374936419,-0.009743593025124312,-0.00022222617474098544,-0.001742810051706221,-0.00393284394026582,-0.020657348502836542
21_3,0.007042822218762936,0.0050865695175161055,-0.005703562538871619,0.00029122266247837267,0.008239957300322894,0.021548372096031672,-0.018373818776832692,-0.008184646497606302,0.014090662831898982,-0.13259570724207373,-0.0921798014128356,-0.023554258457341923,-0.002674513853639113,-0.002323178030272278,-0.03601653421004089,-0.027733554045195456,-0.0032591011525497015,-0.008988016908444744,-0.013751002315014358,-0.017338928508824344,-0.021642088862016483,-0.003615048000674549,0.09854182263947432,-0.06717690121367562,-0.002907973478229214,-0.19719821017025954,-0.11920285969609108,0.05161691589639873,0.019220895285509257,-0.008262061991701791,-0.02007055412517629,-0.001565630379306304,-0.004783327189896298,-0.03972961357071384,0.08926657046608026,-0.005317604468923305,0.013994374217955872,-0.03476962417364622,-0.0031327125923665666,-0.005720034160803017,-0.0029343951715457314,-0.007829389049407914,0.00025917473214197203,-0.001038282812161176,-0.0031117880510955357,-0.023560247009046242
21_5,0.00041006082949020196,0.0033234696588910046,-0.006298638753794643,0.00040493806192047285,0.012283485046792775,0.022484029543381568,-0.022231717759519758,-0.004888638200930345,0.01214646805589255,-0.14796228256640503,-0.10365745202210883,-0.030469973577326795,0.0038091726538313922,0.0050894143074643305,-0.016457426049804682,0.01683775351707048,0.00250597175923031,-0.010199090900642253,0.00580490944972904,-0.010938424486697634,-0.01741870282964319,0.0010276844889498967,0.09972507165055332,-0.08158045665408269,-0.002662246087090348,-0.1951704195942735,-0.09380596922234288,0.053364002877853915,0.017806760528838162,-0.005759344536545631,-0.018605364973921845,-0.010322316620384164,0.000492136014600651,-0.03557206098312784,0.09189178493745655,0.006943512129239468,0.014311936501803438,-0.040953709984684006,-0.0038840085284099707,-0.005725185591769835,-0.0012886903566154523,-0.011501845870423796,0.0026785085980212536,0.0011123259399772386,-0.003419902437163232,-0.0223191873532975
22_1,0.010056010558375931,0.001588560247453236,-0.006044782931018738,-0.00023083361334628517,0.012822827633162382,0.02383367999807013,-0.0199678366097327,-0.004464096684692983,0.09276127921876903,-0.11520939824249825,-0.4050219323394228,-0.011415407641758551,-0.0020704204266790227,-0.0023689292622071623,-0.026216143713207535,-0.02518763955124929,-0.0030201666104634657,-0.010663925465527621,-0.015292835739976484,0.02713370972326272,-0.021529326041228362,0.0033292555540696124,0.10083513951723842,-0.035894486507713506,0.0017883857042842958,-0.17856873448849928,-0.0976503467133505,0.08020857839014718,0.018984691922998773,-0.0038162803030072634,-0.015803780212345835,-0.00033073946946588596,-0.0013404050663566843,0.030484632907479034,0.13914082077190307,-0.005798366960143124,0.00838922444107617,-0.04102245049433814,-0.004080730681740288,-0.0036262996022167846,0.00064619653675779,-0.00991672040104392,-0.0009556421597477543,-0.001992937556267609,-0.0007261790588731251,-0.017937708025819916
22_2,0.004992184497853849,0.00465537378072969,-0.008134986456773387,-0.00043732456437917783,0.015998986917427644,0.026520194412481053,-0.016981436916624525,-0.002595009628655772,0.10533349731657003,-0.11208717767555042,-0.3916190009924852,-0.011984542903818144,-0.0041126673643663006,0.011123683209839487,-0.027928302297648307,-0.034570100022676915,0.03138272191810501,-0.0003015466731697666,0.01837023696922215,0.035915101127611586,-0.020747526861574533,0.003594395646324467,0.10652201813559024,-0.0459128094372787,0.006233400663306241,-0.18353147821559104,-0.026441880065014762,0.08724752689922508,0.024521051284504543,0.005776000352930278,-0.016567335930909678,2.1038119021918973e-05,-4.4602813846004834e-05,0.026987399186428607,0.14181582967274156,0.003324918857972926,0.006713895706454055,-0.03234548143453692,-0.001676439449045107,-0.0031264976136296235,0.0013448518432831152,-0.015285834954457036,0.0018514171187210202,0.001626066108155658,-0.00041350583186138977,-0.008883627637884476
22_3,0.0035382243220039135,0.002337603863040387,-0.007550340040916661,0.0003041877130312363,0.00923153751774896,0.023176312913696418,-0.018668585684650886,-0.0015945601904746526,0.08445675092395491,-0.12460779024714064,-0.3801685192949077,-0.010396434009558787,-0.0022314831416099085,-0.0019848815783934043,-0.041305097166664376,-0.04961281122974017,-0.0036124765360753515,-0.008103808825949375,0.00238548913232116,0.02466498070370462,-0.021014902229185912,0.0011636210278450462,0.09762393598381303,-0.056617698343999295,-0.015962658483550867,-0.1832095756333911,-0.11574441779819755,0.08201759525787411,0.019119206830323778,-0.0045998775630141705,-0.013684958525983719,0.0003560237021096465,-0.00040099588158964354,-0.03439376728351802,0.14118276816131892,0.0021898945871223503,0.0062159194390005576,-0.038778875889432136,-0.003661478362961792,-0.005015678750434443,3.743149058401141e-05,-0.01168535312389443,0.0390639685533772,-0.0016865222241081732,-0.0014990053625883707,-0.03646143867226168
22_5,0.011940369516961239,-0.0007616123248909041,0.010609155720919897,-0.0009843932732494292,-0.01325206567596171,0.002660985944713731,0.01428623778688515,1.5538585993828656e-05,0.07733401746472464,-0.16065179790683898,-0.5247471712679791,-0.059326433466727675,0.006465675602927203,0.002152363715996448,0.0013194630096049873,0.01851709703927677,0.006734650655704099,-0.006965924520620303,0.019677811896547295,-0.04406708540368895,0.004223196470773684,-0.0011861796675320178,0.1047822531555333,-0.0667007095351089,-0.0583339336458035,-0.19575756294983232,-0.09203541919270974,0.0970378702866978,-0.010605617692290284,-0.0015693181001996124,-0.02169197347099815,-0.01204060905144495,0.004027993490167698,0.039424685989522375,0.12390666359656155,0.0007419338489604912,0.010452342836774518,0.03752916375806485,0.0035507205625006765,0.0014941741572844734,0.0025762878601893187,0.00412557310966234,-0.022778545615139433,0.0011950712191321478,-0.0027727080267666436,-0.10817433915512499
23_1,-0.0009695373905106518,0.0011019332257578168,-0.007013464269475551,-0.0014574915941498734,0.012302483110450659,0.018655597796062635,-0.02000113025932476,-0.003155397035091276,0.009674265472047134,-0.145633158993201,-0.1057928792983165,-0.021700527581354,-0.0005661852526999188,-0.0038995003528128677,-0.05576924320721585,-0.06314482146109256,-0.0013849935046003914,0.0010728548391663601,-0.006365184659322412,-0.04010245333750368,-0.03749478097299184,-0.0017073060939166215,0.08838954653734275,-0.0819004347884869,-0.015222781558032137,-0.19595598935503963,-0.13695592331590625,0.050995628677371216,0.015163449984986385,-0.004726250852164613,-0.018071985505937912,-0.006258261385962034,-0.007298263410815648,-0.038487230610590846,0.08795286062326384,-0.004051469329271232,0.006918632242393679,-0.03766790684140348,-0.003719730045539986,-0.005174439521910653,-0.004216764388987128,-0.012629471622197328,-0.008536001976502812,2.4300254612143104e-05,-0.0033438571883434793,0.005030181034328185
23_2,-0.0018354560214571874,0.0007687715731968855,-0.006120209820692178,-0.001589086992525448,0.00849390550781463,0.018107480641879316,-0.02013592682464645,-0.004142535423353685,0.008973263872132058,-0.14601114942784982,-0.10533053226990963,-0.021962534074635737,-0.0004965609410242939,0.005365812179251749,-0.056887433125681876,-0.06306812684918872,-0.0011038434329575643,0.0002288423413242758,-0.005385859865328861,-0.041232471193121185,-0.03447370314022483,-0.0018375635118286233,0.08804482320834571,-0.08942554393126,-0.015418213172101668,-0.19762243730850784,-0.13718918170128175,0.050675742371195355,0.012292911799156217,-0.005002268688628846,-0.0186491998918908,-0.006629970533574822,-0.007368911588135169,-0.03879752586506685,0.08780109179918273,0.0022393456263130034,0.006287064525555195,-0.03723983029924157,-0.003972240041704244,-0.005205126000544588,-0.00446509477583217,-0.012447973410772948,-0.008732857992034854,-0.00021400081974898882,-0.003441345037038513,0.0037987257302154014
23_3,-0.0003230110032297276,0.0016243662488882181,-0.006607062126080822,-0.03964648162647274,0.009773334691014313,0.019050144991535102,-0.020112570407318137,-0.0037856019875247156,0.008795655142907864,-0.1420006032554908,-0.10540280143717379,-0.02105437207300394,-0.00041376801489033415,-0.004053670583031546,-0.05658230639127584,-0.060381811450796324,-0.00017067765067367178,0.0009324679687258906,-0.0073145214054834064,-0.0397383329049049,-0.03666404476428272,-0.11604334389562318,0.08898741693254808,-0.08848548037908051,-0.015071814082697341,-0.20919126437948823,-0.13735578877107937,0.051389768269125495,0.012763533619878377,-0.0045910735034899045,-0.018633766172370413,-0.006533718706571932,-0.007060045748955521,-0.038353584401196336,0.08789716340584176,0.007395021965580971,0.00666706712183807,-0.03730018503794669,-0.0039229665938881305,-0.006095332684569001,-0.004396600604226322,-0.011871677352121359,-0.008130476379147739,0.00012417577384093252,-0.002839344690603293,0.004958841923489904
23_5,-0.0017165704599357188,0.00111120901653004,-0.006965674261482522,-0.001509619024054862,0.008336266002077281,0.018473345826936723,-0.02003854294914133,-0.00393669611011421,0.008849983524834308,-0.14422498526278582,-0.10606071107912568,-0.022387768647646723,-0.000464901526874309,-0.003337017377128578,-0.056102545965967296,-0.06350549138206132,-0.0014851251954579147,0.0005733422652001864,-0.007659093702065807,-0.04053343752624951,-0.03749292891290662,-0.0017454250444035408,0.08825609890765772,-0.08306878454916276,-0.015574415095842509,-0.19747905798072804,-0.13747114851306294,0.05122516363939915,0.01229994618557047,-0.004825371908409832,-0.018431017283394985,-0.007665863322617664,-0.00737846306469238,-0.038623660762514084,0.08790758307674502,-0.004058715931035484,0.00831094645197779,-0.03763651423916884,-0.0037331800716489914,-0.005348405930962157,-0.0042993689190279445,-0.012360304796612648,-0.008541921535266471,-0.0001509680398149283,-0.0033353668320720807,0.004599604791145076
24_1,-0.010553981930106744,-0.0032986786095911573,-0.0025070383548332167,-0.000453888510030621,-0.031052446074541613,0.006790709264514783,0.0043802374371583975,0.000615197501273272,-0.0038966019565989623,0.03882494765762319,0.0203236937491019,0.03245054311712154,0.011416528833664081,0.005532451148010709,0.03845226511093995,0.03737017470991655,0.004426006772926053,0.011234539906393805,0.024962843405015533,0.04485763534632355,-0.017195437473939472,-0.00106579166359893,0.07965694580982205,-0.059212636811426335,0.049211538706730194,-0.007973044861639808,-0.08325792884316889,0.07264832369067359,0.02709712290267638,0.006664757820053307,-0.007168677072546214,0.0018530660132723164,0.006066672653450241,-0.013978235846674989,0.07889426174772166,0.0021142961609010888,0.03286482345197328,0.038930386985867795,-0.003740296908694451,0.0009846648552476322,0.004757838025138487,-0.001952202500498499,-0.003942246784232674,-0.0009095090086910841,0.005009044919936226,0.014767842540914882
24_2,-0.0033922968041618625,-0.0027711054361240963,0.011580834964228938,1.9158439214824323e-05,-0.02967383827158455,-0.00018388719253678676,0.006769681330554191,0.00042863933039758264,-0.009566187285897153,0.039563464962609624,0.01660124484413434,0.031971912288930544,0.009665694594657026,0.0054966588778791944,0.040544641307085384,0.04624652056119151,0.004720965003606898,0.011947552716848102,0.03343916747800721,0.04591272142061567,-0.015680833405054963,-0.0008720248041580343,0.07882469157501813,-0.06156380599733035,0.05115948556169117,-0.0050565181062131835,-0.08326359576010936,0.0753915400212467,0.01266381682500169,0.007669638714288458,-0.010938865149451502,0.002387877447990644,0.006174959024485595,-0.014803045212065147,0.07951197585151795,0.0024973514665804033,0.032011672205522805,0.039397044264376645,-0.0027589522354724656,0.001418900807816398,0.004138439379890687,-0.0017987370695510254,-0.013142371641646158,-0.0002670475502760999,0.004588922472117945,0.014641543428784438
24_3,-0.004707372946132601,-0.005796163580072789,0.010561179589976521,-0.001780300951986303,-0.03444209762206533,0.01151766197653329,0.018487383419684922,0.004197201198276861,0.0008956182437403581,0.03478592689971836,0.017586526465583573,0.027569559276496812,0.0017348178517240383,-0.0026768435460122787,0.03177231302781787,0.03595328385307325,0.0029010030970017266,0.009582035752012526,0.029223681607770346,0.03196310789171448,-0.019085214418496727,-0.004439541202356817,0.08024147529161767,-0.06242360258631937,0.06313663308540823,-0.0030894045949132385,-0.08915030661476334,0.07570768961798019,0.001922723132647645,0.007979084399162983,-0.009790070640930142,0.002414385667292311,0.005795540996369758,-0.020910941955110368,0.06175547340471608,0.0023329531622375997,0.033547417817308314,0.038480055866421906,-0.0017855818963552564,0.0018486585138197651,0.002503355838754676,-0.0020713207523968204,-0.002189830044081699,-0.00041010976131287914,0.017613304094685523,0.01234841721717718
24_5,-0.0030273152654273303,-0.005837308961063649,0.011251229505667973,-0.0020474445836742394,-0.02063748513526122,0.007988748920766694,0.019483266472408244,0.0038460716444720564,0.0025439779702799733,0.029051807672182507,0.01803829519668349,0.021833357866513865,0.0017543869469978381,-0.002833923081033216,0.026311617291500652,0.03674821835451667,0.0030583554456849724,0.009453266225055742,0.030552428923483456,0.03151576362503323,-0.015889330487296863,-0.003952270293812113,0.08005298480505604,-0.06326543754716339,0.06161403438848279,-0.008781269928953093,-0.11734753542713959,0.07508484536841524,0.0022359603351306294,0.00770875913425255,-0.015219074759951783,0.0021568047322408214,0.005807839624953641,-0.011549917864498091,0.0639229378877579,0.001817296890199684,0.033377217714855335,0.03881889515979544,-0.0015527909307831548,0.0031169237579233293,0.003136716674429855,-0.0019456137021066507,-0.0044096959306829135,-0.00034903276862637,0.017016980374185642,0.011821903707714871
2_1,-0.020925132381836617,-0.018092043935547617,0.01906490668582288,-0.0016162187884251069,-0.03671994574113384,0.035728772763823524,0.015748654966265298,0.0014397667699124397,-0.018885330435696398,0.33247790021334284,0.4343243257371182,0.15451479057206904,0.0021437767526138324,1.2517040840735025e-05,0.03523345780663278,0.0318036004894634,0.005803184225988912,0.015050024012630694,0.012242677904336969,0.01509539259602613,0.02407205665762162,-0.006812717749670362,0.07579036566862339,0.2056923343146963,0.019082078166976556,0.2858052931745186,0.3525810837848786,0.05507120277614439,0.038575880084388205,0.011126487575757621,0.002461617902809362,-0.0017407561128400786,0.018230358008344754,0.07292739063228776,-0.050435551034888185,0.058734693029879895,-0.021448298636582284,0.04803207010778331,-0.020922473100945634,0.014872672249547579,0.006626639381340176,0.005537143808144126,0.014566531340147302,-0.0021564667263517566,0.004705430315908442,0.01923162881707758
2_2,-0.03390150935099164,-0.016212519273559874,-0.0036059074423382296,-0.013139306492260023,-0.04111858832228318,-0.06842743191832242,-0.01519613156974011,0.0010594113769518707,0.0002233735996263833,0.3569089595211997,0.4908171719689902,0.14189672344247747,-0.001877971248804696,-0.0035244075284842,0.029808530520443806,0.028644327749052057,-0.004198001914460117,0.015230452875595882,0.011204061212252737,0.012106391968315703,0.029590166241280528,-0.022943965457601953,0.08213600582005744,0.15413779059983315,0.008526814911943325,0.38035456765091413,0.26785989188947695,0.06297608201566693,0.05367427947846244,-0.0004166879364373721,0.0019472853678540875,-0.0021879337700364742,0.022557282078025227,0.09038036036110245,-0.2114278967491418,0.0690362644321566,0.018601170940680513,-0.09905403390741796,-0.012346409393884813,-0.008900902792277916,0.0015655890078685609,0.0030546074256889073,-0.0053806375792087606,-0.001822771447026085,0.005621957242279591,0.019751868128621373
2_3,-0.008200301436933352,-0.019069497508809874,0.016872721127690355,-0.001893318538013943,-0.04147072836702964,0.010432296725525939,0.013518472712811437,0.017851210301998408,-0.023053428664973195,0.11189983342216037,0.557941359773457,0.13536174310917268,-0.00027133376478986106,-0.005818919901057966,0.03242326122727626,0.016521869369105355,0.0002873902621010237,0.009011480666771243,0.016831514692320585,0.010415623020610013,0.03614967918459251,-0.000856159138997483,0.06913008498657457,0.2745753030806548,0.02130887296324709,0.27967591506819994,0.42075232020828557,0.027972699485910118,0.037934452068509726,0.006214645827965586,0.010452656052566667,-0.008327763011282763,0.020279967774059292,0.07164594338470519,-0.05254550394632216,0.03694308097395249,0.00879432746418854,0.0459960761467455,-0.03931790840103439,0.013254695403119432,0.0034846523400282052,0.004005863427492193,-0.00028471792824770784,-0.002327554694098054,0.00288257315003104,0.01655086750585831
2_5,-0.012506692408721484,-0.01585697635836099,-0.005487447112452477,-0.013339989023769162,0.0027662148947367295,-0.08817118664288709,-0.016778017987889658,-0.0010881608305589143,-0.00578845155864576,0.36426726548369137,0.48830657727324894,0.15419540497957626,-0.0018845608720530092,-0.006151565782279563,0.026737676626590764,0.027860443187671856,-0.0061203029105515285,0.012163151686004094,0.0414716756790241,0.014070669469317421,0.03397560580364301,-0.03320752354827749,0.0920000630587673,0.09265089655228378,-0.01614843343263848,0.3853481427405823,0.26679729528372537,0.06255044809026301,0.05149982304977716,0.007710534142965713,0.0026205300315322345,-0.00928148667759897,0.016726418149317513,0.08799691526600559,-0.0185321982541402,0.05910536606554322,0.01708065821297023,-0.10182998229699593,-0.010697082762879725,-0.010266295726938764,0.002524684717703323,0.018956096276557765,-0.003564795192686197,0.0015348581073286697,0.005352320132861998,0.007355621096825663
3_1,0.019091923937010917,-0.0010108296052997005,0.01418124806874482,-0.016786968199960322,-0.011746654989648503,0.01082808555104877,0.01753878917206945,0.0037764451309793244,-0.020185533420771846,0.05431372501527656,0.03673772745271146,0.035432340572713224,0.0007383496756695261,-0.001140603509621004,0.04699704225622183,0.037811907075109105,0.00910549920607126,0.006885688361179046,0.03490342854451848,0.04078835245602717,-0.014020376154427115,-0.0032026481661868523,0.06821915236540031,-0.12193276728303967,-0.01752947258576895,-0.11468379515875936,-0.12038308303793557,0.056125248730697956,0.0203838468175244,0.007609418344808181,0.00878064274717662,0.018629734542574994,0.004051793366197667,-0.06736357854279598,-0.040453798401696654,-8.421699181747843e-05,0.021780666523598256,0.051854513281804626,0.004365267906971698,0.0013511521814981637,-0.009009394648569508,0.009605227655015662,0.00022790129204571858,-0.0021069904946242083,-0.00734106679418469,0.01875921165599151
3_2,0.009956211117011532,-0.005603677569177184,-0.0008739702896827901,0.0006003615679006027,-0.028221785015422832,0.003214748282475916,0.00013158011884281898,-2.3619647565704508e-05,-0.01910271381652165,0.025793376405566962,0.012866712512496587,0.026886698012743376,0.010529243394599458,0.016263942587913725,0.03354990284732957,0.034843698003804435,0.012060085082766622,0.01364015248652505,0.01971995519702579,0.028309981737405857,0.033235924929133916,-0.00964021321645327,0.06796918565071955,-0.025423553221129196,-0.012932403594264907,-0.023010036869314666,-0.0693210812514669,0.06639560903086017,0.03576911395490294,-0.017179907558162837,0.011574061675345854,0.006949025151036899,0.010652437203231098,0.018599115493720796,0.05824728752130887,-0.005879922291760376,0.02519705063723026,0.038498742320617105,-0.003145058627578825,-0.006067626083348376,0.007453394361481481,-0.005656818558106746,-0.0027317836789424654,0.003132215626635409,0.009040680773976927,0.015902641406123092
3_3,0.009199843606417717,-0.004509254742831203,0.00953421586854304,-0.0005199579785962709,-0.03327228991801752,0.013629168870188106,-0.019719538250479146,0.0011620605594505537,-0.01412009683857041,0.03352938075475913,0.04801917691954356,0.041793417467169434,0.007907587593049272,0.01854545097033656,0.040684279801718154,0.03718524312945144,0.010245637151995234,0.010802514832153833,0.016210458551437906,0.02422732809745252,0.01528294143598315,-0.004115287752438702,0.07572586607133924,-0.04036890353385306,-0.009939033232734935,-0.02168888309759762,-0.03812764278701273,0.04783766930701933,0.031653696426782583,-0.014406327866673315,0.008239315973196076,0.0009938652232045122,0.010585593681536542,0.05093245162267312,0.030212946406276413,-0.008167240121005344,0.022990930618131563,0.037199500391969134,-0.006304549205389322,-0.005914646378622998,0.007702291098133969,-0.012113966236360832,-0.0036185396450612714,0.002949484642037643,0.009374582935665041,0.015944917092049125
3_5,0.016874862408399957,0.0007169033542540028,0.014199194099279106,0.004582114976870878,-0.007027377841400672,0.01867757287085028,0.017434353673041466,0.0021563468695166106,-0.023296454651306666,0.03134148547869529,0.03304120327383487,0.02325684261525448,0.005181719946348113,0.0021960985850238684,0.039821448347132055,0.04427117819647104,0.00792397557028092,0.009725305258981602,0.01927038204683888,0.028609472518856507,0.020663502261586784,-0.01915886069725628,0.07128812961394262,-0.037205144455573075,-0.02271843657177265,-0.020521442806316167,-0.046906174595338156,0.06127261027280192,0.020462494420998203,-0.011509336259874547,-0.003586843795026893,0.01917267675314084,0.010736231652204055,0.008613336065315912,0.035359771687239736,-0.009008372126813973,0.02777644853328059,0.044124950411767304,0.001759797667581989,0.0015188039952331186,0.001212949200342299,0.012362483056302059,0.0036352523131708385,0.002908848506574198,0.006482714861557236,0.014272223599978498
4_1,0.004790313526753168,0.00731160759279536,0.002614108885677139,0.001502985857440156,-0.014902969764245705,0.01098578961720671,0.013680529373218769,0.0003532281938781436,-0.013357448449244674,0.024789613769020124,0.044138917057801916,0.027465466795102363,0.002713205138323955,-0.0035626777062297394,0.026352356806488432,0.046473493563078165,-0.004021376936044858,-0.007537121855487757,0.017374809881766245,0.011183938013208458,-0.01172390055479291,0.0014844521474398891,0.09065978135480686,-0.04583294110754697,-0.0014282208031562338,-0.024539841665571417,-0.08934846354098673,0.08105231832416192,0.026997758900457396,-0.012272241633416212,0.003771334973046144,0.014194840831903775,0.01188606866634391,0.006556679668161248,0.0500779953006194,-0.010236958762709546,0.02856598049788483,0.035274476097295115,0.005224394113797323,0.005055574414596807,0.00810090529515039,0.010641375925191269,0.0026072355841234903,-0.014339818028690988,0.010157569518008926,0.01910625099334508
4_2,0.01786272198263842,0.004509990133210173,0.010770489695794685,0.0017552085648611076,-0.0027224876839049327,0.009445493910842392,0.014530678847116563,0.0016450882754310415,-0.010235978830784002,0.026200450103051432,0.06480525757284053,0.024895796074844174,-0.0010826266681178238,-0.004737933180391603,0.01721221111064522,0.042725865019091154,-0.0039962731673009845,-0.008681916330053071,0.004664214987668297,0.005760151293577399,0.028588843832361564,-0.008865394537445448,0.08892639515929306,-0.03601813070672582,-0.002901740898784549,-0.020938628239451182,-0.02290232924004631,0.07005906006785761,0.024856601456867296,-0.014639701349314796,0.0015626562733727747,-0.002416364086872232,0.011048797492470877,0.007768440580765345,0.04836250978867666,-0.010480658895212588,0.02779399467312206,0.03250834407717862,0.005345180826344353,0.0032630677483748505,0.009028730589100134,0.008321577833952544,0.015193372917152049,0.004079877789792963,0.007895348512326109,0.017824484253877816
4_3,0.006693777377695298,0.0006361601110431821,0.012641598375132748,0.002272323781933506,-0.028829455798557804,0.015261326794919804,0.0033677667618327994,0.002192794088459119,-0.01828630991832893,0.025123922066694438,0.0461405397730829,0.030708440550357097,0.00042550610210074374,-0.005545502460958021,0.04441792834000947,0.03867358673916539,0.007788814650195203,0.011619662792215463,0.022755461218063423,0.025891750865839756,0.013289579276826271,-0.009814685012428808,0.07645644785081428,-0.03633016852013851,-0.023383175621507525,-0.018358539283165786,-0.0232962027258638,0.06833137185766507,0.026311609436577236,-0.010495371098857615,0.007997603991270235,0.007950182049437579,0.011716668779582202,0.01720268025203473,0.05730567934067334,-0.01403318719910511,0.029246645470891147,0.04065597985476966,0.002962118592810984,0.001406900319500453,0.008156489807763652,-0.007935692292241983,-0.002615185381345477,0.003023091136098599,0.00813072530221214,0.020336442426514403
4_5,0.005633795284637869,-0.014877004239170374,0.01755888626337408,0.0016479028169213298,-0.030448406837519027,0.018784115921634478,0.00552320267996966,0.00204737678330714,-0.016627266326867406,0.021923970928625892,0.012440701905139425,0.025604216707929173,0.004879275449674736,-0.008432876314231863,0.04114628626543282,0.040636535556217004,-0.005217436749625883,-0.009032050916733099,0.031666479473286324,0.036428222074071,-0.01914595050426936,0.005804911576950154,0.0800199333051254,-0.03711106321152881,-0.008178481339112994,-0.02862808420182581,-0.05355608038578151,0.07678242436614181,0.026408350540780036,-0.005633540986722878,0.005162245938036797,0.01765001603401338,0.01564540980622766,0.030087346873067435,0.07856780017962954,-0.004838336375560475,0.03311511631782846,0.03818750325439794,0.005156464047182696,0.0005139598667711118,0.00873831446309866,-0.013926436841565302,0.0038033346641509107,-0.0014805706345682997,0.006521410366680709,0.01764812098448016
5_1,-0.01687801485416205,0.001518737216106463,-0.04827396575604404,0.00023123007382568083,-0.11566866211339225,-0.16639957281487963,-0.1647272924841598,-0.02152696916063009,-0.251707080141603,-0.20611513177739504,-0.802558281565356,-0.6128382463708965,-0.0018020376005428874,-0.0008601838332759931,-0.012670043174696013,0.039697480800237536,-0.0035521947047822628,-0.008418048604754924,-0.0057492833453288185,0.047750382705757856,-0.0069875268394742306,-0.01373193639780925,-1.7513140023303475,-0.24136211148885006,-0.04811563379445976,-0.36679416283965516,-0.057401914096529075,-1.363617353555414,-0.35533615077034364,-0.03262129427799461,-0.05831341183743109,0.001505999839105785,0.0054318795948979344,-0.08195665878867309,-1.0375824869874448,0.004855881273978492,-0.15046889813035447,-0.13829744606689504,-0.0018109557407892582,-0.0023269139197609427,-0.0007074527941397535,0.008860359223839317,-0.027923685382107013,-0.0004296837292714714,-0.0013002842023979032,-0.26590987979706254
5_2,-0.018768920212371868,0.0004706478966574818,-0.04762657111336673,-0.00026796124496508407,-0.11635053537885344,-0.1668485285237879,-0.16515370755924744,-0.018386218437794387,-0.2553288833847408,-0.21694933499867283,-0.9409017012830974,-0.6311193303543653,0.0011334872984382718,0.00017474456933026328,0.016825796362718786,-0.017710110194245073,0.00027270983263892037,0.003211055960975011,0.009090847711980342,-0.09605876417945795,-0.00587458838641578,-0.008173874807207498,-1.8623655121356877,-0.23997740695998818,-0.054187342896994284,-0.3681958098674305,-0.04242482468150349,-1.3891747538134318,-0.4645578155914661,-0.040574807375071756,-0.022361191700593704,-5.474248084518337e-05,0.00663712898042917,-0.11417847412812793,-0.9854721143164864,0.004259818279127835,-0.15867077359154483,-0.13789232411915248,-0.002251811691871656,-0.0027789730035424312,0.0011525290336128428,0.007844243803872398,-0.028095220328253363,6.000273994039593e-05,-0.0003986548510367193,-0.26343600624606756
5_3,-0.01903426574047255,-0.00034666088865748055,-0.04307953995991388,-0.045645630115104016,-0.11684429532280859,-0.1670322172208718,-0.16291507025028962,-0.018033975272183183,-0.2525472947560449,-0.21594462431834946,-0.9392590115815059,-0.6439498006370694,-0.0005712570051707246,-0.0009562166147567169,0.017430218725693187,-0.018625414268656357,0.00047971697852641684,0.002521628742309649,0.006545268106054922,-0.09625173137619769,-0.008163670118833628,-0.12101214640584969,-1.847770670702704,-0.2418828111112382,-0.053029419832937554,-0.382074361374137,-0.05184356117680034,-1.3812022837790676,-0.3576071502026902,-0.04196657109459385,-0.059205533883285234,-0.0006879440879834392,0.0036990687385715943,-0.1146315935089178,-1.0524239979074685,0.00442095161478936,-0.15933550112101763,-0.13835336035240506,-0.0022545579147577343,0.00027371625814706814,0.00302105853353083,0.008608690193518872,-0.02823601613827729,-6.051722730371833e-05,-0.0001349911231318019,-0.26453732187954065
5_5,-0.017829215860354374,0.00028534174354468263,-0.04791686336388285,-0.04593616472764223,-0.11727228335642123,-0.1657183445935436,-0.1652353446782038,-0.017917379414587053,-0.17324957701177926,-0.15573967378112358,-0.9414390914100105,-0.6383317132697741,0.001436113333487925,-0.0011797395455779632,0.018988074194892218,-0.01746157544424957,0.0006708757314775914,0.0023779970739055667,0.006990595270778855,-0.09453666002005777,-0.005256530505956885,-0.1215910707194952,-1.8475038899584622,-0.2099750132205027,-0.05562178247006253,-0.38239511928236497,-0.061753438456280965,-1.381650832158895,-0.24799495621465018,-0.04212015096058936,-0.0586307995265594,-0.0005741148356308534,0.0058233002931682145,-0.11290423903419658,-1.0458921411728475,0.003450421919235277,-0.15833843237458098,-0.09094532274335948,-0.002198470557631498,-0.0027999773262450413,0.0010313157883214703,0.007892231594166086,-0.027910687502745918,0.0003963076109492514,-6.609353141841141e-05,-0.26481247767658356
6_1,0.0003687858368758232,-0.0055745490054013,0.010680396961479838,-0.0014896237614322023,-0.037336335757552803,0.01331554804865065,0.014474762701831853,0.007994221437866858,-0.0007688070002438344,0.056198251444032545,0.11966198007534634,0.08074639416421459,-0.005138823166722705,-0.005344233252407201,-0.017788303137578454,-0.022699480549404894,-0.016734380681925638,-0.018609547296333556,0.012690988876943855,-0.02199253307980576,0.01599961999877582,-0.006959474876264498,0.07366983700913389,-0.0409655638326745,0.0009615077421626433,-0.009532901837908494,0.03440508700232822,0.052186488056954236,0.020367750711430137,-0.014593272460458183,-0.004490984405848667,-0.0004728101751011773,0.006269850706503881,0.031441953387126596,0.0487103462262445,0.00010238222145879882,0.02674273072989835,0.04734225524907304,0.0036085190045578646,0.010701087746887359,0.012766667530488279,-0.008451422979860063,0.010598697591970034,-0.001544997073608846,0.005445662270971272,0.011745184812505544
6_2,0.005081355861597858,0.003954463647512276,-0.005352800616488028,-0.010337333576286393,-0.013355273781593048,0.008452032549248206,0.015959441728131414,-0.0087446879599361,-0.0009635865244729188,0.03518670638422407,0.08464700000221868,0.04425231834180438,-0.011104813575332625,0.0011631904955551157,0.007345989253541059,0.03026798051618778,-0.012431068670604162,-0.017486447619342572,0.013303517669934168,0.013760608486061652,0.01929683209375485,-0.012264721305020702,0.05940373797154641,-0.05729721040168968,0.002656840741715822,-0.005492585295351367,-0.06553601815491553,0.0005617765209951813,0.017299533460430852,-0.009860612099360915,0.01438408683480101,0.0007024147280485748,0.008742946246494169,-0.014278792493489486,0.03333956452842388,0.005016035707311674,0.017162035550043246,0.04007128204913548,0.0052790249954034725,0.005029293409571628,-0.012300631876950137,0.005812875511622492,0.0017077053142756393,-0.01037854680877897,-0.018541005743417736,0.005838976030554849
6_3,-0.0029208437054286445,-0.004797832856690672,-0.0015355902917418447,0.0014034033813523957,-0.0364693580344818,0.0049904217078539275,-0.0048493027954299136,-0.01801345611781875,-0.0031184300552040724,0.040033102243680806,0.0738740072288948,0.045860145150693234,0.009543223049440112,-0.0033312016474556453,0.033903899590611505,0.0193579178484051,0.006262468629121518,0.008743185566837473,0.017966717793898673,0.006166902363033355,-0.010846364292674111,-0.00795466560426543,0.06603938884730234,-0.06416833591543328,0.0007181948898090734,0.015587197258112015,-0.018499038314486915,0.020334891356337214,-0.1219498958149004,-0.007544005430175823,-0.006023783181388453,-0.005541554847211758,0.008317004921430463,0.023286173796837423,0.05289758711530985,0.00014901737204002302,0.020315433104216418,0.036210926828757,-0.006145877266033509,-0.005162893263113314,0.004169587853825501,-0.01488567821663505,-0.01043200825118291,-0.0014057503888845596,0.0037486700171643233,0.006937907601859662
6_5,0.005257355492099337,0.0049884674309909095,0.03504321355534669,0.004116477082724422,-0.017512915759593024,0.0030637652146944493,0.014913582006049413,0.010246932834834932,0.010039465573233588,0.07195810496815566,0.10688286447162786,0.027794065409106346,-0.007922711313365452,0.0017892980490450006,0.01878697959968977,0.01893228137289415,-0.019910449077763702,-0.01676350681562856,0.005033820619275906,0.013616392093892466,0.0330686807432395,-0.020445943043445273,0.024324241911855043,0.015833294707920473,0.005510458567671694,0.2697308122425639,-0.06975556017971327,-0.055432774137610254,-0.10755689227186893,0.0030052362443789243,0.019440773026504835,0.053133650905726915,0.01722155710570171,0.03244468302154606,0.0020405733650004218,0.004820201079315806,0.0013645254089477787,0.04267354435762215,0.008109894017057653,0.0021790338021863446,-0.014280939687400247,0.006731223792960146,-0.005800795336873194,-0.007173310377971965,-0.010921202171326022,-0.011717808353176665
7_1,0.006662935405663371,-0.0007678040155379758,-0.004845686756487213,0.00016837325642140818,-0.03024892572845263,-0.007203227608213839,-0.02864188691435239,0.007111085927689826,-0.003887449393958976,0.01749843389671713,0.001034862499996103,0.03957878448888877,-0.0016027810073192365,-0.003888610378661927,-0.03595736268498542,-0.04172050711729129,-0.01018187208194488,-0.015395584349613361,-0.0004228908188388118,-0.06379593811501932,-0.013672749807374438,-0.004172385387527548,0.06637052699042201,-0.08561572672396749,-0.010224964812215692,-0.14865713855707877,-0.12600307764333898,0.03310518163391424,0.0333074741615895,-0.01144964282351402,-0.010359500473893543,0.006553464562509029,0.00559514996272273,0.036766793626687534,0.09273180321625923,-0.003522580743597837,0.024505374020958284,0.04784654884982984,-0.003508361778754285,-0.014727669757844527,-0.008760337515141325,0.005025654455429122,-0.011767347376260973,-0.0007742327086542478,-0.0005343052896693615,0.00816354159249581
7_2,0.011969808753186276,-0.008320424177426443,0.05492868559952393,0.0033745598038112585,-0.012840836993229294,0.012524831808521488,0.014839803262852861,0.06477997765881799,-0.03220631763770967,0.00755860335211419,0.019837969820778942,0.026420981609255666,-0.004966437316964739,-0.0006681992712994658,0.034450837196815444,0.03214221650077061,0.004386817290788415,0.012661298527101125,0.02640752850553777,0.017208784483587022,-0.017739553672050698,-0.004975815516872785,0.05748210922751636,-0.057384583826164855,0.0054669143546488795,-0.024854206442674276,-0.10271874246662653,0.006665278361425962,-0.11021283111122322,-0.0283678777732456,-0.0332040131766269,-0.007298271707884609,0.005369490850528039,-0.03200039629417573,0.060301279251461296,0.0006755455428230845,-0.007301623132516542,0.03473228277132209,0.004465412831477492,0.002312525468818312,0.0015019084888861544,-0.0019857805300631548,0.005176999492244447,0.0027578822625546973,0.025501547158701676,0.005747686726969437
7_3,0.007844236268998186,-0.006519497626344067,-0.005835409864991839,-0.013627915293619064,-0.028021956625581185,0.00730919439092748,0.015161739183410575,-0.007316675113990916,-0.014768375654988713,0.0018831030890996106,0.02261770931461864,0.017174759841830714,-0.006494105214285684,-0.006579319056084714,0.019041821085623564,0.021413314572496303,-0.012231760986089395,0.01365280324278181,0.012300027869057178,0.017079695740683708,-0.007372784947981423,-0.002324584409656112,0.05267995515493481,-0.05130379494888368,-0.0067699229163089595,-0.03915224936871204,-0.08632015356741242,0.017865265210053854,0.019327417720304624,-0.05213453017925173,-0.015491665190575618,-0.004573636241644598,0.00672383698479274,0.004417218445079082,0.03564095424053254,-0.014951925598602615,-0.01651453756401464,0.03663028640940641,0.0045219392732615635,-0.0012082688552757547,-0.02674221695213758,-0.008587088023527025,-0.002260567607619022,-0.013433556824941403,-0.01115587401601461,0.016790019791210475
7_5,0.02237567530709157,-0.00408948638923279,-0.005043941224084877,0.000553966623068972,-0.044252147369443974,-0.07476032503075432,-0.03338344826196839,0.0017710668910703008,-0.005639376913480687,0.010460096719112645,0.0017567588475213346,0.037351351454745045,-0.009232172341995989,-0.008170296852140995,0.004445709100063186,0.023506226124359198,-0.015755191193133396,-0.00568826619727096,-0.009935874472372076,0.008174827863960782,-0.011000981730059112,-0.006521551995964711,0.06785239176727842,-0.0831357435913627,-0.014860004379350346,-0.03863957597506794,-0.11120803787525013,0.046319863867487564,0.035554785944854145,0.0005139113100401748,-0.015074097253913721,-0.011322490217725887,0.006404968542229488,-0.04019882891705735,0.09526768126438415,0.0026201439455719074,0.025945495048823493,-0.0988499866283451,-0.0017492695814676177,-0.010079391814759728,-0.007779713875256278,-0.009823523144755228,-0.018315781787981603,0.00028573406166056267,-0.0007143451125407384,0.008712294853053682
8_1,0.02175530007440997,-0.005666571470589829,0.010739646939195486,0.0005594389988139177,0.013708691382212175,0.01974653387548967,0.02174130666542469,0.011150522319532953,0.04523207020947157,0.04272025894756139,0.12295371493390125,0.07620858102537213,0.009469273403637894,0.0012456754153525418,0.041075830882811915,0.02302212249899219,0.010784730818485085,0.015693186851909142,0.01561471858673795,0.00870551260484586,-0.0038129777803848296,-0.0018673906531734537,0.08551124688384325,-0.03422869788197492,0.014799947358422721,0.022478772784488416,0.023020005212527946,0.07022552785881978,0.02366713750135411,0.013494087993036698,0.026819595687167987,0.01046359135305371,0.0017912319408552404,-0.016531196601374355,0.05033854558537115,-0.010993684122938274,0.025525930978915947,0.048252917361573194,0.005506619573485739,0.003514355095373079,0.007501031341342735,0.011943783167182042,0.023078234615058164,0.004797937585303098,-0.0014768903775448784,0.011685491735843767
8_2,0.021033221980871097,-0.004175095992040267,0.011781047856890842,0.005878954913307612,0.0012362717239561385,0.020807731501856983,0.017252087987826438,0.008320355271738498,0.029720512850142513,0.04630014100622642,0.07509574404462975,0.06599414285994194,0.010293321164019596,0.0023271838601868046,0.03455167351522863,0.0281606311392996,0.010949575843410983,0.01989076852053551,0.015271513616413398,0.013338263635879226,0.01333586421420985,-0.005749467359212029,0.06477128612206853,-0.041663171978677485,0.0036616360818516637,0.007714471117280303,-0.002675048277455519,0.06106222439136678,0.016990788248774383,0.003983409754188866,0.021329251092162597,0.009484527259713242,0.007706612979038513,0.04317214344161923,0.0016140518717324128,-0.010090161581668446,-0.005613930258405047,0.04794514291617792,0.0019005005845111095,0.0030069396721908183,0.009156262592741896,0.01426210996922186,0.02196439963302595,0.005136915537654261,0.007138420207698449,0.02179567205233498
8_3,0.021673127811298078,-0.00029870349291497445,0.0031041077660373955,0.006082923851676877,0.005048673047934665,0.016134426671258393,0.019569721869259062,0.005459210098507842,0.03396594019237983,0.050076684903446356,0.08397451948893633,0.09364262902201871,0.010367564835433949,-0.000504526470215138,0.05014894675450613,0.026527610436875987,0.01428270285369073,0.01524408198522569,0.0201819612508437,0.020176626953232,0.011475360933221,-0.00932283726367418,0.08555430718490853,-0.0376017267991294,0.009124836122116722,0.008429432801428991,0.005402647815908604,0.05891352315504646,0.020874682321410258,0.01752108478876693,0.02586669470274511,0.01037561620743992,0.009850108530341444,0.04063060529462646,0.026908134740169603,-0.010271414083574095,0.005745401130994192,0.04246984697045456,0.011289772474644758,0.003142863106255749,0.000596632498108747,0.009501525956241246,0.008032933942755064,-0.001880322862004209,0.009427224682576856,0.012862051764617133
8_5,0.01933341109591621,-0.004008398054552558,0.014472751414203419,0.001453415439029495,-0.03601406940381105,0.011753053584479695,0.01755112771701682,0.005410128147294291,0.029119009210595473,0.045150801778109935,0.10752048867159231,0.0986292535303768,-0.0031672713017598902,-0.004468072644612757,-0.02243432484828695,-0.01586576653871833,-0.0010290056149194055,-0.012355365092650962,0.004031408367694198,0.0016885067577501736,0.027277101169438763,-0.00596975333432698,0.07577504255047011,-0.03538843027477972,-0.006997416490405282,0.010608506608220094,0.0304744497161366,0.06273733331245811,0.021033591959228454,0.015842599049010305,0.005177438165331447,0.00783886648156452,0.008780424459450908,0.03540413694485689,0.03508183097933065,-0.0015950309272906962,0.0073483840361767624,0.04197170102497729,-0.005825951825632059,-0.0010644685769982181,0.010619256403882038,-0.003172076833731186,-0.0023404406754536653,0.00041178490862066905,0.006118880413061903,0.008966751565582982
9_1,0.020265482944091837,0.00048459238628113723,0.010435533052455278,0.0018441646548395954,0.004844889754801554,0.014034084800004964,0.019521438700066764,0.003600754674758983,0.037822034679390985,0.03842296342445039,0.10515520009340083,0.06512558058406831,-0.002451719668497974,0.0035479187476554663,0.04738893667692802,0.03139214011398315,0.007105638738165517,0.01189921015540739,0.017404652033049108,0.009975078020917674,-0.016620538388426465,0.002274019442391597,0.08460027915239855,-0.0365274618426659,0.005697685251562862,0.009742699869501928,0.012041933626401439,0.07112106971440876,0.02931698356663474,0.007185514104383355,0.02328044790009731,0.012985097968199948,0.0009505244873617208,-0.018600177549897928,0.07846378498744026,0.0009928730536655668,0.03723017072469829,0.04587572358315591,0.0026549429917826642,0.0009184648257048411,0.009283677430558714,0.010083836350427818,0.012747872077741902,0.002671258600746273,0.0008168352166463569,0.02084024861142799
9_2,0.019994732187261378,-0.00659679623482125,0.01138581943833658,0.001137387118237741,0.013076044643313358,0.01958575958711864,0.01711892217311142,0.012469742247444845,0.042954583155358994,0.06231741285823227,0.12099443836885018,0.09780378674307398,-0.001396166645638525,-0.0009758990227363124,0.0032510470213769085,-0.005368239564503588,0.0021384507275294534,-0.003846502340609127,-0.0055759475260898335,0.0010040276850146886,0.0180386290806696,-0.0019696670078734493,0.09495264522892788,-0.03440482181114333,0.0033879038392757355,0.03286619297534483,0.044976261587335704,0.0735517216052299,0.024663556505740803,0.016608512566388834,0.017139699380945204,0.012996919251631883,0.010686954001637508,0.012081410422025195,0.07717014033294586,0.0022551094098331764,0.04253934959277565,0.04083740813737981,0.009897852862896243,0.005840499549736907,0.012932165846483759,0.009860369762828548,0.0070623640045782855,0.006055541711795072,0.017786565265528523,0.02063183459179179
9_3,0.017418932367764987,-0.004918823325610791,-0.0013832193712370448,0.001372440310654544,-0.0025832499004126044,0.014739806471933684,0.020140068869853776,0.002756168086783113,0.03033931134109186,0.045971031565150075,0.0839646673237234,0.07751725767258189,0.003991220328555944,0.003055639762537307,0.03913453397203446,0.02430274793328724,0.012942423403330738,0.028968953798174192,0.02257870760557048,0.019255592093672214,-0.005074922303065532,-0.005426363944393399,0.08859751138751329,-0.03543626699652079,0.007453784330582986,0.004459015798535766,0.007248214623165741,0.07172892376102322,0.04834866681707938,0.009811791146922495,0.0256977840668552,0.010830874452731063,0.008157870100090924,0.02758293940372769,0.05793525946579323,0.003596580596487782,0.0391796899933427,0.04920437169409007,-0.0013172242434342629,0.0014649655702254445,0.009486562822406926,0.010023839163475936,0.013444751499745765,0.0025657336444748716,0.005779130012668454,0.019603958257467427
9_5,0.019375723348516113,-0.004861390812907292,0.012132943516980568,0.0011210268868876432,-0.0027093939353878614,0.01472024114243859,0.019929175511293848,0.00298558396964385,0.007399669154005419,0.04195874150974476,0.08175340301248518,0.07204664371928862,0.0035229205460617402,0.004815732337247746,0.04926608783663322,0.02291595481653185,0.011489674429496628,0.029588497207003142,0.016377137656669503,0.018698964741139315,-0.01833430169483578,-0.005481152606529873,0.08712102919684163,-0.03173969897507654,0.01527911051382684,0.005000988309144373,0.0037864433958942597,0.07717483965186195,0.03141645511889892,0.011542586536338502,0.02472959948194892,0.014334228991942345,-0.009586289136713826,0.020381435661397947,0.055430602122339155,0.0034517327125338313,0.03598471277869628,0.048287422116183365,-0.0007277695789340924,0.001674154042177052,0.007868504906474793,0.00857303122850734,0.014059606332011846,0.0022418741724938756,0.0055946580469256315,0.006349788686060288
