,0,1,2,3,4,5,6,7,8,9,10,11,12,13,14,15,16,17,18,19,20,21,22,23,24,25,26,27,28,29,30,31,32,33,34,35,36,37,38,39,40,41,42,43,44,45
10_1,-0.0008234210749705833,-0.001248228817470856,-0.001344411080820673,-0.002951438572662916,-0.002995104720809002,-0.003732179793724807,-0.0003768190990553488,-0.0037832259038490163,-0.055893003667363494,0.5588896828925118,0.2155840255163424,0.3398086097866215,-0.0040788701054327615,-0.0011055300473155705,-0.02409040807191407,0.002477310666686898,-0.0019165844259322118,-6.293949308620905e-05,-0.008826210195031499,-0.011538546512659847,-0.004698124516112519,0.024348841335281923,0.09433443297729856,0.49550850653444384,-0.015445034207605355,0.04920688217640682,0.3627436020704799,0.11734017437371605,-0.017518664594470174,-0.01469379522070588,0.005349713497898896,-0.010288165584499078,0.005555457782297108,0.00671970843821033,0.010636142153995533,0.05847691364794422,0.055510602881744295,-0.002720280906659869,0.001040653620994947,-0.005481984029843904,-0.0006429012929156402,-0.0016848657414315132,-0.00024389137536265712,-0.0009298459647134746,-0.006073937689016695,-0.0044845546371853244
10_3,-0.00311953294266935,-0.000584069385822481,-0.00019552557409590574,-0.004948947700637515,0.0026199535657705133,-0.0012426386868982623,-0.0005321315038037022,-0.003460655496478521,0.18169731561646485,0.46727648590390575,0.2205144938580397,0.3195313641247792,-0.004699124013796687,0.010102770013918873,-0.022852214696626884,-0.0024128018218701115,-0.01176861949133025,-0.019863496258758932,0.0019549260279901393,-0.01599420198573184,-0.006717533973879302,0.015265314065350118,0.10329044607065478,0.4723764404337876,0.0074087019946966325,0.03541877342758885,0.2926754101009673,0.18918481372200646,-0.01747757473705118,-0.009103875730303199,-0.004042090810782605,0.019855477152944955,0.00669409094999232,0.0012501663351696028,-0.010498740121985315,-0.014437350964525114,-0.027695780253623306,-0.00599484360931947,-0.010051136677347508,-0.0072540453408431686,-0.0006742315998674521,-0.0011987306200972176,-6.906370497632554e-05,-0.00481118809242753,-0.0014244207225302399,-0.0007864930867302275
10_4,0.0032490241714380388,-0.0008124813671706616,-0.0009954417027637336,0.005812480032440106,-0.0007322285719762865,-0.0031868978506882067,-0.0030338757593219683,0.0016113336006040753,0.12856608479653617,0.5962588705908962,0.3034916993271243,0.33980863246273063,0.00449261685833428,0.0012250869330658254,0.02414855894802034,0.002378559712957468,0.0045772489645646485,0.0028640604451155016,0.006575620283515849,0.013449271742860508,-0.009154809847255078,0.010378022787885605,0.08250271168930122,0.5352529199698268,-0.0037554936277594524,0.07191041367519568,0.3919062466480098,0.11559843376877815,-0.017519123366787945,-0.021939727879852697,0.006506121283982174,0.009686442466432382,-0.013442211710975198,-0.0014906956179752523,-0.00721826436877697,0.04242286091644378,0.013479544390540336,0.010913977540853553,0.00638793685514048,0.005307655116320705,-0.0005558063090932371,0.00015913744555759058,-0.003716761929575665,0.001989218590621558,0.0009143048392987169,-0.009804568057067625
10_5,-0.005654009385893938,-0.0034483480893238395,0.0009725162470538976,0.0052757182179916755,-0.005327895385379917,-0.0018414005614595691,-0.0023202561657941602,0.0021931522290997325,0.15210471278594823,0.5572367264251658,0.3094944356469389,0.3366252997084451,-0.0031966247919242236,-0.0018274519911190218,0.012551865868448222,-0.0007481216957751372,-0.0009288325105429548,-0.0008365708240899747,0.004411867480707274,0.0066001661717363155,-0.0026609712378612748,-0.018305375109375122,0.08493481303860373,0.5174902861810474,0.01668283799063043,0.0949419685686655,0.36776708868877617,0.11579122968932565,-0.015380707933447296,-0.0016772573932308692,0.009532874554411574,-0.01723495589260428,-0.008380529193852277,-0.0032585962519631915,-0.004748880601754089,0.0486687359014506,-0.006746802677618596,-0.004810522343467466,-0.006515240801771029,-0.0035556172271010256,-0.00011867774740111089,-0.0011749892207933133,-0.0015212977138062622,0.0031675058121915715,0.0014429583190602169,-0.025966835658030315
11_1,0.004184693414002079,-0.0006277140964387384,-0.0023575778326999086,-0.0027873858797339735,-0.0007203536285516962,-0.0037985059071550726,-0.0007635729850589553,-0.004439853013377893,-0.1782825495531332,0.3671107852909375,0.18175053106555594,0.2641322920378582,0.0037283442628523065,0.0030865657146866643,0.017161064341656436,0.003227236796642863,0.004570472556922872,0.0020989239569027297,0.010173632066655815,0.007270940366995601,-0.006035047092576744,-0.03424344205724377,0.08649774498884669,0.4136489531748226,-0.01907824309944966,0.04354617997334412,0.2788016745273658,0.10632806680676099,-0.02062177326661757,-0.023394601658853792,-0.005023714483290912,-0.02830093501960136,-0.006274240446085786,-0.00019148040447812805,0.004197245653074024,-0.02754410243043746,-0.04049228185885838,-0.011058138480771487,-0.004127404128086306,-0.0072022583733980725,-0.0020261739886969026,-0.004862588135316737,-0.0019126962673188318,-0.0021141868117163245,-0.001424930936860672,-0.055746827498058156
11_3,0.004911257123261468,-0.0015916710122321775,-0.0029706055188923873,-0.003182730996597627,-0.00016983830699413962,-0.0026638543375591757,-0.00017099579309170511,-0.0029823570630051824,-0.16019687207346742,0.39943281466889524,0.15138498904325598,0.29761616497311577,-0.00415412837036146,-0.0007283976214795519,-0.022917279865059197,-0.0013044417301660478,-0.0009019975562042169,0.0015114207271273372,-0.010677637190332058,-0.01646355021144312,-0.004588085476675053,-0.023300184326199326,0.08068129434488194,0.42920522807963757,-0.01746099156302576,0.021677014430938855,0.3228335685549152,0.11208256061274151,-0.017550279698934728,-0.01977088057760434,-0.003177430073597014,-0.027509163922979873,0.004252068299001301,-0.0007169525933731094,0.00339765453841758,-0.02867199930585944,0.016719388476306878,-0.008529502156884443,-0.007488792864104326,-0.006107680977460337,-0.0008214549056900251,-0.003791842533740204,-0.0006281022301490316,-0.0034291395740204613,-0.002264728980346256,-0.014695547690206916
11_4,0.0007058629924618254,-0.0007459347098419289,-0.0005479440756815121,-0.00711253545800557,0.0036636135163459057,-0.0029237498252618886,-0.0001763535416549496,-0.0014980196017831922,-0.15259806659081998,0.3915048556299226,0.17727610258081813,0.2809711782981583,-0.004830305811375811,0.012831546133463703,-0.021926683397302416,-0.001941437409888572,-0.005956567351593188,-0.019759126191153803,-0.0049971254187620275,-0.015931034687616506,-0.00415531018215906,0.021910257228920264,0.09839295123207681,0.35386980219686004,0.01356948019035664,0.039395566019899964,0.2284477152530407,0.15532339791238742,0.009193299594214284,-0.007562242134238057,0.005539245436396206,-0.028601360197779844,0.0016035075485184497,0.001789714886336177,-0.002003524964008174,-0.004420889806085969,-0.030738080422685787,-0.007832974234320628,-0.006023644682907673,-0.0038503545138450722,-0.00028145748659602355,-0.000797564948672128,0.0031684842681951545,-0.0016255278088754621,-0.0016109085738691532,0.0010071741495898511
11_5,-0.0015608240306764227,-0.002091158115837791,-0.0025136480025275874,-0.010363003083957132,0.00032924988442139516,-0.0026837935220794533,-0.00023969170213882662,-0.003385395062499954,-0.16645724073811208,0.3676310470548309,0.17922734124074607,0.25854436161097455,-0.005798231829818068,-0.002518700400932107,-0.019201431485562782,0.001558711663653225,0.0036016209401832206,0.00012719044542694956,0.0018694562533890105,-0.007691886934848292,-0.004945659960152576,-0.02527462732901059,0.09768061099521425,0.3328952130827962,-0.01959547735577313,0.019940961360488094,0.1950332270931761,0.1798425607172652,-0.020360517191659763,-0.004770208410001123,-0.0036568195940151174,-0.030263276706486757,-0.002486848635836861,0.002628779973669134,0.01064963029490941,-0.017774170748488523,-0.047133615156970836,-0.00890065369982754,-0.0014840404616091566,-0.005783324505604422,0.00020926934179999048,-0.002124823826894677,-0.0006524889830269753,-0.0024946416732433653,-0.0030730366710032117,-0.05415654643267599
12_1,0.009089214803157667,0.00257488445233477,0.00042755600761444634,0.0025897725787469,-0.0005968552465286983,-0.005192415552749839,-0.002784846833298759,-0.0014324404698251706,0.17731822241504827,0.665981794396752,0.3975340333937883,0.4071823367927583,-0.005462062645795579,-0.0007980968786889744,-0.02106929927296415,-0.00025054200657959096,-0.010756680017953392,-0.01888041139663625,-0.005353969183633457,-0.0191233062397745,-0.008556790329629905,0.03610403701201802,0.10766057975338376,0.659118045278861,0.018964801023322764,0.1328790213079232,0.48272694869616345,0.19574993648564154,-0.01653761624879405,0.015873518952927844,-0.012333903811553968,0.02904265396893817,0.01720599435611169,-0.004666922309422002,0.01648513151059186,0.0630475275042812,0.05363441298442881,0.012297801008280299,-0.003940071021602423,0.0046218075633965745,-0.0021713311489539866,-0.00047709862118561,-0.0028806435347868854,0.0012285531224914578,0.0016683602121225583,0.012504871236783373
12_3,0.006772279460270742,0.0004359659358469752,-0.000533966704926824,0.003957437588151251,-0.00022282298812971175,0.007766907910573084,0.004636398974479802,0.007987260197704136,0.19207783424989075,0.696528657008724,0.40161013038161925,0.38804958944916884,0.0048025984366839684,0.001641777601838852,0.01585256005438945,0.0019007263405641513,0.005073921463568763,0.0011847632311628603,0.005072844072412895,0.008888605889906621,-0.0009558880431556448,0.03671346837126767,0.1023813472194175,0.6176507026763569,0.021317387681863,0.12334979781328015,0.4714541135865013,0.19085621005215775,-0.013271147958458294,0.01467487060832536,-0.013295200199953583,0.03495596898936791,0.01815796029730585,-0.003754726619914134,0.008593465400335698,0.052688547016997586,0.06055427487215693,0.013236101707107968,0.014965540558097777,0.005101214015052772,-0.002337640375026945,0.0008596926732498129,0.002420654590707021,0.0018506283032746927,0.0008300161214841734,0.01699874425987206
12_4,0.0056873291843115995,0.0002897193548176511,-0.0012111182104192482,0.002818273054474126,-0.00146771333488656,0.0031016410919193103,0.0038475023518081135,0.00737689725522859,0.18893314341876738,0.6838792191153749,0.397054028341163,0.3923129062957922,0.0036662028156364975,0.0013009520353084042,0.024228241012868353,0.0019867150607372625,0.0029389906510770064,0.0025430413932157094,0.00490600916177097,0.00906128374862667,-0.0020534629124463358,0.03487138826180127,0.10577534924767383,0.62828085305014,0.01965204546730995,0.12259272501248275,0.46658423286247774,0.1930890519080814,-0.018459656342783366,0.01639635022577579,-0.01629306293728666,0.021105297667580628,0.0050413901407393505,-0.003257319107996762,0.015497356479312828,0.06058268839507487,0.05763689834545828,0.01189555402333963,0.01056707600040573,0.004179334364920572,-0.0034213985778725315,3.763629162620523e-05,0.0013930570083244573,0.001753038935230288,0.0007429745768966054,0.01242765206464914
12_5,0.008619701658820348,0.003226291213404762,0.0004656192548536336,0.006482211554768925,0.0026955143626522246,-0.0031815323305822182,-0.0028840629109915888,0.0028168491543080335,0.20263320888232927,0.6730778916198614,0.3981816473259324,0.38731528056211745,0.005232242960676987,0.0016260533357461283,0.019561308915591092,0.004830206566348722,0.005701127597009707,0.0028739016818758517,0.008595064340526254,0.016841610009588653,-0.0012679980223555022,0.036462271281695054,0.10982193773010705,0.6381339851442508,0.015335448100883498,0.12266072275768651,0.4675396257232592,0.19781511667498286,-0.018784631714961822,0.018700882524138533,-0.0039242751279157054,0.03301320443079751,0.023512897338971637,0.00040075319621579405,0.01906388484367349,0.06606904315150479,0.062457686608916346,0.021314040109102022,0.006381388209002314,0.004944262003042933,0.006991382456102556,-0.0008283765944662334,-0.003085061090628497,0.0007672220939837751,0.0014723191817190612,0.01518917382944234
13_1,-0.0017125178171373918,0.0028792020363594085,0.00094791360021257,0.009271390527640639,-0.0016814775093152887,-0.0011683901508574312,-0.00026956081898265525,0.0007852159580181675,0.02312796291628085,0.30893529224140315,0.010982613763426954,0.14179578998928385,0.002333592327236362,0.002859471601834167,0.07017072782346481,0.009275668599814537,0.011433571511473168,0.007286425350124489,0.015060156539345554,0.04122295365591235,0.023999914682226155,0.019854359936513816,0.08055780822692234,-0.07745730304074414,0.0017132026276159356,0.03044356089877541,-0.06626527409120823,0.09837494480359746,-0.010322013433554537,0.000718280174497957,-0.017220980916880076,0.002520421973581747,0.0030263105822075516,0.009070217668045813,0.01484404883489741,0.022823508125932004,0.0019736429193017695,-0.007845886894527782,0.0013214634592133721,0.0023606102086233334,0.00019809451024840427,0.0006632329847167854,0.0008110821094781884,0.002448203674394617,0.0011400957040649117,0.18566041634387703
13_3,-0.0038021150558116682,0.0021702890760735955,-0.0014011594095997058,0.007322100317127779,-0.0004771928953676671,-0.0009921292547404922,-0.00037939143848086243,0.0023724162487380176,0.02313169219713335,0.24993811445590544,-0.0013601851209727159,0.1327181252042205,-0.0026156057360930737,-0.00010615630823609598,0.07562353668403816,0.009453947940419873,-0.0013524684577005748,0.0029125941868000296,0.0149431172398544,0.03449482571415019,0.007818664509351597,0.015621578787085555,-0.9410117454873475,-0.06267806927461336,-0.0038973196324166544,0.017085658352181766,-0.06196251973513854,-0.07865308008497303,-0.006852596719515585,-0.007769698587650968,-0.016140901422396475,0.0197815763598332,0.0027995720136050066,0.013013988439365671,0.0020345104413528716,0.024537598927039748,-0.042183742563702775,-0.007700604264204123,-0.002221549785797868,8.091651959049842e-05,-0.0004778062987837402,0.0004388229941203585,0.002711567979465485,0.0010895796910924467,4.3701241260324185e-05,0.182985431532292
13_4,0.0006571619177316522,0.0013517059068326978,0.000837747331940271,0.009733184345388815,-0.004986872992442924,0.0015152487606347545,0.00035854748080162125,-2.400802062063769e-06,0.025197971638054636,0.31031078894706465,0.010268477155985166,0.1407378070092621,-0.00013033120633891264,0.0029107160339772314,0.051932008361325825,0.009502477875774287,0.009485667207358248,0.010637187722231923,0.014512148270961742,0.04134864448171173,0.022278960215888308,0.016926471564887694,0.07980843065257644,-0.07743663656919264,0.0016119177170048073,0.03098039447771025,-0.07175447587688621,0.09318956462761034,-0.017067846398995244,0.0015388673482510022,-0.01874307841900076,0.0012085168075894803,0.002229810088662912,0.00969932135786386,0.030612697089574144,0.029239292917781375,0.019345156613248902,-0.011784572205810164,0.0040492835235575765,0.0015414716562186953,-0.00047412606006550477,-0.00011330124201597308,-0.00046322518532102805,0.0024612326816821494,0.0008489685768164374,0.18519060607379098
13_5,-0.003665030744995573,0.002967225885484033,7.184657608685592e-05,0.007034697623713199,-0.004978813597354418,-0.00033571186131445843,-0.0007858758205182753,0.0013683689170175455,0.027096080496032328,0.325408091806456,0.013542265585387483,0.13055737596907907,-0.0001650391191784761,-0.0030048100854173873,0.09354465297476819,0.008248695946367717,0.006281197702610085,0.00911038759183232,0.014671833716920489,0.047247456107202046,0.019723063899456224,0.017008284141605177,0.08871358581656286,-0.07374690955220241,0.0004509862388730046,0.032851721670728126,-0.061627983343821476,0.1787931648389178,-0.013932475401562653,0.002997172221223894,-0.025280784765150516,-0.02318863480929825,-0.015209528684532892,0.007991757418952007,0.03532564123136872,0.02868084146664377,0.021429415510144205,-0.007172475344007951,0.0014321550797572816,0.001563703167441377,0.00020473316653256743,-1.2263826453211145e-05,0.0042832333441458915,0.0019594892029233934,0.0022225140521991106,0.15075249094661977
14_1,-0.002398186698127581,0.003125264244110429,0.0008118839056163498,0.00831641590561949,-0.014115239688932388,-0.0017498611052158938,0.0006151234796732822,0.001335831409812515,-0.008083339510133949,-0.6054673694583645,-0.03318494730018173,0.09423814004839966,0.00117862947107648,0.004852662091815274,-0.06213644285765349,-0.001834012788204197,0.0037558068949026207,0.004059413328928327,-0.012674908973049756,-0.04305365427778885,-0.004787591814702597,-0.003983288452888555,0.06377515209657048,-0.1315657557961415,-0.0040642299288245354,0.002548705269773924,-0.09608118718851061,0.060835822500573775,-0.07257720040049828,-0.03818729973281143,-0.07585708990415616,-0.0018317213357261857,-0.017670510892789128,-0.012953186277499688,0.021807095401073222,0.011965352239931452,-0.00342635808068438,-0.027061751099329,-0.008006683737121349,0.0009120197928151107,0.0035194921960308755,-0.0005420144337039414,0.00045207489643160604,0.002555939553444855,0.0011683690518006797,-0.03321269860414882
14_3,-0.00903275580162428,0.0019532736190145047,-0.0017858942281605197,0.0034624723530408664,-0.015412075655954755,0.001036800056783884,0.0001352355561363261,0.0018501672333966544,-0.01766966898441451,-0.6938488479366139,-0.1899884819305238,0.030875560402362025,-0.0008909248675933665,-0.004864653787219923,-0.08255518739686207,-0.002693189110323562,-0.008015659629746921,-0.0420410571255075,-0.011267691963710625,-0.04015442093612209,-8.4412797499643e-05,-0.019100335565439518,0.06956680516492261,-0.13732398098470225,2.777922385960513e-05,-0.04983879011043382,-0.09976980666065416,0.1395432423268103,-0.08508543804381731,-0.002179603814541701,-0.08723255405010163,-0.07868707962384439,-0.07648550662232972,0.004271125543132946,0.009939855004847615,0.01888460148138401,-0.01890594246195937,-0.025255646556983737,-0.005840688200793701,0.0011911569767383387,-0.002129375465317985,0.000417898883696965,0.0005927148463878577,0.0027389094309454025,0.002435782961115839,-0.014197209133208419
14_4,-0.010629414303083985,0.001878252705398114,0.0010299386727963102,-0.010881432464982613,-0.017516384242361314,-0.0006756225473665768,0.0009791717769316486,0.0017251646811958998,-0.033520985812439515,-0.6671482291616524,-0.19284762095232247,0.03063788122688893,-0.0018466734994746084,-0.01593545305875315,-0.07591427324555763,-0.004623403044676876,-0.008288974386922832,-0.046322118361122926,-0.01199302468347238,-0.04538010064090567,-0.004141878748404167,-0.017615305775238264,0.09271571183300774,-0.13644091563356042,-0.005790742379314332,-0.0535024821731828,-0.10855139727199634,0.1394069525388927,-0.09422054835622538,-0.0010600626699286957,-0.08730739731918588,-0.07116010850196597,-0.082787542641314,-0.004033270027800612,0.0019920691729615005,0.0253114768877755,0.0035844351404630916,-0.02922348628937778,-0.007023953978261052,-0.00010774257138212019,-0.011266934941112201,-1.6281136015597408e-05,3.569718701224214e-05,-0.0010936970589980526,-0.0007109214159154746,-0.02477906137040809
14_5,-0.004098986134345822,-0.00028317937729649455,0.0006128897555525904,-0.01689942294891516,-0.01690614856847908,-0.001714040697539685,-0.0015149028917979697,0.00024573546882413687,-0.027071595239623124,-0.6562868700523665,-0.1892205124579028,0.05716468639551422,-0.00261032729343205,-0.005139146947612988,-0.08506529691723365,-0.004489313040863919,-0.009240048664093172,-0.05542623201835327,-0.01671143771229492,-0.04543286409208218,-0.007118121068316116,-0.018506532570137155,0.06493438891395502,-0.14129257407297083,-0.0061043449881800485,0.005060507048162519,-0.11642712554681253,0.0888846048413292,-0.09041654981026259,-0.02390477746356774,-0.08701114232336614,-0.05495982529368817,-0.0757935230031516,0.0007222046183646062,-0.0019855629083485723,0.02387023973756124,-0.010369314998953227,-0.03037850245660322,-0.007365689005278938,-4.113452996083603e-06,-0.01331208163377851,0.00016716041109366548,-0.00309087903111017,-0.0025256427980525995,-0.0024395832238441593,-0.02675246021168976
15_1,-0.0034893757434758662,0.001125275263166524,0.00037474203008150853,0.009680851427481336,-0.003084672733242218,0.0009995048290755537,0.0007481038689922222,-9.800826933954723e-05,0.02508973281616845,0.26833688939894057,-0.0006770873824373573,0.09034466834154938,-0.0024264852418073076,0.0010434011783318556,0.06702297710931816,0.00789341758795787,0.0008296161749314088,0.007992686688003379,0.02071250061704476,0.034034266970159495,-0.015793637144040095,-0.0020688409149879107,0.08661265425989181,-0.08920010252077791,0.009938512697073978,0.028161181086100672,-0.07600356318299424,0.19794522067686637,-0.019668473790498072,-0.014801838350244166,-0.017348192886970887,0.01827760549772337,0.014670466133251667,-0.002013243343193705,0.03174168093937667,0.02720699069626626,0.034647016208131876,-0.006576858976018888,0.006898964335346832,0.0001306605853772434,-0.0005243952814551912,-0.001151046851317823,-0.0017925282884877416,0.0011737825315419512,7.693808544458584e-05,-0.03172734545004137
15_3,-0.0030801097739765223,0.0015071532730731464,-0.00037109485058370154,0.007786147994905618,-0.0030751813457327204,0.0009044241637963118,0.0006401008153399276,-0.0003974546145224301,0.02961188348816173,0.24207202794022678,-0.009823383912129979,0.11895526327963293,0.0003111463985416101,0.003908294941456113,0.07627809307870703,-0.009300612758106891,0.005667863535187997,0.012753463426804654,-0.009033038096540817,0.03352992881285753,0.019189847458857674,-0.005294812613691377,0.08277345407379172,-0.08353535590360707,-0.004308492288542074,0.0264495365888713,-0.07205823690454242,0.18733708281428363,0.01552536789947285,-0.004121813401518463,-0.02025749579383698,0.009047145197335238,-0.009366891468943631,0.0024285839650362087,0.02891566940585972,0.024904708359975578,0.02693318794839552,-0.008441118140370713,0.00577369975868221,0.0005837426497233233,-0.0005261074555002774,0.004662282914372634,-0.0011346435894337532,0.0011025414153271744,-9.420160187335208e-05,-0.035567821858806005
15_4,-0.0030450997958826193,0.0014034245703234403,-0.00016421902029499185,0.008988350425272722,-0.004104227058100377,0.00045324305366030177,0.00014059222171615174,0.0003953101774467082,0.03421084743281442,0.23233925067587516,-0.006112212425065285,0.080430496093344,-0.002941580125516807,0.0011164930795472213,0.08882534077403915,0.008028648744643133,0.0023426459129206436,0.008291517011298735,0.023060649645694462,0.038696973779741704,-0.0036371874142551667,-0.006913833687625924,0.08663293761197534,-0.08659312453652618,0.012384896980862342,0.0293401688251982,-0.07224140910116825,0.19885507980661934,0.010488211298819513,-0.0145032505577136,-0.015764931012305472,0.016461568418740455,-0.006579077218116227,-0.0016543774291490482,0.014961012415198888,0.018080960820284306,0.044002856087255814,-0.008902180631706457,0.00028278188859626316,0.00047534209624121526,-0.00037620448284285353,-0.0005925107628772303,-0.0007612933841055127,0.0007857813283219513,-0.000764976845614153,-0.036355926009664155
15_5,-0.0040998932121903125,0.0025886069735252264,-0.002259465840599912,0.01004415960819247,-0.005329697095762311,-0.0002363697483092408,-0.0008670322226209079,-0.00022644927222913345,0.05174360393772455,0.22099463705704317,-0.008203643937861788,0.10826331832143038,0.0015143456228873837,0.002241458697879788,0.0701994355771397,-0.0001370978147480269,0.003961038439906925,0.002648117266019201,-0.014373013729424242,0.032339553759231525,0.016962021782558952,-0.00754035242459014,0.08626697323253972,-0.08492866248196929,0.0037161818222351175,0.023539413827760022,-0.06942925329993158,0.1907771381318339,0.014504112015006237,-0.0014679526768541134,-0.01669314325122258,0.009699904998740749,-0.008907741155025968,-0.0053573378248927585,0.029011443086443947,0.026292223054036553,0.031525861446115556,-0.007077631539556116,-0.0007355286249866984,0.001706283090672669,-0.0004824327856595305,-0.0007955952066013053,0.0018477980653773573,0.0007796930049492476,0.00011832243539752264,-0.03893056115084032
16_1,0.005424456690605389,-0.002255836676626639,-0.0006494649269190801,-0.01303885209750088,0.0023295470314481184,-0.0022522516847114553,0.0015348308444541462,-0.0007359951127904557,-0.03310104368571327,0.08373198603961848,-0.034490010396978216,0.09863236792630715,0.001094547423822022,0.0005697670992070418,-0.0497377070220774,-0.001286508928468379,0.0041527867711696805,0.007673113607371521,-0.008784439165456336,-0.03486294342005203,0.006458231201096655,0.0029519674712408365,0.09439623289062112,-0.08496613309808582,-0.0027445606834351124,-0.026152327142201802,-0.0677209654271127,0.17987512502083242,0.0021846888770240317,0.008171649233243025,0.006308394565711178,-0.015711389616515855,0.012721805804482178,0.0017368136740889544,-0.011527966338661488,0.017084296452701618,0.036915106941687766,0.006272702814370735,0.0003162648821398678,-0.0021660506831381607,-0.0030672512420148244,0.0029909112138511505,0.0038238297399238712,0.0008856011281947509,-0.0002884158446249546,-0.017818305028684714
16_3,0.005330846246784948,-0.0021991958655062475,-0.0006415375284161044,-0.013228675011229424,0.004083777970058684,-0.002154549296271085,0.0017992111108971669,-0.0006447164519768173,-0.03456031055300897,0.08535709058722117,-0.03357979853279461,0.0972415832252213,0.00047091058016696585,0.0008691178310646919,-0.05138399175383652,-0.0022364979443454448,0.003975217502571059,0.007733387834626544,-0.009032453168909388,-0.036333909720295786,0.004447050664038585,0.003932660905561176,0.0940361780366731,-0.08513922516683588,-0.0018043009245173622,-0.027421368127618695,-0.06949862240245963,0.1777259034193287,0.0008741024340205904,0.007572778335934459,0.005159058984650873,-0.01674511544506139,0.012062167349023739,0.0018234791537508498,-0.012090153393796915,0.017592342261687145,0.033833460367075775,0.0064382486233148465,-0.00047346385115273036,-0.003094883447120017,-0.003006671267507937,0.001646823355532919,0.0028867829495325785,9.28544280647635e-05,-0.0003390978506399539,-0.020310859642720204
16_4,0.005042277251684564,-0.002343034525287637,-0.0006549385522139973,-0.014354871185626181,0.004218913424930815,-0.0022195954738921334,-0.00047515492627083194,-0.00038043394295511564,-0.032692343162032914,0.0825242898247283,-0.0340562813334648,0.09849921775994289,0.002471548939075576,0.002737619278733139,-0.0494395660417595,-0.0011802475613191645,0.0033863483997096794,0.00554834644853191,-0.00864138471205402,-0.035333598894522984,0.006460688545819639,0.003873354254241739,0.09493191943824085,-0.08393053462124835,-0.0038293997552194797,-0.02516145877568695,-0.06919999666066769,0.1775893160542637,0.0023888839658621945,0.008001936719268389,0.006432298799641862,-0.014735690344223904,0.010904631767857758,0.0015017887037065542,-0.013945289665016713,0.017302834009458916,0.03557629318124993,0.0056417841862417975,0.0003541030633553415,-0.0021657015511797792,-0.0029737029528013183,0.002856780484200618,0.00399458054155659,-0.0012503179171108791,-7.522554814692362e-05,-0.01773656051424856
16_5,0.0052346148674242525,-0.002364581124830496,-0.0008729855248393594,-0.015284845519218203,0.0037494591909132107,-0.002126649716001255,0.0013292491183358418,-0.0005011832354849346,-0.033086960303424465,0.08589281202280383,-0.03420090961771384,0.09915888365217769,0.0005808570771991188,-0.001535890922569793,-0.048030039461462025,-0.0012825444635780944,0.0014715824519543953,0.003309884941774059,-0.008638237877276972,-0.03485269110860287,0.006744869699462102,0.005425858430837147,0.0946571835453345,-0.08326775492569868,-0.005873211474296349,-0.02479500385649831,-0.06951031738119319,0.1816275108659859,0.002044775825727642,0.008077135358826825,0.006126763163665422,-0.019469814736328566,0.011326232752778215,0.0017136942827262929,-0.010777524005886293,0.01636106117045036,0.036340008379559245,0.006342616315139029,0.0001473213937347394,-0.0024038966135405716,-0.0029994775833279224,0.0033250889854169146,0.0028729168426648004,0.0008444364636308166,-0.0001737113663871151,-0.018087111536245686
17_1,-0.011195111088939294,7.206380103291722e-05,-0.0004926510674087642,-0.011180111261599296,-0.008137689970221415,-0.00020873374459182004,-0.00011243039980099405,0.0004403529708664003,-0.020867142050878057,-0.4495210749796878,-0.13826123650458466,0.08481912781854072,-0.0015008938746231258,-0.0015176031212240804,-0.0588847327720437,-0.002643792220058202,0.0002832009983347997,0.00358521827277088,-0.009799974041495527,-0.03833066765914973,-0.004659026266241596,-0.05085446381693415,0.04313932823839494,-0.11376425620351424,-0.011748430732526386,-0.0356694271801516,-0.08382742235850908,0.13903130475551842,0.03555890813436685,-0.027747169828326042,0.022923189225371513,0.011218444978966235,0.01872893945648469,0.0016274327649896782,0.017506389237859077,0.00635302677691216,0.012339938364941658,-0.0024013156547056176,-0.0006052340485755859,0.00044029818299686895,-0.0042300180143312865,-0.0014257397158141671,-0.0019364731951957712,0.00011861410821878117,-0.0022953943758451402,-0.03380962605459226
17_3,-0.01611141442203512,0.0003905897453640206,-0.0008520421306176188,0.0024719377665105204,-0.023396149284238294,0.001160989632104566,0.0005572643055478145,-0.00036394394511087854,-0.015384820074755556,-0.4292099651213379,-0.1373697385447947,0.05055706167859906,-0.002639654418274547,-0.0007943827883566443,-0.06009760244972654,-0.006589234053985618,0.0011343939382883013,0.0025954446487797475,-0.01239140864666565,-0.03831244503733036,0.003949333064840045,-0.03924027682649748,0.0383094224113673,-0.11536296027681642,0.005732233616947449,-0.03859958786379205,-0.08561550591202921,0.13793345223827305,0.03517363310550639,-0.03866523783554554,0.02278111294670092,0.009568183448963782,0.019083059226558657,-0.00042696921956164564,-0.003408865670204077,0.018130738879176322,0.0379955361719079,-0.03517652658388212,-0.0073789954867555015,0.0007046704427190933,-0.0012500405263025699,-0.0009718328817530508,-0.0013729553634840982,0.0013804998375595932,0.0007466465797312082,-0.03719345449956083
17_4,-0.010614705570686948,-0.002650657330860312,-0.0002741287320077411,-0.012754114144744876,0.003942231395078833,-0.0029787113120874477,-0.001283691335752039,-0.0007745754153192756,-0.028063568662313985,-0.3532491976532771,-0.12715000569759677,0.0810158710441127,-0.0017105068515090045,-0.0016448592547142883,-0.06309192597444929,-0.005683856277766274,0.0013966487874326821,0.002829185485168915,-0.015978263419361323,-0.040315611535390206,-0.00625229847592891,-0.049313946556417125,0.04372170253613124,-0.11072518848081218,-0.01012747222209625,-0.01921838177852264,-0.08368963233811444,0.13848155946731416,0.028190567360206167,-0.005525219143893837,0.017710185042076824,0.008322017316039772,0.01884642543385264,0.000308180355111848,0.010097649336250902,0.014872382010241091,0.0265380759985615,-0.0024504226205448185,-0.000299558087760799,-0.0009876774926982409,-0.0036998455781602066,-0.002359196732477154,-0.0030091710965376916,-0.00044109946315071616,-0.003660014581467507,-0.03808717053068485
17_5,-0.01932731363631933,0.0003942096030908115,0.00011119627466655308,0.0016003163738895988,-0.01525407235087681,-0.0003350056716369872,-0.0003829042512051222,0.00033606780407113233,-0.013307283650516468,-0.4192765897982741,-0.13119657779124289,0.046715090160175075,-0.0005252971432220008,0.0009739607769347454,-0.06952219736159673,-0.0038521194107837137,0.0012830000500329878,0.0053728748832005645,-0.007195599544470739,-0.04146969459347211,0.00475152147168447,-0.004995845013260258,0.04486910368858604,-0.10489136665360489,-0.016591796522362222,-0.03824520653748293,-0.08931404236183113,0.15776524865662847,0.03747549694750108,0.0055673084738016255,0.026172537070924765,0.014147854505958445,0.021414306523218185,0.0015629859882017817,-0.004466123741431906,0.016983610006159063,0.038371008960116776,-0.03698244048349336,-0.009417333130029298,0.0012128962293787876,0.00025760670706072026,-0.000420007202945865,-0.0007497098802871623,0.00042070821237219383,0.0018265539452722197,-0.022615267598303266
18_1,-0.006817556499360452,0.0022006825231557997,6.896147666731047e-05,-0.0210266516898641,-0.0006860228783276842,0.0001387392409856945,-0.0008804573467722317,8.668196307988745e-05,-0.04260140181776801,0.1214045259558287,-0.019188655604480503,0.07542145658536696,-0.0028758329331916373,-0.006596800159207917,0.050229815414107995,0.007162385902013961,-7.037736574320647e-05,0.004414744981295659,0.01768225723800959,-0.013256749865742363,-0.0015870088609265909,-0.018198507353694677,0.08358875407550452,-0.07996750221823702,0.002094841191536042,-0.024153142951016636,-0.06522511889270671,0.18388507083751773,0.001221030936597186,-0.01584547159094712,0.003776972335400815,-0.031377801227396085,-0.010764490718917098,-0.0026742922171887388,0.014949899011304535,0.0071682628385367235,0.04178097971116129,-0.0012795565516142964,-0.0008861906801652869,-3.34914291165466e-05,-0.0030530411788620483,-0.0049758617610778525,-0.002153098556564589,0.0007218185031098607,5.163596009136557e-05,-0.05474896600078546
18_3,-0.005164757404467148,-0.00017902256484033578,0.00022351787055122083,0.004891100502717983,-0.007309829275075845,0.0018561952613990536,1.537307094442384e-05,1.1615506819907687e-05,-0.05150870699340786,0.11101865242320381,-0.028941660919863905,0.06587637317470554,0.0020809312254335397,0.0021487373989519747,0.04392617381899995,0.004949458620664776,0.0030629904364743226,0.00523439818104248,0.012458741169994528,0.027306810205012376,-0.0014979056088049647,-0.01887170333705737,0.08091240492000011,-0.09556078120532921,-0.01304488878319853,0.0005701403034930917,-0.07213240139629577,0.17148838834739039,-0.0023116756909294114,-0.042260775518758745,0.001481773361379644,-0.031033777822757447,-0.019672884953818418,-0.009498629241973297,-0.023875460417346884,0.012229941826594084,0.036851464548242036,-0.008390240593348815,-0.0029570428262633555,-0.0015451667623596018,-0.001156269536050556,-0.0012091901355990808,-0.0025263740642245333,0.0007297067808184086,0.0005827509656487494,-0.059952114080696846
18_4,0.0013728510443520344,-0.004792369814748973,0.00027285610673046586,-0.0220720466809468,0.0003587791666786397,-0.0024407130335337276,-0.000865743734937778,-0.0006884857580818462,-0.03844847846500614,0.10735563840180627,-0.025636588302678894,0.07889921092105079,-0.0032617093021532094,-0.0005106664796076094,-0.05008340202763798,0.006845784059409811,0.0012732552739648973,0.002368738090596084,-0.013153131918160466,-0.03327108379081232,-0.008905047320567213,-0.023638421783553798,0.0778739597762016,-0.09407243803549849,-0.007689915725668751,0.003035882308895256,-0.0696978668529495,0.1775927458246852,0.00684378022189557,-0.00757553428073185,0.0005150662002677095,-0.033386763934810416,-0.001310354854572356,-0.0014567242619250495,-0.008808687814382215,0.0007516100819494412,0.03626318336414746,0.0043567848333028476,-0.003493574771422865,-0.0024232194119367693,-0.0033287181776837384,-0.0027425680982300746,-0.003208625681347825,0.0004909033237810134,-0.002126520299265654,-0.05589273233549612
18_5,-0.005029837405864788,0.0018069838904392391,7.764899173091371e-05,-0.006981307197898124,0.0003133196721740336,-0.0008725889531076082,-0.0008092041781363505,-0.00030349309151199796,-0.04301370390309914,0.0830109904529079,-0.0346692213223376,0.09172480989870131,0.002271867790450107,0.00406118990460181,-0.06443723497442376,-0.000775494873804701,0.00471609850510986,0.0063617153694292715,-0.008658242362425189,-0.04883394116946888,0.002357272237380491,-0.016341973354076174,0.090746143324497,-0.09321538189431808,-0.0022873136316578528,-0.0293639482377018,-0.07370393462118807,0.17196531619077318,-0.0015899748669734996,0.00567406456938592,0.004079230500695821,-0.023226140950165817,0.009073228883384066,0.0006595101392727477,-0.017396855754761808,0.02444261988791978,0.03246358295408073,-0.011840574115630303,-0.0016315913452207528,-0.00012630650984445725,0.0008169624877039428,-0.0018129649724276343,-0.0017788997070478005,-0.0008659729295766714,0.000881021138059416,-0.0435261824671194
19_1,0.006588540709774349,0.0005416064761736052,0.00028247595582419163,5.277367167346269e-05,0.005910913378976515,0.00024473412531129924,-0.0005675960317571976,0.0005591746666285617,0.0029561293467744994,-0.3120270483180492,-0.12159787187974473,0.04944322255766508,-0.0033035530055965457,-0.000479972120392385,-0.049970833945686174,-0.0015765285936401568,0.0012681705676688827,0.0045729149195158515,-0.013199931221502443,-0.038131069873436715,-0.003197471808298322,-0.007802642805064193,0.10519847177452865,-0.09788362746897634,0.0075323676278802295,-0.02992713516332784,-0.08579762539392052,0.17195441672510878,0.038012772374346256,0.005607904583146855,0.025781511247689706,0.01688589035253568,0.027573177128419238,-0.0018543269498842462,0.001669808099489731,0.022565056621409108,0.029488340637806677,0.011772238961850805,0.002133926959452556,0.0003690911937458874,-9.990782502038739e-05,-0.0017920827656345746,-0.002468595323224641,-0.0007035645763478279,0.0021669557355646183,-0.02731140972074174
19_3,0.0006614010293362876,-0.0004318187221539983,-0.0003250727979363131,0.0028872644677375024,0.004556688041148537,0.000492472853177408,-0.0003975876129274462,0.0006536062975935749,0.009773595006596946,-0.3803323499730421,-0.12095281518391965,0.05058311414923612,-0.002414555939005943,-0.008062824205738827,-0.0571968698703991,-0.0018000897756414937,-0.01242557629463903,0.0035047934973506103,-0.009228237852481103,-0.028023219385454132,-0.003500797397464972,0.006586260413642941,0.10395552804596328,-0.10042096521099898,0.006231157853022784,-0.02880127288219683,-0.07938205846527568,0.17310977217056445,0.04826125091313665,0.004609221150339272,0.030843021411547794,0.023271536090441913,0.027699700328689528,-0.0017103707870862362,0.011462930762207965,0.02357277784098854,0.027903248588102066,0.010946627535774897,0.0023312159727076477,0.0010767516504414855,0.0004522687167704506,-0.001882136349506545,-0.0015843820203021244,3.8009797116480984e-05,0.0012136767433772954,-0.020894160960392698
19_4,0.006333456180489739,0.00033327602037607114,0.0005268264158532467,0.00020416088140734248,0.0050325225197992455,0.00033163515460654593,-0.0006264718865412863,0.0002726621048399688,0.035890001021396105,-0.33282410262677237,-0.12592117441983475,0.046817206707012025,-0.003677100580756278,-0.0015219044668867761,-0.05239410605321071,-0.0033674072482118345,0.0016545731362318389,0.004600495490292411,-0.013261681007405025,-0.038914234095126926,-0.0046431407705138025,0.002228474461561118,0.1037901277782072,-0.10785187894549665,-0.004264549200735904,-0.030694768306535822,-0.08701937217408158,0.1574729698091167,0.0372557401824781,0.0030776772177616395,0.02435267756608577,0.01615868396875688,0.028889333981448415,-0.0016917142806632114,0.0035074032421752973,0.020667506322887833,0.027675723125241306,0.011913102929995263,0.0008800385395253323,0.00021595414467880453,-6.684919135541159e-05,-0.0009189311418658935,-0.0026779067691583684,-0.00030032758068274893,0.002242039345085233,-0.027548685903218528
19_5,0.0032439617803419227,-5.519293152099632e-05,-0.00032598394480598265,0.003294319172716121,0.005126998391526644,0.0004192282193018599,-0.0008353666852658484,0.000310984851133931,0.050820091401536205,-0.3667099704989218,-0.1285920570227573,0.04639094829644594,-0.003363052884227846,-0.0015562573711329264,-0.054282541061411026,-0.0030474977985076213,0.0015054297404842566,0.00443217696621266,-0.01085672021077085,-0.03943867208600098,-0.005037201546983967,0.0006944643307313442,0.10532306222707864,-0.10893082164776806,-0.017060127802637423,-0.032252527848325795,-0.09177551829988496,0.1720237427618517,0.043620267448694905,0.004721554846388508,0.022742251572885595,0.021747259028269468,0.028065200445022687,-0.0013847762166265447,0.005399145716241008,0.021068797415387433,0.038291616287168415,0.011914391407704256,0.002173428793844482,0.0005146085650441993,0.0003149489919181896,-0.002167982507696057,-0.002543755481849534,-0.0005510118894645855,0.0015297693009008006,-0.022084896006168975
1_1,-0.005191771421224356,0.00219120384342812,-0.00197364865007019,0.0021735366388314767,-0.017572574234974367,-0.0004852094004119586,0.0001063534858532208,0.003588087320625234,-0.02289452539259939,-0.7103326812182147,-0.171826106495121,-0.028423953903562612,-0.001445275960411388,-0.002844793504308336,-0.058719511632492574,-0.0023999538508262626,2.0240658601729478e-05,0.00415123724069181,-0.004915480691764027,-0.030502021004480562,0.0046193771713944915,0.007172073264338712,0.0577598233222528,-0.14325423031714193,-0.003782458455967105,-0.051887271689186464,-0.1027955014969452,0.13212263780052508,-0.09652865028789115,0.003976693388192424,-0.08563750757635731,-0.11060356798559004,-0.19905062741057775,0.002184182076260935,-0.11346778444278736,-0.1386492765633789,-0.1530252847736121,-0.019679640280048486,-0.007151154477519041,0.0009676174026284961,-0.00015213370337630554,3.3328624243172646e-05,0.00047902018041958544,0.0022729488642842786,0.0014589641976194322,-0.0004596252813179132
1_3,-0.0037675993684276035,-0.003237611382069609,-0.002764703086154634,0.0020486663210848867,-0.01011985989343541,0.0013414687018110014,-0.00012610221901031407,-0.0035242328318905993,-0.03178529169144136,-0.7399711033152698,-0.18473927782685423,-0.03372280573467078,-0.0017976733116566066,-0.003174928208688504,-0.06233689545703885,-0.002438665921026312,-0.012612043410870072,-0.03731781711888018,-0.005769013490290261,-0.02389828603552616,0.002474010917288284,0.0008303349157594293,0.05135696889974357,-0.14352074668627796,-0.006852972118178077,-0.05697113878766198,-0.11528872545222345,0.07590529453909173,-0.10341918743774685,-0.011827064507010392,-0.08514556460229498,-0.1150504195127943,-0.2025381818287192,-0.004149454038117956,-0.12352130835815102,-0.136857719873469,-0.15897964606897724,-0.024152385857654363,-0.006219408839350824,-0.00013585300372436935,-0.0034656667318915166,-0.0025822739806543133,0.0004886892176568021,0.0015467986772465824,-0.004121102856652994,0.04816077143404584
1_4,-0.006266842534341057,0.001575457691424887,-0.0005360410931676351,0.0038642895427913894,-0.011047277575326989,-0.000862998232902604,-0.00010015956939313028,0.0006158232631764792,-0.02660342716078459,-0.7600081891621644,-0.17769464150111827,-0.03925480303966603,-0.000686059720467217,-1.4009422742848029e-05,-0.061008322203112565,0.0036027812454545254,3.914791265305611e-05,0.0032329540024870723,-0.000737921085604779,-0.015039682074212048,0.0063897579703682435,0.004084612554203347,0.04836853283715865,-0.13827613036772105,-0.010824402030887255,-0.05245178103975748,-0.111349197475067,0.08593465152086796,-0.1026370195142046,0.0013973228683858197,-0.08074058602964829,-0.08867733177757202,-0.21058167550922802,-0.002242471294185148,-0.12530471839041235,-0.1472332398183684,-0.1615465041754048,-0.02415048900453196,-0.009803913628862918,0.0003535321622437855,-0.0017684153074012275,-0.0009961139711920537,0.00042408388783930523,-0.0012800108426239546,0.0009109086687831706,0.0491229231313019
1_5,-0.004182381403224176,0.0009517968055721609,-0.0013905805732005734,0.0017004767008751928,-0.014318933871782005,-0.0005541985189344438,-0.00039772666236613996,0.0017505679524251094,-0.027019718193354227,-0.7668715707782816,-0.17869863658096433,-0.024582267221220745,0.0017542811313876617,0.0007689288097893336,0.06440522216684468,0.0035815929917462808,0.0029468363800413937,0.002549286103766928,0.006919131803788081,0.027972702252601088,0.009576231293490074,0.0037501349404543863,0.04840535239709902,-0.13658644797275493,0.0022721269226489166,-0.04879656497489718,-0.10510946055988213,0.08778949079966832,-0.10023591551608989,0.001485630501168627,-0.08557345668666261,-0.11345776462396791,-0.19867001542423035,0.0037995659547482913,-0.1304320924487296,-0.1710178603319438,-0.16421647904103012,-0.021173753558841726,-0.009483397456385158,0.0002449880934893351,-0.0010453775915932044,-0.0007294662374291344,0.0008250229778857573,-0.0014204992752779645,0.0013157825347552767,0.045712933214289195
20_1,-0.0024711570438122237,0.0016523724914735967,0.00044947580881507857,0.0043572090329526535,-0.0021938975452070416,-0.001405324926514543,-0.00020606196915282982,0.0003979858174417978,0.023929334381893236,0.18732677005481244,-0.02805052911747724,0.07486367156464828,-0.0017498884340776018,-0.0037675076052560807,-0.0645562786631909,-0.0025678310661886696,-0.01455314151769302,0.00567929239123431,-0.005496493269020688,-0.04683883814671494,-0.010783893403750132,-0.013099313800802724,0.0747533383583832,-0.14109674369894587,-0.0022123771946288813,0.007162978188358394,-0.08667946603222978,0.08871195702421181,-0.02847806485291166,-0.007535527285230722,-0.039845980796899175,-0.0032248453581458407,0.008522931384238788,-0.00397279982915437,0.01238344599033154,0.0014255817190862142,-0.08815286434032832,-0.011888984741352573,-0.0018123752511140802,0.000814434265582308,0.0005324405495143543,-0.000918435784203266,-0.00044354065885585635,-0.00013529914493491305,0.002021642811587109,-0.08036036944532367
20_3,-0.0015768236423711049,0.0004005625876144394,-0.0005155048428439827,0.0035738627603922085,-0.001454926405256788,0.0006028841169314424,-0.0006492192439393742,0.0012343974476128996,0.0229417015659245,0.1960296955746159,-0.03442656717979098,0.06046051227705841,-0.0017771672083597512,-0.003954526158067489,0.049567632992083506,-0.007745980008777229,-0.0025237172120414447,0.0032242551223110472,-0.0170947896724962,0.009380009914684228,-0.02426263947054467,-0.005849943881319549,0.07788036450164348,-0.1408146068513761,-0.0031425384837264854,-0.01379731316721266,-0.08716766955046512,0.03901612445911293,-0.024894235855034072,-0.016470698120555363,-0.028239236559921384,-0.004474880412523028,-0.017493689398273567,-0.007750464849236204,0.0054669462748855565,0.008193933420011068,-0.09027840629901521,-0.0073283364021897,-0.001141139242690269,0.000856401146205115,-0.0005799506324737194,0.0004112264126332565,-0.0018295700436367628,0.000989042434034337,-3.9667992353721343e-05,-0.06362407919960257
20_4,-0.0030012355169401015,-0.00024064812541180853,-0.0005137029689386729,0.003922544629802009,-0.002547540000559648,-0.0003237873783110748,-0.000371670465655583,0.0009328501969530737,0.020627317839050564,0.1984817311621023,-0.03594932864673476,0.06193451839687147,-0.0019404194281874003,-0.0058613251866662585,0.05094848479867296,-0.008504765266113852,-0.002499429577810906,0.003990182207090807,-0.01959794680745486,0.0003428222616896328,-0.02705480759518091,-0.006409941819906899,0.07525110281298178,-0.14434170127350823,-0.002688539374050781,0.008156653300082245,-0.0923918073054197,0.028791030448853137,-0.029605009864385384,-0.017770820917343787,-0.030704429075586397,-0.003647352691125275,-0.01675461371657961,-0.007266013065307818,0.012968788610432954,0.001499828648794212,-0.09650787630652441,-0.0061199093217891186,-0.0012478963066076812,0.0008603494279555844,-0.0008735537963657678,-0.0005819276133686679,-0.0028432635855396436,0.000558004727662137,0.00025285371423712847,-0.0621378593405923
20_5,-0.0028181063880184576,0.001274174549349397,0.00013573713301641508,0.004372968291503219,-0.00435849457563474,-0.001460628972753154,-0.0007182550544631042,0.0004111454548846154,0.028897514366619168,0.18860435922344246,-0.02951896990174194,0.07350429873132396,-0.0014971138372827345,-0.004296013319353558,-0.06731875995082538,-0.005317298228372045,-0.0013869679617113419,0.0037881751809193554,-0.005823086556426492,-0.04764722100979321,-0.00956212307222778,-0.016285545983974938,0.07392513941566602,-0.14142557677706954,-0.002561550926297578,0.006755231366300704,-0.08629123824717737,0.0880414466951938,-0.02838082926334467,-0.010387306630450652,-0.036413012796272654,-0.003048101494892249,0.008319306395215605,-0.003946762337565767,0.007478397060579268,0.0016976732520723944,-0.08945750946239386,-0.01242020087915587,-0.0017837819075566287,0.0008398467499636589,0.00021037936928691017,-0.0011448317792090146,-0.0002865201467638572,-9.69979395530302e-05,0.0009668209529406597,-0.07948311668164168
21_1,0.005722461451312597,-0.0009092052488533051,0.0005184039193142654,-0.006453352844180332,0.006348218721140091,-0.001372024672951765,0.00015771336766663455,9.995499588143519e-05,0.00012763037954909522,-0.39000616578644937,-0.11897050801194764,0.059480338195782155,0.0028847096944512713,0.0020920845141490316,-0.04323422270172323,0.0008185941310072687,0.002369279649488185,0.008342277634732869,-0.007380365194780865,-0.030946968737955542,0.005656154557851959,0.010027455016332511,0.10474930546426325,-0.09167487922939165,0.01218354594672386,-0.03160087164430705,-0.07297282064099155,0.169610093641596,0.04861592439276611,0.005149680340517324,0.03744265670628871,0.024539208052136493,0.028838202556760097,-0.0010805883044391,0.0014476283559032507,0.019970710283235764,0.0430117591502713,0.010239093486588616,0.000631878353170537,-0.0017781876929878024,-0.0027146294380998993,-0.0006328298013970731,-0.0010235762988466345,-0.000685503102314202,-0.0013482173401264473,0.057174343688381105
21_3,0.006844588526801505,-0.0010334354649396919,0.0003296880706197393,-0.006660974030002464,0.006071688347435611,-0.0016896109356265116,0.00028505943940276016,0.00010891188376422805,-0.0005865003738915811,-0.3983824924686284,-0.11629669998675142,0.05533794769752782,-0.0017383520039571164,0.0004783609505750509,-0.048894433119225776,-0.0022544643263106754,0.0013573542391803282,0.002918068736988827,-0.005819259879106888,-0.03200666356199001,0.005475742701860976,0.022870694927007454,0.1046645098379861,-0.0902959645219355,0.010379423832192664,-0.03026691376725464,-0.07816080708306615,0.16856265992605712,0.04806849252720441,0.005598501975233778,0.036694651356523715,0.022732312436719863,0.031029077379318138,0.00224150175919998,0.0019387111003960147,0.019633024993632273,0.042259189664077115,0.011526209345635571,0.001669056624262656,-0.0021769825127422524,-0.0029766649201998304,-0.0002777962142789136,-0.0011462787808051715,-0.0009566720425001118,-0.0009181359761833145,0.05677530758774947
21_4,0.005660895695668445,-0.0013312358588610997,-0.0005565320860238692,-0.006880478090306926,0.006181620062408118,-0.0018184279264626174,-0.0006503199941854603,0.00013537188381128941,-0.0021740108005945365,-0.3977445748047254,-0.12012932633365435,0.059102584343615115,-0.00030288309198689856,0.0023181337766347613,-0.04479346562009085,-0.00017616884822811506,0.0026194629351762332,0.0063149413826686755,-0.0058180572949328635,-0.031782498587795915,0.005085698061805006,0.013631027483419458,0.10367814611253644,-0.0904196461617097,-0.0018316965417823072,-0.032304615572649326,-0.07434575781487,0.16837896968671728,0.04742767657424055,0.005121065419618013,0.03654629846748573,0.024071711720941823,0.028820618243995764,-0.0008018364442996521,0.0017172859649630349,0.02180787336772094,0.04263534232395253,0.010033810465960984,0.00035604338695989686,-0.002416411118261441,-0.0029494672397278533,-0.000734577647400963,-0.0011465054691620973,-0.0010447230229622265,-0.001253373381638238,0.055461629901070904
21_5,0.00562251988866268,-0.001359655861806462,0.0003786211068293172,-0.0061923621469395325,0.004858110883425798,-0.001994041681954046,-9.377912131612835e-05,-0.00013362110934500684,-0.006129579130786325,-0.39982176198655883,-0.118307660276793,0.057603950433813264,0.0027364800810592838,0.0018492191644356622,-0.04585206473077084,0.006349697547002135,0.002121685712041269,0.005398238158815829,0.0068405675599890105,-0.031212826535895088,0.005160524570530109,0.009220028905528492,0.10437397027272968,-0.0890389587463756,0.010721049890994585,-0.0325885538087714,-0.07226380495009081,0.16688303499912935,0.0469516808644182,0.0035353303414840703,0.03596652874993225,0.023565103652451132,0.02907800490161998,0.0046630547509666645,0.001911377087194392,0.02389473501819758,0.04252999695689824,0.009624988414334481,0.00039165386766881863,-0.0024017611618557654,-0.0033404486277177118,-0.0003761602754017362,-0.0014751347857796077,-0.0010355518687825403,-0.0015840609736288487,0.054768849028701466
22_1,0.00607532228801939,-0.0013051713803051512,-0.0003865280434293463,-0.007100765775939688,0.005410429623883572,-0.0018535966467712833,-0.0005156594696143939,-8.15205680610703e-05,-0.0011662124036593386,-0.40118065039623263,-0.12518806035720845,0.056359087586204525,-0.0020299409169468787,-0.0020014498382597587,-0.04645008409552935,-0.000435276274752056,0.0017042684711674947,0.001040358494739325,-0.007220094351404571,-0.030470962248897514,-0.0060104248644239225,-0.004126293922335922,0.1045006691008152,-0.09747432262777576,0.005611598661303907,-0.027473205269433303,-0.08056614201002073,0.16754358307627232,0.04675172941310854,0.004877593888287046,0.035359783405057556,0.020739782521464536,0.02757930964144682,-0.0005040497401297256,0.0014264707633405752,0.018006646210809305,0.04416858236309238,0.009942194804927038,0.00031974039177523096,-0.002525016508190652,-0.003072332270012565,-0.0012473276405115578,-0.0013820489199183339,-0.001124928525837511,-0.001662938621999166,0.056977649694159
22_3,0.006924059973091072,-0.0013800117692621676,0.0012212939097700998,-0.00725883981678878,0.005822235290619665,-0.0012094734283424223,7.896204866055342e-05,0.00019439423298727397,-0.012328136507305094,-0.42856851753976843,-0.16696659507771805,-0.0063153660871409605,-0.0017992221874708416,-0.0003805522178487371,-0.053732588040728384,-0.003201264536801852,0.0020031992297183717,0.0027433439449030773,-0.010709704292989088,-0.032222012945354324,-0.0027153052459592012,-0.04792520175127027,0.09967019926995331,-0.09826628095120128,-0.01508533280007421,-0.03165113662407458,-0.07909657122440608,0.1664907306471074,0.044068173151133094,0.004315765200468585,0.028288039017194542,0.01997304519369442,0.024341479551862534,-0.0011809709474748914,0.000729041897792658,0.018926565981036474,0.044010568787089074,0.009970538039646733,-0.00036790670210213195,-0.002167258271142457,-0.002568415733789246,-0.0010150756832791113,-0.0010835098127126926,-0.001067739268380519,-0.0022993111165149167,0.05455734125433938
22_4,0.006562502706768875,-0.0011433649073206164,0.0002289210733562568,-0.006360537219307374,0.0035125946902212425,-0.001701966620459289,0.0001556470737756052,0.0001227229542436216,-0.0049093813652950884,-0.3950776561169617,-0.12149698009964159,0.056052814402912814,-0.002037498548515281,0.0003678314346832882,-0.043596125865111815,-0.0004295206488145226,0.0019995707802959463,0.007310220950736472,-0.007542025321921966,-0.02998061558522946,-0.007721722563810654,0.008606501059693517,0.10501577148512779,-0.09392553434869368,0.010484006178305473,-0.028372126124701226,-0.07391895057518912,0.1685917179566243,0.04826259133776004,0.00510396679155562,0.03570927442011757,0.022090743114020286,0.025887826475569028,0.0004995980424090978,0.001883303107711001,0.02409944239819091,0.04412783200169929,0.009434885040309968,8.968934237331778e-05,-0.0021505189075271963,-0.003185832934934686,-0.000692070023619628,-0.0012468210408040359,-0.0012075197611851767,-0.001970726421999109,0.0592984168297301
22_5,-0.009068817653277541,-0.0005741720261165,-0.002263995618469154,0.0018706573305483011,-0.01116409143749689,0.000590899170825964,-0.0009997442892141601,0.0005881045345852053,-0.008358017296921464,-0.4532691682032419,-0.14523846480992383,0.056762674707521055,0.0019261760360175704,-6.393737380217833e-05,0.037567903010559164,0.006839021410203045,-0.0005536930880133654,0.004858401087771917,-0.013426580459144856,0.01683000516037319,-0.01837595115404229,0.011168977230438948,0.08400742345304506,-0.09667629830451688,-0.016133122216532257,-0.02781004432473997,-0.07588993654069925,0.1643053769542148,0.04269917650603478,0.004651683010646786,0.032527728344384776,0.015014000733100956,0.010100020660218903,-0.0029397234481250735,-0.001466174145543463,0.01630454629480653,0.04433672943121717,0.003734083879605548,-0.008357695861624744,0.0005200518162916238,-0.00017311773659005585,-0.00045634513541248064,-0.005189874985489662,0.00047022914178595734,0.0009397258375640594,0.054598915891335136
23_1,0.0072339758753476825,-0.0012573772716329929,-0.00011878033570696468,-0.0068583079087318945,0.006923867051715417,-0.002147222945029075,-0.00041220566534623185,0.00015631336586235765,-0.0011185537559705659,-0.4114579247890453,-0.11648177892012489,0.05419769397623301,-0.00020509442534571529,0.0016673083600264856,-0.05216960425712634,-0.005569487199094468,0.002281512094389031,0.005233954221287411,-0.0091162079622019,-0.03276783146682294,0.0044781011644620785,0.021123063788238933,0.10324516364023494,-0.09309257070978925,-0.0015177979853446073,-0.03180222926062826,-0.07575104668603441,0.16692273855698106,0.04387153595639023,0.0044180296715395405,0.034822646178619604,0.02399533526002199,0.030155295091239695,0.003982141258983037,-0.0018374133872457882,0.01936420272903388,0.04096141896802152,0.012649558687789,0.00035181685560438836,-0.0024414765423978525,-0.0031418450087956885,0.002114582353224693,-0.0012482979318046755,-0.0014495176850955987,-0.0009860208612565797,0.05252138950037185
23_3,0.006517530615168949,-0.0015219562309609742,-0.0003066818196298792,-0.006887638495994756,0.0054820570564136735,-0.0016878886608275977,-0.0002833672952935825,0.0001407810411337799,-0.001612865196802909,-0.41115537662402074,-0.11722349642289152,0.0537331747749887,-0.0006550185180818616,0.0017257388177731009,-0.05374005578347636,-0.006468584869473977,0.0022031305759884967,0.0054873848928300994,-0.00924998269754114,-0.032742288809108636,0.004358565528479938,0.01848429923800211,0.10326862860083856,-0.09375775471410919,0.006613763689908894,-0.03377889056828825,-0.07733279914941367,0.16641227281678317,0.043446224163859605,0.004375649898091146,0.03512987485643669,0.023521549150957534,0.03019056696912473,0.0039481659556416335,-0.001934819863152518,0.019757907656540563,0.04098660917371152,0.010340662512939967,0.00046404554558972846,-0.002479600620927489,-0.003459737787191316,-0.0009986005698477806,-0.0013232660126606657,-0.001467832382302857,-0.0010105252787862423,0.05267201253058856
23_4,0.006072040199267956,-0.0016254889220329732,-0.00048678684213154387,-0.007426457690133527,0.004727593947898322,-0.002155682874656224,-0.00043880823415135,0.0001701118582044226,-0.0030873368447982903,-0.4188549138902787,-0.11844086399689377,0.05370283917042029,-0.0005035687930130114,0.0017969048054165134,-0.05506242983821687,-0.006906565516206388,0.0015305541748525673,0.005282023025010828,-0.00931600560933826,-0.0332166069573949,0.004224142086126727,0.018275851080028504,0.10137009845271618,-0.09554080483689423,-0.0031468652048056464,-0.035046007064278725,-0.07990419023811435,0.1654789648931676,0.043408727234548035,0.0044128393141705516,0.034302784543911106,0.022703221231062824,0.029227115218781626,0.004059066282000298,-0.0026256967555908883,0.018252107256503308,0.0401249677148006,0.010020848178682458,0.00021025197289564607,-0.002395554232717556,-0.003600757953244227,-0.0008290072516326457,-0.0013539729614747583,-0.0014876492340946995,-0.0010098856484110808,0.0494256383024607
23_5,0.007379112983577576,-0.0014277610816328895,-8.079742324538991e-05,-0.007048264447293541,0.00559291474635466,-0.0020832927847324527,0.00045396143594923094,0.00017479365601099717,-0.001063584699362972,-0.40837622067989626,-0.11531708126620316,0.05456821359298181,0.002167121099851868,0.002061385218143354,-0.052107834626198446,-0.006177391192372964,0.0027410164472894236,0.00581366932514828,-0.00903338803830114,-0.03243873190099469,0.004288869108974603,0.02109921299560546,0.10349068265215686,-0.09419069603876873,0.00411737333958223,-0.030386153842797234,-0.07597723105807928,0.16676342072221503,0.04477260034109923,0.004282539420366234,0.03580746156880812,0.024315683984196434,0.030087079603073122,0.004065716575692372,-0.0022303442096142947,0.019403869832900607,0.041765175068123765,0.012857373909501757,0.0003550431368311538,-0.0023217664115564108,-0.0032430491603955246,-0.0006459892479128015,0.0013654171293694996,0.0009555180155826757,-0.0009679062903584489,0.05230640922958596
24_1,0.00425229374453937,0.0018678135637647966,-0.001005039090702683,-0.003195732543087752,2.27235801158743e-05,0.00043357543326811676,-0.0004156002596505568,0.0013255928735603285,-0.028543610103564404,0.14216654494188904,-0.014389674391160578,0.12288607096209998,0.0015143520451485805,0.002285466615607758,0.048154367442117874,0.010428837976962183,0.0036282738553113595,0.006744748503344688,0.007430456714186185,0.02844359908274617,0.021314516719947427,0.019101262902204014,0.09362800526973696,-0.06809227864858595,0.011252831348696514,0.010564891365695274,-0.060159032541426675,0.1788663015713998,0.008769170937717544,0.0038684999976378435,0.005915526085242621,-0.0044533702682856115,0.006455341919551347,0.011912207349544793,0.02886052734691128,0.026467022075262556,0.03733744122020859,0.004972463763831323,0.00011214078930261554,-0.000554447411436709,-9.928202370670003e-05,-0.002813434711880476,-0.00116098632896368,-0.000907268178007963,0.0011177318086136154,0.1499123776155125
24_3,-0.0006952706502916278,0.0010612717431789796,-5.013957259623783e-06,0.006150561663656107,0.000632651746115427,-0.00022041471970505873,-3.9494995608070974e-05,0.0019688566439920456,-0.029033050544306875,0.1580232128397255,-0.012027600101704396,0.11791857284966382,5.734313746242009e-05,-0.0036837283235217253,0.05901156244241517,0.009372921284238844,0.006345782761237611,0.008629343955416174,0.013529412096974372,0.027961306649989595,0.013584825075543875,0.02011998493122464,0.08472169101008362,-0.06847223707833118,0.009265750274029016,0.013025328665297098,-0.06048839386901505,0.18080973945091797,0.01037029320528108,0.004118528528840867,0.005226285412339864,-0.0062022446812192,0.005743466895293855,0.009651224486654416,0.03177198736755248,0.02519161519741774,0.035425911685841284,0.005049194280646809,-0.003493892031728118,0.00012799954221129478,0.0005880970159290783,-0.0021196547100470853,-0.00018530986001828503,-0.0002296657454689327,0.001847835795122114,0.1347998926353223
24_4,0.009135834502481566,0.0020717483615953717,-0.0008059036594073894,0.0002672663803611995,2.469818758040288e-05,5.852245381163728e-05,-0.000803474924051124,0.0013185654518473309,-0.028583031607460938,0.1463257439521135,-0.014222096679995175,0.12379564118505669,0.0015696934461198718,0.002338493674432731,0.048542680188516256,0.010517650904515506,0.0038037065417585256,0.006906342161883289,0.005580346868023033,0.030023855275144663,0.021596079780275484,0.019405326875722634,0.09379032021822847,-0.06842328834113687,0.011548667768399138,0.010899231041307827,-0.05993747753625435,0.17911493128146133,0.008964768121925776,0.0038597007544397765,0.005621405022970441,-0.004276453866312818,0.002544473272768147,0.011981524899268388,0.030025552228242772,0.02633846114506843,0.038000377253215166,0.005057978787821361,0.0001439932450062401,-0.00041699864940447314,-1.8155316331961878e-05,-0.0014909487108089822,-0.0008947265171124688,-0.0008566394614157629,0.0010979564857040234,0.15236977171218657
24_5,-0.0016985830600100872,0.0012988528213789391,0.00013979789373384788,0.006780280831949102,0.0011482831724066841,0.00012194134562821878,-3.456517551283925e-05,0.002344979744724263,-0.02877979772965398,0.16314054234758357,-0.010260793628354976,0.11705826883167698,0.0004333451397937801,-0.005068110055224085,0.05208738295786789,0.009882915933546734,0.0068861673871055285,0.009022511706969896,0.014135127725308443,0.038745632190421556,0.014558613494969298,0.01961559227940523,0.085250922907908,-0.0657985567701649,0.009696666746824723,0.013045294136663391,-0.05937866934542119,0.18194238300460192,0.009866428380445802,0.004102029270671967,0.005255845576970074,-0.0060035716777699245,0.008774624013308684,0.00989199709604622,0.0318163401163988,0.0252905227099145,0.03569076032295192,0.004591046888713101,-0.0030521089887597455,0.000655074484294652,0.0004963835356024877,-0.001755859192549497,1.8476581758600675e-05,-0.0009246969157252899,0.0019206138066832695,0.13993031734890826
2_1,-0.0015541550029027106,0.0012227112412298775,-0.0022645077394576425,0.0002559698668176153,-0.0049693647006524705,-0.0031198774918110065,-0.0005900045539651591,0.0012429225139794534,-0.0900678027638774,0.5038408303484427,0.178032594086784,0.2637421438537487,0.008023573878415055,0.0012310435585274747,0.018087884792388507,0.0037584449138876683,0.0038495804762706002,0.0027221161931740485,0.008293503913284948,0.011611170552777075,-0.007745884768836262,-0.01241235594924058,0.08016467392690453,0.4150296869168252,-0.015190591845734552,0.025295528010733474,0.3011158994647027,0.15912370398412204,-0.024311529448943978,-0.009888989281386915,0.00972685834753996,-0.0053228156285024435,0.004380488875309729,-0.0037406131754882206,-0.05085265135341046,-0.026008785002410755,-0.0509428746375205,0.005958359988163696,0.0008580544630219088,0.003172203847602539,-0.00010252009216757323,0.0010687677522906505,0.002012043366443312,0.0023476483187960164,0.000870765221070768,-0.037917364505419104
2_3,0.0019608324542676027,0.00012301922132096853,-0.0022081049343692424,-0.0017571293670521463,-0.0018189358496613322,-0.0027153389758616526,-0.0033609331377389574,-0.00033476674733272274,-0.08156344029947629,0.38518735010084126,0.20381117214029837,0.29313714684417547,-0.0038049330797663063,0.0034231634755637038,0.015552028313804067,0.0036985199474009246,0.006205046270840441,0.0039262885897510275,0.010021052065005535,0.01166770223574703,-0.005642730734826276,-0.0074539521199605335,0.08311214127204875,0.45789053602794866,-0.009499478106696256,0.03016636367413051,0.34862007736121803,0.11424228044072335,-0.018601580173926748,-0.02359254099826385,0.007876768494691893,-0.009581332876631463,0.010556725306261998,-0.004853979272891183,-0.047661092914926276,-0.03071173039390333,-0.04635504943838936,0.0059572683577335805,0.002630961225930934,0.002966702303043743,0.0012964099924227884,0.0016252388113292028,0.0005878235332407469,0.002844521586933422,0.0007671237258509478,-0.04059232880626239
2_4,0.00904153856427255,0.0013174066327551616,0.0027673385572506695,-0.0029106861175399014,-0.001802524564772892,0.002854338729656388,-0.003267254369572735,0.0013316122083857106,-0.043306578234317376,0.38168629463915743,0.2460041741303392,0.3070085220945711,-0.002875759420298542,0.005231166561836328,0.017235420814632526,0.004092855616304129,0.008568376304875372,-0.00040334152541112963,0.008662714220755438,0.011635372956170419,-0.004978043577246723,-0.003279466987002455,0.08431960407971235,0.4783715547286667,-0.010068941990724035,0.03054118637650002,0.35899743740512713,0.10644592587560786,-0.017856170135149778,-0.02145217536624816,0.009231599231293849,-0.00831185142488076,0.011930719245139765,-0.004272681451645846,-0.04612212437111704,-0.03027043691120981,-0.028536303346085777,0.0048222332206360324,0.004471289761175134,0.001934409270758336,0.0016011239388724209,0.002920037157970614,-0.0006614726664771858,0.0040286230922476724,0.000990705410137576,-0.03820478578106222
2_5,-0.002567722786709775,0.000967011712939817,-0.00017975002470183512,-0.005691558851687603,-0.0019420229214894631,-0.003646326391239333,-0.0003432478508752152,-0.0028846153067278936,-0.11114751540878477,0.4997846192510584,0.20159436694821226,0.27530236192341395,-0.006813800082529456,-0.002520251976773576,-0.017998074083637922,0.001413813421497054,-0.0023323978480899806,0.000624752826634956,-0.008544903839176898,-0.01224968894892936,-0.0046892871054688475,-0.013314336817811488,0.0995640611034408,0.2689416627247209,-0.002780717093952806,0.004720557688707324,0.29163034997955434,0.18226861453643728,-0.025835862949584974,-0.002760785172325001,0.005753776775674606,-0.005251254615172855,0.0027224095760894343,-0.0024373277406937593,-0.04255626171480145,-0.026452768027443885,-0.04973121552116916,-0.002601023343176268,-5.298493721880772e-05,-0.002526260555413743,-0.001258897178574919,0.00013299499573887438,-0.0001815736148076464,-0.0006890403522390615,-0.0005077123117560391,-0.035586303838931896
3_1,-0.007370771464066726,0.002565563803665057,-0.0034024965529903172,0.0065901313933373635,-0.005635093963067267,0.00017541673497364023,-0.00028775791542348347,-0.00203379347695891,0.041496821494737435,0.23268296633402571,-0.006859882404231265,0.10947911940665425,-0.0015272383254711264,0.0029736152257925697,0.051624164695805136,0.008806334258969463,0.003962446036181811,0.005376053896148619,0.005525668390935614,0.02812359770085068,0.015172644179239768,0.008926047758293774,0.0692880752388182,-0.07998738159345012,-0.0017975507114631752,-0.017781793254760196,-0.07500775990112883,0.16820286814258673,0.007948035196556036,0.0027737885547319584,-0.02079009504366647,0.016944238033827552,0.0030652362479323776,0.007949214699724127,0.01239065046957284,0.014935024481887415,0.014732986157806272,-0.00959445317055237,-4.7032614722396724e-05,0.0013261608569912417,-0.00029467377549728365,-0.0004245585262117675,0.0011112424939247556,0.0017590662930311073,-0.00035042280677225455,0.06514112507434226
3_3,-0.0010543277912728121,0.0016545521955669636,8.351534490337516e-05,0.00768674166298549,-0.0032732957326786134,0.0019777981402918036,-0.0004333650484690913,-0.0005990620375080392,0.02554742870394758,0.20162156551920096,-0.006698452422400503,0.08255323067998172,0.0020333361802997154,0.004954840180953008,0.051939751921061594,0.010039035250867728,0.011265218470234085,0.004714348019370115,0.016952493118242037,0.03227650047770979,-0.01474458141958065,-0.0021091786119818326,0.07116643644657492,-0.10261223809598771,0.009955246858810085,0.00984532607994128,-0.07089804272570707,0.11719826938058783,-0.014924987571581722,-0.017338786767354814,-0.02072524050032955,-0.00527414993943828,0.008747566257921783,-0.0017203325783326092,0.013744457793417217,0.015138404758303211,0.01927848261727191,0.000730391368394932,0.0009044565294148533,0.0002564627344374732,-8.186912993825814e-05,-0.00035532857828282654,0.0011916974385560648,5.423257200346942e-05,0.000533168924501018,-0.041661862872005545
3_4,-0.005064401528121797,0.0028221289940957035,-0.0004707588431563127,0.007529532137586326,-0.006167703959120754,-0.00023631519352425767,-0.0011101982807168091,-0.003029590597974494,0.03233344473587829,0.24169316115786585,-0.006199579217072294,0.10732921615966051,-0.002961127531359204,-0.004630838489360852,0.054886249121506386,0.007422512126417056,0.000563993179888374,0.003786219112035496,0.01345611985849593,0.028640194665715955,0.016663645225836753,0.013400158272175644,0.0727681024260982,-0.09199209610026889,0.0016705820969947658,0.008624235687166654,-0.08096484027725719,0.0796331952284895,-0.013195458497312644,-0.009698539552602423,-0.02118401757657706,-4.44629479684303e-05,0.0028009333741912204,-0.0052206703089521045,-0.057145607064090026,0.01378441877346292,-0.0001401530018280637,-0.008469573744520535,-0.0007578317019449591,0.0011329249459437188,-0.0006103050534808944,-0.0012143451814384503,0.000491251055744563,0.0010880808836799647,-0.0002751592662298906,0.11970900920899344
3_5,-0.003770318059409827,0.0022173156285001717,-0.0001620384271817612,0.007719699907478608,-0.005701055956200966,-0.0006879482704919748,-0.0004939702117253409,0.0006232204598791531,0.02554412977352916,0.2585290857603992,-0.0007755019609100071,0.09189226833265644,0.0016805359301872407,-0.001565569063052428,0.058336642988775486,0.009168618174962884,0.0029632609795947466,0.002676579593515455,0.016693320039214355,0.03363617146096244,-0.013914275140836442,-0.007990345235108314,0.06665516425033335,-0.0986585961753584,0.007843929766460053,0.019188850845007446,-0.06980610990267141,0.1941131900026469,-0.023038403855035503,-0.009490051974404818,-0.018133106840776046,0.009374349621819827,0.013748042750785396,-0.004264175755987025,0.01189477724058307,0.01205803965027338,0.021644579519919088,-0.006531819188082705,-0.0012860816229328868,0.00048272900838787497,8.362840098759955e-05,-0.0009092964366208171,-0.0003685809363778462,-0.0006531376440059933,0.0007056604633961811,-0.03706760352749466
4_1,-0.003634080936632204,0.0011382241359193075,-0.00022210773560975825,0.007158188690904316,-0.006255991106916618,-1.931381253068268e-05,8.623813468390088e-05,-0.0005087376455632871,0.0348796005980768,0.2146794665442016,0.002612411174643502,0.09298720764002565,-0.0015404572144186222,0.0008491036234284763,0.051470804804062624,0.010390626515378181,0.002508305545134401,0.008988391204115098,0.016769581502856536,-0.014532830693508535,-0.005775085756062901,2.9762110287060918e-05,0.08896140729643981,-0.08400004161272291,0.006044697277525631,0.025914975515009344,-0.0651714121401865,0.20866166589293442,0.018628686109108773,-0.006276494222267439,-0.016885593794351554,0.03395678426155596,0.01711243863949501,0.0017984706676638547,0.031771369381877315,0.011068265174562079,0.03816755029631749,-0.008604510378117065,-5.437036319292244e-05,0.0009476073037922976,0.0007710261069225283,-0.0014176241723155398,0.0012611795959177193,0.0009486641374266721,0.0006443213033033922,-0.030211507910674104
4_3,-0.001724583586692564,0.002390064851480386,0.0003975685567503285,-0.007631889400605234,-0.0015805509625220566,0.00018415338241691844,-0.0006071276840464879,8.821505074278894e-05,0.050127097361326846,0.23233816096397641,-0.0011613638390034215,0.0934965730242633,0.0016704191476387498,0.004321087492399767,0.05457826436815996,0.009899468335455073,0.005153287473583767,0.009501801135733571,0.01560504181001828,0.03768599767955543,-0.013841658343175472,-0.00427806217086449,0.08264934726944201,-0.09103832558766538,0.013801064792843029,0.015846850672045457,-0.07072947777516361,0.1956878245547638,-0.024822845431453102,-0.004325472589079854,-0.01627412008672515,0.005604404173423694,0.011660369734092815,-0.0019206238432225452,0.014358185768921637,0.01286691297405763,0.02621776337864929,-0.006518564621515319,-0.0017741376625914117,-3.679404924309749e-05,-0.014262246631690612,-0.0006819549899206974,-0.0007954950387237977,0.00029951298473427165,-0.00033198678508393096,-0.0406076931782711
4_4,-0.004117352057177042,0.0022648391391459437,-0.0007849588940436572,0.006539979438751963,-0.0038554468296469616,-0.0006900531858707461,-0.0004992758718518123,0.0005142500821668369,0.05691647219293762,0.20027991796015396,-0.004747797582510333,0.09104298255339208,0.0005067060017748785,0.004405914964504434,0.06647232612200436,0.010368002503589659,0.005556768457732493,0.006692731186521203,0.017416220953761885,0.04054423255331556,-0.004194892551756301,-0.008345167160662857,0.08848130693845227,-0.07944956764543656,0.01208525581622604,0.019337249621926688,-0.06674060336149909,0.20813951890223387,0.017051926634708264,0.0030670612327998825,-0.012013679036668843,0.0043277582017838285,0.01124530875113809,-0.0031071582513920995,0.028632210902122965,0.009340359954226354,0.03419153625389854,-0.007248832886171655,-0.0005960857993060852,0.0014076570784817383,0.0008224620981635601,-0.0012309236243740797,-4.8738701765067925e-05,0.0006511101542625671,9.17570479919165e-05,-0.03912308126631872
4_5,-0.001461794639350872,0.0014984019850254767,0.00020344637508364077,0.009917792004939155,-0.0022565902621577987,0.0005245225441683841,-0.0007116488219714997,-7.443056070987147e-05,0.054287262982500195,0.18481877284649864,-0.004064035868650735,0.08970667831140872,-0.0028424908287791573,0.0021498403825647356,0.06573948103419493,0.010552872098802499,0.003434167219974629,0.008435265957739291,0.017419516878502756,0.04231624037254678,-0.0016151849302336275,-0.005612555912397824,0.0887676759614537,-0.08196803256829586,0.01477721908853255,0.020330269906528975,-0.0650919385433449,0.20492003010999707,0.018670407759949194,-0.006616869891999701,0.004722922611386586,0.037258358263000536,-0.00029125757538217594,-0.006584953776488142,0.03335006502346986,0.014346709717729016,0.04304618677965728,-0.0071774510112198936,-0.0006177277290831738,0.0007623702832717462,0.00013965250795656864,-0.0006915957560044479,-0.0002122418662360164,-0.0005048318100655446,0.0005719801639534859,-0.02770351252759229
5_1,0.002109613972587949,-0.0014280861034197123,0.00020121950127075468,-0.004032428459231691,-0.023704486772275924,-0.0016628291843389573,-0.0003380889059486152,0.0004899459469689212,0.026999225845067972,-0.26748415733086545,-0.10273416754596516,-2.551665426995697,-0.0011148521510534648,-0.0006196928764164484,-0.021147653162870497,-0.000910448066505557,0.0004456392280527819,0.000865009521569135,-0.002679210885251807,-0.01577536246137933,-0.029176659967079115,0.0075521433280133915,-2.0507292939475814,-0.07010147387533856,-0.004807320453158336,-0.013602265910120913,-0.0636712354514054,-3.0548950983643963,-0.03806416467632452,0.000812936018820433,0.00971718258941637,0.007638452111827516,0.01222582187674305,0.002438972665084454,-0.1023601078675573,0.011255405632164843,-0.12085953455839524,0.004023498605666307,-0.0001748971629055991,-0.0016804611167983536,-0.0016965378729744225,-0.000402366502091526,-0.0015688555423109419,-0.0005809639551210527,-0.0009284474201715679,0.0394819209142903
5_3,0.0014913015341657273,-0.0017458166467052493,1.833365397386233e-05,0.0011323992332970096,-0.02411698028668863,-0.002276628935720158,-0.00021900118570447602,0.0009945926911476923,0.028392646339949316,-0.27429392033869904,-0.10195646130067344,-2.5804139975733325,-8.487741425116666e-05,0.0011363363722718227,0.019331541504898395,0.002277822200352923,0.0019218665188618948,0.0023224349904458572,0.0048204092603016694,0.013926069153073355,-0.027230861552319165,0.007242334710327103,-2.0775112942981906,-0.06889235685428367,-0.005389808285725812,-0.012734375249120654,-0.061671747861883,-3.0888911920317774,-0.03726389261573194,-0.0020155862332744577,0.014000319004974992,0.006139204082244535,0.009092996780973575,0.004100785796487752,-0.10486852973052486,0.01187932480103305,-0.12554012641551696,0.003784710734355099,-0.0003179470958178409,0.0004500029467263337,0.00045862134754485096,-0.00042601292418345044,-0.0016282289715761527,-0.00012597549285287043,0.00046615332416645526,0.039895824525572464
5_4,0.0021298095652237396,-0.0014393474447854902,0.00013370584288232044,-0.004119210311639785,-0.02409990990765806,-0.0017971208205855912,-0.00036049745641079115,0.0005651839708123949,0.027247953378623697,-0.2680544011282378,-0.10237010741120672,-2.556199787432238,-0.0012138024315956621,-0.0010229406639976622,-0.02120061513557893,0.002045153443634656,9.243053347125798e-05,0.0007785784607496488,-0.0002577370427423283,-0.014185933018682857,-0.027805578994713774,0.007989674907933312,-2.0512701513832607,-0.06981662230421669,-0.004851201181941136,-0.01420344580426167,-0.062037200877020235,-3.05618351659599,-0.03806639936276851,0.00019728176812638994,0.009659843203600511,0.0076036922889759564,0.012048950917588718,0.002808609537112585,-0.102842452547244,0.011091380211797685,-0.12239665736108547,0.0041278920939236624,-0.00016423455966240727,-0.0016966221126330243,-0.0016912623613006624,-0.0003837068329907678,-0.0015442185368896725,-0.0005765222280587888,-0.0009101885719078732,0.039901663909443906
5_5,0.0018530899440503562,-0.0017795938410713962,5.8291783604859794e-05,-0.004031163776384529,-0.02402088592525103,-0.002500169276558868,-0.00031873865013299686,0.0011416674858619749,-0.0034185016799218415,-0.2677923291738473,-0.10039364530702136,-2.570917602324984,0.0011771120022407882,0.0011363339006977317,0.020881223513233117,0.0023561100301800657,0.0018380517394172248,0.002119192963552721,0.004426173459390801,0.013957445958571686,0.00850392693076499,0.007189180865577105,-2.0750214171917096,-0.0644456683665363,-0.0050588106107147856,-0.013623438157923325,-0.05911524094624884,-3.076232696690224,-0.03803067381604827,-0.0016824189625463466,0.009856246104432241,0.007957387563735352,0.009475582420723723,0.0033120861310433737,-0.10512226897704346,0.011143394669400637,-0.09557751907773723,0.004116412616996622,-0.00010204799846882446,-0.001978487935759955,-0.0018132312666859119,-0.00033185586475069584,-0.0015616657832702775,-0.0004947188124478542,6.786721939363422e-05,0.040554586452647694
6_1,0.0001054138310876258,0.001434339032312851,-0.000311223111697042,-0.0014590296689319104,0.008955399950580171,-0.0008538874481772634,-0.001187849256176026,9.008270125809354e-05,0.024430329499555484,0.1879739077432088,-0.02804209615466996,0.07740753526930813,-0.003765025387153436,-0.006736950222830299,-0.04148252365958518,-0.002932739974826162,-0.014931563208279288,-0.04321802791972695,-0.0014274969242443218,-0.024532243739202462,-0.005674653347297869,0.001426843499890687,0.08163108022277503,-0.13056502322514663,-0.008418302906169423,-0.009951981814356562,-0.07862255515023286,0.07495658221898131,-0.01427169272754802,0.002215144375560455,0.004650060221272837,0.0017987569695296199,0.004131212581045382,-0.00018799221339295025,0.022730820414255882,0.021486297547268187,0.022144763713378517,0.0051077233984851535,-0.0010947631029140637,0.0010039980619448194,-0.0005144477041823619,-0.0003636152089493997,-0.0007749988094794875,0.0026398120992577575,0.0010594953303691326,-0.04473806761925015
6_3,-0.001573954473352662,0.0009649759706559934,-0.00015520501867984722,0.00593266080934045,0.0002144012160494428,0.0016411741810633171,-0.00013227964642451348,-0.0010214978491423759,0.022815205739360304,0.1944103295751322,-0.025361129984050056,0.06630820235110936,0.0021721952579853835,0.004136630563791396,0.04578634595532606,0.005239398200251202,0.008643217350600535,0.008441192217396896,0.008815220199448456,0.021706124552743653,-0.012902578313780168,-0.005354080601161011,0.07710842676189794,-0.13117771735327494,-0.00780400612101707,-0.021821936496740746,-0.0790225455879811,0.06649667564162458,-0.022475764744785562,0.0020632175808947147,-0.019145415409759357,-0.0012667061709964015,0.00631127800133081,-0.006454286541220687,0.015116463370922461,0.020202696921683055,0.022063779013308218,0.0011484633528684113,-0.000820607344557121,-0.0004438810513482512,0.000656977304947991,-0.0015825737207947577,-0.0037886434759605795,-0.00017883529398241598,0.0008847854042652638,-0.04630199046217555
6_4,-0.004297094575818655,-7.147989713693695e-06,0.000365389454000087,0.005894610106970007,-0.0042628800319828184,0.0006293960864483337,0.0007093126844388999,0.0005099113381211194,0.020723788791414566,0.19151654613690192,-0.032559231850211236,0.05981204655182873,-0.005862199941455584,-0.00696130872684433,0.04041312796928705,0.003835951835362455,-0.0032781433294421687,0.004936797614963564,0.008745196337803594,0.020911903567724387,-0.015311230595066344,0.011561604928158343,0.07840897787228514,-0.12157377764015695,-0.010039127808844635,-0.0038989044764347874,-0.08593468933050995,0.06540705420444894,-0.018544610714047664,-0.018250767059677327,-0.01797263986229357,-0.006625770787891194,5.781945180198223e-05,-0.0068304390741557785,0.008074367000941367,0.024335217887211352,0.003956725636178985,-0.015799839456242134,7.625628961782478e-05,-7.525382708336515e-05,-0.0005245349602853017,-0.0013934184077480569,-0.00023778997105556267,0.001299059001998397,0.0008087025685527759,-0.049798587415329984
6_5,-0.0027920324546027277,0.0002880735679741815,0.0012071164255888398,0.005362156296728825,-0.005048115674235195,0.002750636504800422,0.0008937509038377813,0.0008034814492365702,0.024259337742448792,0.2183861662068837,-0.032203811768711996,0.06043477327731526,-0.00411422988245478,-0.0033497175293370415,0.040265806081011955,0.0048228392579151005,-0.021816328970238285,-0.034838110019231185,-0.00017860863463699679,0.007290589799055446,-0.01674641312446497,0.00612576840089007,0.07781752244637903,-0.12645346541344105,-0.005653993059938839,0.04201255120329059,-0.08763213364039142,0.061948094021497764,-0.014827831675938367,-0.0036910587076974858,-0.022291529371023716,0.013289211190257397,-0.006520324635830629,-0.007164811008383668,0.007619560819893448,0.02710620161617055,-0.019047192305708414,-0.012737331298488377,-0.0002561257349742602,-0.0011620535350634505,0.0004174970624547893,-0.0012728243859419768,-0.0010414185895539151,0.0012495422719197191,-0.00656517829964019,0.00010133411645647537
7_1,-0.006247234750524557,-0.006064281633162303,-0.001361916013014227,-0.02151769682961035,-0.002081913605156089,-0.005917478804350591,-0.00041924396643563223,-0.0009515524438446905,-0.02981862202056218,0.09895314311938473,-0.03558375606226076,0.06694915725315746,-0.0046476065145464075,-0.0034380891773692084,-0.06597705639837573,-0.006761940971404334,-0.0012384205098653267,0.002229708920199098,-0.01359921223515987,-0.04017097127597571,-0.004948064856643929,-0.023158473625013932,0.090454547860628,-0.10677309061210553,-0.007856927385642276,-0.02505142786057691,-0.0856761717009907,0.02934841261131205,-0.0329476268233013,-0.004312445805437619,0.004386437125411676,-0.014309886264060748,-0.010584464084445312,-0.0018373474163403338,-0.0203951696474502,0.01236947745509635,-0.007160700051570024,-0.005961617961279713,-0.0065899835154879394,-0.0033794059576759796,-0.004080946528808178,-0.0022947957141187464,-0.002977161294181208,-0.0018443822027177602,-0.003628734297985655,-0.09286177825433832
7_3,-0.007921184288834407,0.0008810947262605979,-0.002463329230857366,0.0012006950679417582,-0.004201861961901916,-0.004326948021001692,-0.0008861683152688698,-0.0004931492930534658,-0.03900724840076912,0.11106662270582704,-0.03423946579389202,0.0699543648254183,0.00012816315308151,-0.009080983161344687,0.024055232061076518,-0.012397009396402862,-0.0026863224924892214,-0.0007072847589920914,0.0011115564364756233,0.025353627415942208,-0.021640007288177242,-0.005931507872424498,0.06563379644935977,-0.09517870972562549,-0.0009758287544739501,-0.0053383172144824565,-0.06974156421154551,0.011151717224961251,-0.03347724701304702,-0.036957518063083325,0.004199267022108231,-0.01944259305172339,-0.009132064151181153,-0.012807921503342728,0.011826141678788274,0.008424901154554658,-0.08843331403506527,-0.0009048622384583433,-0.0034069781250503604,-0.000987771587885254,-0.0005544960277999661,-0.0037621050677259594,0.00047086951113185376,0.0009347813376048642,0.00026354185774953254,-0.06977723124684525
7_4,0.0022077774295355,-0.0064468995544470446,-0.0007047735417000041,-0.013660071690373896,-0.0009348721899237858,-0.0078058762245174496,-0.0006230925856391421,0.0008640518799107269,-0.0328780235813407,0.13071352298033345,-0.02400788739027472,0.07418807256807261,0.0011569323185906474,0.003679544578473963,0.027817068567888008,0.004985066140249878,0.008547232775851909,-0.0030683887487006948,-0.015130914039580215,0.0259259693837659,0.006017424447730098,-0.011886971476944846,0.08423130096373946,-0.0882810594983843,-0.007656402320538586,-0.0018534207489341345,-0.07046545006385867,0.056403620418724126,-0.02859671770807606,0.003180654280365467,0.004486818931929402,-0.02601002928702039,-0.01867053366299702,0.0014348413162311871,0.021423264888513382,0.020008566555982044,0.001507371169691012,0.00336901170562603,-0.0028064756205416013,-0.006108018273893292,-0.0003885674684727693,-0.001747345554735524,-0.0019824823898443975,-3.0625043903315485e-05,-0.00043826616036131844,-0.04839913503063088
7_5,0.0037357286228126363,-0.004588702943677043,-9.852395202971559e-05,-0.02082858221667787,-0.00022773525927415872,-0.0026435185562605325,-0.0009506376187491484,0.000774738919109579,-0.030176259937956678,0.1185371824223559,-0.02791772095762874,0.06890888896813878,-0.004642328958243964,-0.00323719691823325,-0.05511699932270202,0.008161959149886794,-0.001980415234766203,0.004720711024535324,0.005046395730794575,-0.03786208687261582,-0.007182147030462167,-0.01382890550774232,0.08283059096968266,-0.09967225736113401,-0.0017683973739647156,-0.004874638355067567,-0.07794495447002626,0.0453085903325087,-0.02837381926149792,0.002516039034931424,0.004366050937196094,-0.02554720013928565,-0.005530513597982007,0.002870407733481464,-0.0163796782567668,0.02200313692500413,0.0010681789813650848,0.006128581088202732,-0.0035493609614538012,-0.0027489016943237662,-0.0048987042905691905,-0.002040551057937484,-0.0022566120404131675,0.0006042091200992901,0.002345273691072979,-0.06962137052300048
8_1,-0.0007579853671973384,0.002110874639801518,-0.0002205584875497048,0.006523445149799724,-0.004225101358805437,-0.0014429643715512508,-0.00032390318325462264,0.0010087707158339704,0.02215844880984218,0.24084967736355528,-0.01916646756591291,0.07543469115774747,0.0019092715185083549,0.002084856394632531,0.06376357509256698,0.006965550894556708,0.002423027179018332,0.0071513706260638065,0.00971816112026881,0.03406943530043655,-0.011736562722366159,-0.006071684376799424,0.08507710498717028,-0.11676760194142975,-0.013748932010602379,-0.023695959433698996,-0.08474112349407115,0.1926648570299903,-0.023557380478411608,0.005377450798027634,-0.02270461447467481,-0.002435356275513515,-0.0162891433365125,-0.008649498865634597,0.014519052601325345,0.014927678743134574,0.028192271827833685,-0.007268307601365046,-0.001075208877164858,0.0009055870971481084,0.0007630252954718619,-0.0002585969017625652,-0.0024695250837816936,-0.0011334045437341256,1.4444984511700258e-05,-0.04282949685576843
8_3,-0.004946733388165937,0.0026844047410404326,-0.000642434058307509,0.006148997935241235,-0.004036539428586099,-0.0005153581550691581,-0.00033527957652482795,0.0003196089011810524,0.023842986341424045,0.2449934386794756,-0.01447059505497772,0.07834178266020712,-5.785337689937163e-05,-0.0002601932996707838,0.043431927699960675,0.006174745566415136,0.005209754054134763,0.010226974694642971,0.008982181390429672,0.02812734363319228,-0.0164394736471562,-0.005461531725590509,0.0761404382921454,-0.1377043731400947,-0.01189837211155134,-0.025294141412503683,-0.08471248023009137,0.17846466540408917,-0.021136946003895783,0.0021315717645638828,-0.025508838942833637,-0.0060638421689372425,0.0032453872241066297,-0.007534894597531541,0.008870364496785233,0.01044704845344473,-0.005937634665559453,-0.00639185983500219,-0.00144980302226575,0.0008642514113328553,-0.00019884861021039188,-0.0008467732465794621,-7.777955724976363e-06,-0.0004993189388044269,-0.00012528464581572607,-0.047709777837014834
8_4,-0.003228536977970325,0.00038404164742284695,0.0009608630038144571,0.005214884915444374,-0.002354921633757566,0.0004684329259010962,0.0008036932766289908,0.0007703762655532542,0.026500906695891127,0.2644133635310655,-0.0070897328646217835,0.08193063154279802,0.00024282461379778473,-0.0045588145150096925,0.06340923050369646,0.008638641058665207,0.007988959602578128,0.012113985867802123,0.007430850146510794,0.034415426354128545,-0.01104055111293552,-0.0025293249373174397,0.07866824054887973,-0.12719764934176592,-0.006012827246773884,-0.010714541035247405,-0.08066623489825388,0.18312741182580075,-0.021274982166292516,0.0003555150609673948,-0.028560761165799118,-0.020350982062661775,-0.01530795902481452,0.0031673369893961893,0.011412160545854338,0.010434615657108914,0.001793957576067096,-0.008449443896788561,0.006125665923789039,0.0004502788225977394,0.0005127427489281416,0.0012408071307318043,-0.00038623129901203915,0.000986320681536661,-8.31310190442166e-05,-0.03141854276849057
8_5,-0.0021690373025249087,0.0022677290510841647,0.00023692884641036478,0.006798863063407568,0.00594145720486439,0.00036736134443028656,-0.00015200218592699243,0.0017542753782029273,0.0286103118445645,0.22189496858251534,-0.013481122358004876,0.09121252246241261,-0.004089886770921803,-0.002675556121437886,-0.03927092990646756,-0.002354911085519531,0.0014711748770854923,0.003807215468998713,-0.002970257442040417,-0.0234115541416764,-0.0048572672329485166,0.0077166373354886405,0.07667258559844524,-0.12336198611022671,-0.00409782208659987,-0.009738577652094871,-0.07396292900675984,0.18245951008489403,-0.02196143642134939,0.007868712542570742,-0.022105205935382715,0.004346547973205342,0.009618401305801624,-0.003482893595567158,0.013194195000223103,0.010328343938530748,0.001994824434478785,-0.0054482970437743335,-0.0006513672026807954,0.0022179058298685515,0.0013665763388306692,-0.0016488807352822647,-0.0010854795005235255,0.0004939708177494047,0.00037436464666104857,-0.018823289282106442
9_1,-0.004018234263155046,0.002713748482915149,-0.0001357965715663634,0.006666022792308483,-0.005507721132733161,-0.0012553592417216845,-0.00014416043128418106,0.00022615375939074635,0.019409985731046995,0.21780948655631605,-0.02066722704202358,0.07152882593560875,0.001902229614538391,-0.0023599028256874664,0.07808095413324502,0.005791169475279375,0.002759451129795213,0.009084160601719942,0.013435705008978624,0.04243378656407717,-0.009207030413907642,-0.00385482798524988,0.09563127580411467,-0.12022314211135707,0.0055587685232686,0.0008955981626823191,-0.08595609570215537,0.19534629561259484,-0.008550612104301235,0.004726289428427481,-0.024361922553205777,0.004646627929433946,-0.011728118021383143,-0.008212249696579877,-0.004281551222412687,0.021758511493375064,0.039484388906356346,-0.008140551908909355,-0.0016628787582083884,0.0010505588422595068,0.0005365983421023882,-0.0005739871977965906,-0.0011701905042534068,0.00024205653913183248,0.0001856733709057007,-0.038486168495730604
9_3,-0.0018909865989829868,0.0025542925319056472,-0.0029678418937628148,0.008245798386134765,-0.003212918214079099,0.0005761177363164996,-0.00018141144656404906,-0.0003552636747795311,0.027914885999996086,0.2468679903137731,-0.011062293688483806,0.07215009351574729,0.0017770329934045845,0.000819541162882053,0.05280402440357721,0.006928147015171665,0.0037474389671317836,0.00725323206983452,0.008723680665321734,0.04169098069383969,-0.009578447367353521,-0.002122336729097966,0.09695021005907328,-0.11380167407645932,0.009037576100584773,0.027982778419441204,-0.08449161303676347,0.20160987415707016,-0.023958323122999052,0.006688401276786487,-0.022740781996891404,0.008428673303983824,0.013388939612649588,-0.0055886082179484875,0.019178570039918182,0.021630384050822234,0.04330504463687954,-0.007444369534360035,-0.002486961800519553,0.00033841532346882237,-0.0006206790331841569,-5.272652306250473e-05,0.0014704075102023638,-0.0001689902115190662,0.002933942704566031,-0.037196785105025276
9_4,-0.003212362203149586,0.0017729399282888306,-0.0005511200537947891,0.004111943145989325,-0.0033179409347742312,-0.0011186807797990894,-0.00013787135130329653,0.0006014933280449221,0.020332499771727765,0.21985549858870382,-0.02139806734306313,0.06889735449422363,0.003078914163612952,-0.0014821513778722059,0.07198171573154231,0.004388821217556549,0.003331585569538918,0.006723176589583907,0.0131836367066528,0.04006228022248391,-0.01341492057611096,-0.004291624951190912,0.0950572124950569,-0.12664309708764288,-0.008679137318704351,-0.018498462729861772,-0.08927164267388774,0.19211533041830825,-0.026429464819136828,0.004133893819320613,-0.02521900136579847,-0.01933660913078373,-0.013194414626672226,-0.008480229759225223,-0.0008501942221239058,0.021041796593520526,0.04199646185395881,-0.007775974206604209,-0.0015465022755325045,0.0007632271409207915,0.0005997891843487694,-0.00021121059840588531,-0.0019853676065004124,0.00013936752815742507,5.689237902452187e-05,-0.042981214585561096
9_5,-0.004918106495596381,0.002220724494045419,-0.002950106300604768,0.008358070386082547,-0.0033691152608086783,-0.0009080701195806615,-0.00019762298536289344,-0.000745292952730989,0.02262058185926739,0.21888008203825432,-0.019868949254175945,0.06657244424914852,0.0035296304306963494,-0.0009425114588222486,0.06826098220893255,0.005373383443996301,0.0007042595317253107,0.003320749974233665,0.005267008920495904,0.038210355157315426,-0.013144067929666216,-0.004207682514997004,0.0954792809510744,-0.12370210319559775,-0.010782838569534346,-0.027259504892044425,-0.08615369361363599,0.19282391167647178,-0.025589150276265498,0.00464400904937474,-0.023188327140784153,0.004544868246187273,-0.012813730128087418,-0.007848219853273653,-0.0032124955979890434,0.020397828679724585,0.039320474387588546,-0.007636879432162432,-0.002668063303093911,0.0003517784982553242,0.0003076514566259605,-0.0019221358657650265,0.00011603994745698344,-0.0009950583864444698,0.0006157287660752738,-0.04375773120852206
