,0,1,2,3,4,5,6,7,8,9,10,11,12,13,14,15,16,17,18,19,20,21,22,23,24,25,26,27,28,29,30,31,32,33,34,35,36,37,38,39,40,41,42,43,44,45
10_1,0.0560202946509253,0.01499078226105859,0.018444176844406975,-0.0022159541012251468,-0.0005948797681929335,0.005184089907214881,-0.0005305223505028349,0.008258000197532468,0.0025812358633544607,0.08115218422430433,0.052381553404416616,0.048730792002756707,0.007993894552090602,0.001797513309022123,0.006321223355362353,0.017177358015900045,0.005898007270674599,0.027852081661382286,0.004239696248975727,0.02951645381331809,0.005297484676404872,0.022232528968249253,0.09495463879415421,0.0146119729300998,-0.03299168962501887,0.8380240287072813,0.11784792712286284,0.10564647131223287,0.00018469576396207946,-0.010650627051257635,0.026682078726081485,-0.002591514002873849,0.023330413930720866,-0.0002719968786815937,1.4984497269756862,0.07616497274283503,0.08906932126315711,0.016074922766102506,0.024213784598705036,0.039904604587978135,-0.0032053089782128497,-0.0003657713762659507,0.00923293555359331,-0.0025210994200540603,0.005792183671240875,0.02890322544773595
10_2,0.05370003555793947,0.012663439948096999,0.02033629139314004,-0.0036506676092280727,-0.0019558644487068246,0.004583803132400499,-0.003530124844304245,0.006856285337708192,0.002217683744619501,0.07826708366788096,0.042051431593767015,0.04463193249134533,-0.001767474518857692,-0.002633208713155753,-0.0005374117737610185,0.006036713838189623,-0.00255616753906068,0.0153699820231006,-0.0021346695660046356,-0.001090576658946398,0.0034172442946750208,0.021537680828346045,0.06059914842627769,0.015149458758834524,0.0041393351620588065,0.8012963393262823,0.11140007271986975,0.10372261182529073,0.004431010875922503,-0.011135737897122867,0.01802793319887893,-0.005213551639289048,0.024079532356191785,0.0004432133867944314,1.4732597647256653,0.07709438366355116,0.0804071777110211,0.011995475305970171,0.029652393982975003,0.03715675746617804,-0.0037602613106917796,-0.0008580999603194518,0.007852973398721564,-0.0023808676554797612,0.006242628007095156,0.0246562905744148
10_3,0.05315229050284254,0.011982038263259916,0.020545122137031142,-0.0028016916690772227,-0.0009533382376961038,0.004397760606792903,-0.002618515844109139,0.007878727828187871,0.002113708049085566,0.07518296815806533,0.04241703846215304,0.04505841375686954,0.008244664181984504,-0.002119125181678225,-0.008437062904446038,0.0011146733944815278,0.0173914862307342,0.05342526061002429,-0.0018749850640328706,-0.0006928739805280635,0.00041433624606555954,0.02180248088409682,0.11195268082128315,0.015473071310488197,0.008050136877153061,0.7711821522465169,0.1077701719730945,0.09432035715857463,-0.002303667289163272,-0.010282220478101437,0.01508774970662282,-0.0018591333228806521,0.02354391082685326,0.0030129133026579394,1.3155458066867052,0.07424154483986398,0.07540740016329886,0.01705531107496252,0.029103407986439695,0.03859628696225694,-0.003510724948639867,-0.0005215420583528586,0.013198282829554226,-0.00526279500942557,0.0061628770981035155,0.03933347202873742
10_5,0.05609285882339781,0.01225744863919178,0.02053424301541342,-0.0031718426743414956,-0.00017078510375073916,0.004429366064162424,-0.00446278654374066,0.008890413682414278,0.0017618138374900024,0.07094284205766664,0.034736786073477015,0.0440700512375371,-0.005114233275832405,-0.0011595584766317306,0.005560666256984869,0.01221625792949963,0.002767280658247551,0.022979512830998756,0.0027051151490639588,0.016208805905695112,0.009746639439539682,0.021715317208031628,0.020812431806035304,0.012069081451795225,0.028949210151065035,0.804794734338301,0.10034632405701296,0.09692054483726957,0.0072242210570171335,-0.016192988325674236,0.022827835453163813,-0.0014861384076431399,0.031081989132203166,0.00267826100203928,1.5026893786238942,0.08238210712503882,0.07660041559554387,0.014599200728270933,0.030170357406801494,0.04260035886839742,-0.0029911426364843145,-0.001005097453741585,0.007639470545947179,-0.0025261607567224047,0.009405271116003163,0.018985772246421118
11_1,0.02664303623387777,0.007812974531480173,0.006618519131702337,-0.005140301286392296,0.0033697012020803335,-0.005494269812013189,0.0017606854876084346,-0.022889070089035707,0.002315228141014311,-0.010660443536066119,-0.05314815234668033,0.03426119996087051,-0.007798699702185383,-0.0025189044933587074,0.008926685524515655,0.0058636204666323195,-0.0031855500864474695,0.005502306243462957,0.0005979197243467173,0.008385930179639962,-0.011136755369217089,-0.007768611016295866,-0.008513937733590486,0.0018041251361288436,-0.030134710594141953,0.6616867458720743,0.022769455093499293,0.0652523869831944,-0.004551077030184643,-0.030797839069151768,-0.010909540594175739,-0.004873156036259834,0.009763509885848743,-0.0037655698141424703,1.1890057146002257,0.0713679231121537,0.06334864075298445,0.006417134900147145,0.020090656704144033,0.016845620166618263,-0.008303310905891363,-0.0010255445695690518,0.0043124974300294775,0.002584389342474382,-0.006618726003897606,-0.0023104140999271197
11_2,0.04017479975238694,0.00949942684297554,0.017488356545805998,-0.006684734110281029,-0.00042379006666885767,-0.0023131740724359126,-0.0008464370616871214,-0.007704204267903665,0.002812031036225298,0.012636901980822696,-0.014743467616422073,0.03861965566120483,-0.013935561116437458,-0.004190047336739994,0.0032449322564843674,0.009458733886932618,-0.00362690834834927,0.007668396717559965,-0.0046793267993139424,0.01636234798746682,-0.005866706506465423,-0.001563445034135553,-0.0015865143533889436,0.005564226598169618,0.020297564674187883,0.6959610889922475,0.03140721990220757,0.08126206246787766,-0.00010490619424219308,-0.030867561235542934,-0.005190304409207528,-0.003696423161424512,0.02318675904207731,-0.01216902376279094,1.3675691849811185,0.07250234824873478,0.04254843897044956,0.015750634047044045,0.02534411194823289,0.026834088084281428,-0.0015612222120895008,-0.0022862534495381105,0.007092108809399214,-0.0016011771252092642,-9.062590953582859e-05,-0.0011315117785071355
11_3,0.03809489645643501,0.008371127666299863,0.006390356008088899,-0.003905947901507493,0.0011468691297812615,-0.00515268127353424,0.0002603292065375839,-0.022421324032701948,0.004129635293018861,-0.0014794259550465702,-0.05173537980535487,0.03195347329421194,-0.01534052121410581,-0.007706607353312481,0.007945247031839398,0.007224216363169504,-0.0030803718256241282,0.004747610981902666,-0.0003968249705724224,0.01045631810711908,-0.010980359600309849,-0.007182239532782825,0.014331005971030842,0.005926852657392404,-0.029224408422757416,0.6615651835147619,0.022690615670847868,0.06679867296881183,0.0032182079634610517,-0.030858357024036498,-0.009304841829946597,-0.003935803782456037,0.00939767330302863,-0.0053017580640025855,1.2403764412895364,0.08068328846149793,0.061583566437536735,0.007370521075384594,0.02011049401737491,0.022554094058254995,-0.008775991422107974,-0.0015278420702686006,0.008311748432785045,0.0019564047449512232,-0.005791840267121253,-0.0003232178070129682
11_5,0.03930452896163567,0.00825953850207747,0.0077042712311931275,-0.0045643746469172155,0.004700278820047586,-0.005534706156986233,0.0007827623033545551,-0.02251229616314252,0.0038397498216149266,0.0030460228241314625,-0.05186782354126801,0.035436420614966296,0.006372873115245107,-0.0030273601408815002,0.0004344494265210593,0.004686506164516796,-0.0022649328873297105,0.010693180915726474,0.001168869637074813,-0.003863315032627446,-0.011163559464210101,-0.005602081698392234,-0.002549928879596237,0.0004159377649111881,-0.0255228909041968,0.6494236252703033,0.029460989010676793,0.06439420804002892,-0.004044919441378089,-0.012834035231726217,-0.011514514588700146,-0.004676801149262869,0.010240777268540596,-0.004139532912680014,1.18215949360667,0.07600542591170897,0.06102147913962299,0.006443772003489673,0.020785556187200745,0.016234186221877184,-0.008294777348037012,-0.0004504081301207142,0.004541424905200602,0.0023999596331036994,-0.007288680344296752,-0.0026088272585526166
12_1,-0.010542599916165664,-0.0026819837778627722,-0.007430144647361487,0.0007083082773293483,-0.0009929326157914757,-0.007180974511786672,0.0007752636154178356,-0.0011886744723581116,-0.001995423554236251,0.021291076873302513,0.017719053101176944,0.02099389775174996,0.0015570206904332098,-0.005706751536970774,-0.008546725019429786,-0.015836525402734225,-0.0018727355396505134,0.007199326344945866,-0.0018176439903455897,0.0027177808918832733,-0.004530167414797669,-0.0011162392108471073,0.015056886439233468,0.00014638497044092602,-0.003399627617115499,0.5432404417514174,0.04911320940468326,-0.02679369539937575,0.0008176231571525506,-0.0388751350361824,-0.007758932635514521,-0.005250223944064826,-0.003130567503062617,-0.005350299224715865,1.1524614388910481,0.05212118489217292,0.0043417609972961025,-0.0013797513561768179,-0.009724306233723957,-0.008077971758001219,1.6834192379556806e-05,-0.0006336410515577362,-0.007492742150355871,-0.0029484191365290492,-0.00045743385607543703,0.0020198790392237523
12_2,-0.0072660469105732045,-0.0019825524655256634,-0.00553250657691858,-0.01864086084216072,4.8746155065258726e-05,-0.007214954613649974,-0.0019540936505304573,-0.013127734075623149,-0.001038924043573703,0.01833954850746884,0.005702547434188415,0.026827937904658365,0.0011089562657803486,-0.005163696563445355,0.0002765312906025815,0.012894384771517732,-0.004793714713324191,0.006380606922925675,0.0003235985369302915,-0.0027657022446259593,-0.004005723259668151,-0.0007104134303424587,0.014028441744791278,0.003311046114158056,-0.0010271261192133395,0.6019080027887246,0.06043089728238714,0.003300658441950747,-0.0010870462175379912,-0.03684385564163115,-0.0067975462962059805,-0.009941059663210156,-0.01412639507208297,-0.004841492355757764,1.1441144656319229,0.07023184013965805,0.0019507565090319404,-0.0007862610158247599,-0.010733234616564764,-0.006332147249099646,-0.0077208181182791685,0.000961020316685719,-0.004738022213269319,-0.007472893396524531,-0.016906458841437134,0.0010461017517453689
12_3,-0.008739273157519767,-0.003582732253011669,-0.004356311048983815,-0.018245915586128647,0.000633147668403354,-0.006801487887992478,-0.0009894002011136057,-0.013555485109838348,-0.002095371388622639,0.015375837700857138,0.00188063304733573,0.019265210912662614,0.008204350929069399,-0.00172233139864098,-0.014197621039090079,-0.026152730113699348,0.018321359099422112,0.012688264830178972,-0.0029948466574667002,-0.00847686668972568,-0.0051172867301240614,-0.0014649048730413622,0.011276264115690578,-0.0003420777034219768,0.016803799651708213,0.5792205430496242,0.04546890574127307,-0.017442657122932626,-0.010151763304069502,-0.04272995796152896,-0.006686762821281353,-0.011122969578173514,-0.011456410142054093,-0.005555861820895436,1.150457643929534,0.07022585043945424,0.0050674127548261064,-0.001577779601175902,-0.010177400546258751,-0.005542613759355916,-0.009029987173270717,-0.0005929957677406329,-0.003963653344410496,-0.007347832368406519,-0.0193442692260338,-0.0024116677383506533
12_5,-0.012782023649643152,-0.003197027414687313,-0.005111966290475129,-0.00675972206568701,-0.0006739149558009199,-0.007238857682631508,0.00038859159008142744,-0.0025784430986969457,-0.0009395836664598668,0.010440428091367812,0.016235779995782917,0.02444070039860201,-0.0035460615847553293,-0.009571008699500044,0.005228612790283572,0.011876953648939063,-0.0027289906580614167,0.0047647926835874006,0.004347523456571621,0.0026268257971348813,-0.004965732376628685,-0.0014148690502235545,0.008430494424323653,0.0002513873654671878,-0.023311238271212086,0.549390414755881,0.06007607476222335,-0.023595375989144463,-0.012963362879289472,-0.040781442821686734,-0.0038690967912324353,-0.002073875138523093,-0.006819308766033782,-0.008684999559879121,1.1745777337162282,0.047491011805261364,0.000597852505116541,-0.002088737035541839,-0.011025443299390156,-0.008824504012379825,0.001974904172809807,0.0007441287023970063,-0.004713609167932763,-0.0031903884944886277,0.0004989982513744358,-0.0004839945499638468
13_1,-0.006774353264899499,-0.0028514017189794666,-0.001232325179708873,0.017108091978832972,-0.0018214194163555808,-0.0030520969322398337,-0.002474174595406491,0.012179652955412632,0.0015470587716372877,-0.005823081102762801,-0.029065707854806576,-0.009129755291980624,-0.012872327542629932,-0.015855377795234125,-0.00642702630180934,1.6683885288243662e-05,-0.006811346416355775,-0.020505493413115913,-0.005813505880379049,0.005110899657783816,0.005769214288820402,0.0006183949923195966,-0.06533398059739476,-0.008433903013219708,0.005900952051460504,-0.2627813397058485,-0.005460780683146231,-0.01448725668305406,-0.002256223762779469,0.027174627339538012,-0.0021399421352337835,-0.006926250650726077,0.003009931553498388,-0.0004768782363510509,0.8306500806009266,-0.13661483903952867,-0.1826279351149272,-0.00127243148406467,-0.0049999115811616085,-0.005510397632127168,-0.0003939313192341861,-0.0010380766440695175,-0.0014730974888841402,-0.0009456940160245512,0.01818773501749378,-0.03894600052761808
13_2,-0.005481735758672118,-0.0014306684867736253,-0.004011448073233034,0.011409495190678574,-0.001977017819624483,-0.004296683575686496,-0.0028360302855280064,0.012408242211164659,-0.0007615503782152094,-0.005946776202183052,-0.02999844606740873,-0.007681106199381584,-0.0008187460561326351,-0.021857654865567542,-0.0075506449680914425,3.2358814337978646e-05,-0.007347240361950227,0.014466681306794373,-0.007805899273796272,0.0017480661284281687,0.002664180594126047,-0.001759765874691531,-0.07791242944245154,-0.010258413313041595,0.016988804978943648,-0.11076519205267281,-0.006535347038677802,-0.012943126443540568,-1.5893352240275527e-05,0.02599273595252524,0.0010539332633746452,-0.007110280592381183,-0.007838163859069809,-0.0007820825143271085,0.7662175991067599,-0.11813603077648131,-0.18543260083231067,0.0008070501425430088,-0.005714407639907079,-0.0038256019956162714,-0.001141004193192929,-0.0037961955718531053,-0.001764146685375458,-0.00019494644211061655,0.01446169833732756,-0.05512955144986714
13_3,-0.01150231009903407,-0.004091573241714069,-0.001225339700326228,0.00021038134721862168,-0.002157643352799764,-0.0013209771532943118,0.0015158580067755332,-0.0034631012090932316,-0.002507325552160382,0.006992438217224899,-0.02236133328796152,-0.005442834765574888,0.0028886206771822653,0.002510101793926702,-0.0008703269160912401,0.0021955607535578065,-0.006989853430920844,0.024812493804073823,-0.0019567882206725632,0.0037065065028322563,0.005863869428736634,-0.003580755877201203,-0.10876319893458028,-0.01493554700366446,0.02005753947225532,0.36125525653907087,-0.011013004112698465,-0.012060241255725294,-0.00689734505439633,0.010456545426034561,-0.005105344792441349,-0.008533082553990833,-0.008868482330592446,0.002808423953060551,0.6484349835022194,-0.048760618737311585,-0.33722113124329167,-0.002816891657249388,-0.010882956966308761,-0.01124473389112892,-0.0028241516007250257,0.0008252422786338774,-0.0036978019598972417,-4.609605310525214e-05,-0.00035765122461195616,-0.047303427796746234
13_5,-0.004596963036794154,-0.002327535248627103,-0.002698758351578715,0.026733588251871974,0.0005742728190438083,0.00018055391103683946,0.0017195048770008814,0.0165882628238936,0.0014674025624735589,-0.0010294087236521103,-0.02650344531525086,-0.006441333493798895,0.007030486757995337,-0.007756391352178209,-0.0030366530922004554,0.0006119203735338946,-0.0020571391389807253,0.020056510799229887,0.007574459825121144,0.004833947344881162,0.007862556926806989,0.0007468399888404655,-0.03715743863127426,-0.006793760256512606,-0.03426879296577607,-0.29180353201961495,4.098651483281577e-05,-0.010778231608911974,-0.004242535412204162,0.037632582817014155,-6.132566448020327e-06,0.005998282844427058,0.008391679115512302,0.00020266963511803658,0.8365866563569081,-0.13136194054922964,-0.1352435642497704,0.0005088745250209101,-0.005306012443340188,-0.005137213084595925,0.005195416428323652,0.00018597968017196304,-0.0021602069872961073,7.242230413809534e-05,0.025614730468990515,-0.05488915744276124
14_1,-0.010248869483926686,0.003996070375289051,-0.0009204476869483893,-0.09752913410711213,-5.999194724608528e-05,0.001656790642927472,-0.0016400513973502042,-0.09503539019010893,-0.0032532025488668085,-0.08841368403289082,-0.12924345799993872,-0.07402681605456667,-0.013310397031392201,-0.02098412032769805,-0.01642587583342443,-0.016101958821998497,0.00594617655260841,0.030578685607693258,-0.0031920609580271134,-0.016865232488457848,-0.02875227613173904,0.0073175479086863525,-0.022879441178880862,-0.04563371994211246,-0.07419227233998707,-1.1972110868899217,-0.015534139990863791,-0.022009783522389654,-0.01760893728654354,-0.15044435141817364,-0.008727732841982454,-0.0284394304697558,-0.018352495834729844,-0.02798521691705355,0.9580109806550939,-0.41234888393948227,-0.011928249162687823,-0.005202870321240288,-0.0011844301720353393,-0.002049390741572417,-0.043058935506588805,-0.0027216602235180785,-0.004413312790981687,-0.0056876509596480145,-0.10851565854418763,-0.07346396200721893
14_2,-0.010071052659235925,-0.005249683518454456,-0.0020349143834348772,-0.09748947718217991,1.2132364155300666e-06,-0.0011534561719525704,-0.0005188222978007124,-0.10050583934898286,-0.0016819209610200573,-0.08844499672476497,-0.11843761730328134,-0.09474345456973433,0.002531240993534249,0.05111269423741957,-0.002153066348367838,-0.027325178284962292,0.002811294347936908,0.008957231700751724,-0.0023792541750268245,-0.005019506515534837,-0.02505874442921019,-0.016831087578307084,-0.020882445597253288,-0.03648404616427973,-0.06831388348596756,-1.1733456264314848,-0.024175631920367112,-0.0321480405770784,-0.016592107133398152,-0.1325671587078281,-0.0058476936782472745,-0.03272052133026212,-0.016934960268207948,-0.034461654203373444,0.9055563240683677,-0.4040645788254241,-0.013145031498656475,-0.0014477635204554976,-0.017932865832631817,-0.002336406431548783,-0.047178938415242073,0.0010968143497525847,-0.005075857556316404,-0.004745736340834537,-0.11486150672412182,-0.09612672075948565
14_3,-0.010268197842613092,-0.010448233095903715,-0.0020842357449567194,-0.08447891439777916,6.38603034754516e-05,0.0008228470750836002,-0.005175812417728073,-0.08176785252938501,-0.002001290731578004,-0.0840474896554404,-0.12485426779289406,-0.09386118468369886,0.0012212481812179249,-0.01566928054146171,-0.0029961244926862266,-0.03546110355466976,-0.010290416849675342,0.025508946566873383,0.0013993614459000504,-0.0013642067324531244,-0.035340848164661195,-0.0163093361820362,-0.003600678237818434,-0.038282619279946216,0.004012971293158084,-1.1795895520184325,-0.047765632819539904,-0.01082377088818363,-0.015495313043630844,-0.1271941127273311,-0.007536737816817395,-0.032124820202588396,-0.017653847408771014,-0.03630202808610176,0.9158345097375594,-0.29417065288474115,-0.011956271898948172,-0.002103498068599715,-0.0013279923047214096,-0.0024867124541339226,-0.03374699168853223,0.0005983453001411958,-0.00379732772126149,-0.004291520171914,-0.09039830572694106,-0.0918628514571252
14_5,-0.012066160504773474,0.00023205194127023566,-0.0014758068058277616,-0.06543339457783925,0.0002664163157365007,-7.145542347474008e-05,-0.0025170999565138352,-0.09403716566630364,-0.0024727788395437957,-0.08790492666244021,-0.12946113794056052,-0.08415402200024959,-0.014599558607916197,-0.025696972801894317,-0.01031210058241212,-0.008635752462708066,-0.0016118570047828097,-0.4337022626285243,-0.0027025313356094753,-0.018496678646519334,-0.029088328949975217,0.007755048247066025,0.0021040850770494956,-0.043064227614168005,-0.06986305181612108,-1.2339860808170462,-0.00856194850866704,-0.009513271684166706,-0.01671086436294839,-0.11551315755085784,-0.007957614939951004,-0.027566370025431643,-0.012050752180725297,-0.021565693184834228,0.9588596580768078,-0.3041359810327031,-0.009136222268760518,-0.005729508524800868,-0.002024821072203833,-0.001808059562811177,-0.030955995299203818,-0.001546780570127497,-0.004650230521307204,-0.004120924419034963,-0.08189659820193423,-0.007102573988465131
15_1,-0.007034569602032357,-0.002507646278243418,-0.0015700387224795239,0.0026281775284891467,0.0006751288741205608,0.00034512775727859116,0.004224180424777214,0.0013128072581182777,0.0027630587136881005,-0.008521278740461546,-0.02616846084467797,0.0026416924688736883,0.007839112104483209,-0.006390634750743079,-0.008759399923252968,0.005202633412103746,0.002350103846447643,0.0066241534177651305,-0.0005648428000887265,-0.0029716668106864012,0.005715601248486575,-7.252815980216513e-05,0.06973373061419838,-0.002307665295778984,-0.016907779685472593,0.7803757924892734,-0.005337915522259312,0.0029869253457460894,0.0019602522108322275,-0.03718335012708805,0.005243673190398331,0.00215689173186452,-0.004084522411696327,0.0040994292059097735,1.3458793668230347,-0.058932802937920775,0.051780441691243594,-0.0022809705510818765,-0.005970668896903826,-0.0076919288937528476,0.0028009541962163882,-0.00027509833662499094,-0.004122664585452551,0.0024769751239393407,0.002385133644061,0.00508408281332907
15_2,-0.009500750297372042,-0.0010781563424496709,-0.004344362182329276,0.0035379131283964807,0.0009995512380806776,-0.0007110692542017026,0.0016716086091571052,0.0021325139301607704,-0.0022535413134920686,0.02425071213171127,-0.021515277740572644,-0.00404952611121462,0.004900653667174639,0.010864691355217716,0.009669643296492893,0.015258354678667436,-0.0017233321408652975,0.012625189151372796,0.004171271787518786,0.006857092825506085,-0.01391746628863427,0.00807855589087955,0.06585956858144222,-0.0014564808288289471,0.013247012942890149,0.7518094322708454,0.018596599485460445,0.01174419406066084,0.002697317133360771,-0.035414952961254506,0.005159893735519996,-0.002814661513747754,0.0024685978959141965,-0.008323521521756763,1.2546999864129016,-0.05031466877276565,0.06317359146431269,0.0014804159660349466,-0.005231121225678391,-0.0066964314551286085,0.002773836277456314,0.0012972779173845424,-0.0034499373595825995,0.003309879707974026,0.0028089063561739227,0.004376747343617749
15_3,-0.00967303733243572,-0.0015065724713221981,0.00024064434326552222,0.0038595727647508468,-0.0010895500507601262,0.00022635500716868158,0.0014961114821721861,0.002230711029928357,0.0011693319267724444,0.008136139473798544,-0.02480337545734873,0.0021929411630927675,-0.015500131128259438,-0.0012040966565088546,0.017735634902113016,0.016367336820651928,-0.0022780282226706272,0.009278780880317711,0.0025807974453443336,0.007955283556526029,-0.017007775759878305,-0.0007721815113146003,0.06178256321928315,-0.000831477485801658,0.002250808744684681,0.7872018235682107,0.011883146312043145,0.009275746706413098,-0.007870989023389558,-0.033986379770283015,0.005915770469348964,-0.000525742180305859,0.0025117508708046264,-0.009913236635502476,1.2728186686085483,-0.051969305167376405,0.06595418107700998,0.0016393050618730468,-0.0052602378391304345,-0.006749636570678164,0.0028930948265708375,-0.00010423304083660099,-0.004231409424165859,0.0035096288189839426,0.0014209535490402685,0.010996715059678468
15_5,-0.009975614006146391,-0.002664145279152745,0.00030202797523055626,-0.015821745198109163,-0.0012882818671427925,0.00031899689217158595,0.0015844448524380491,-0.011675345391973166,0.00041935468024602437,4.528118852654579e-05,-0.028121116928116356,-0.0026197301148445104,-0.014506611753964884,0.0010223223995116935,0.009616158898862656,0.008183818126692052,-0.0036077784809873093,0.011531142412219742,0.004518020968616328,0.0052069003093380166,-0.015103587881894663,0.001700984140171313,0.057161071529008976,-0.0010044723627007312,0.014514334622150708,0.6457939061367568,-0.0033709329027889205,0.006056867103157362,0.021428974264647686,-0.026501438297245515,0.00010634135576027602,-0.004157175118079566,0.001385593633618292,-0.018648641172895372,1.254760412608906,0.06405736131111925,0.06420134207743218,-0.0011460736148551707,-0.004905181228153971,-0.0029714421293645103,-0.008468767908868613,-0.0006812783276348552,-0.00416430582994332,0.0018879733807226993,-0.01701223258175267,0.010896435527722651
16_1,0.014569454361554159,0.008570684947792128,0.0020097561359131893,-0.021644811492621333,0.0035956442427800277,0.0005236657674903436,-0.0013328098146636572,-0.024572569822559096,0.0007068021815970835,0.023718575421603737,0.0431296871611562,0.0004633311337197,-0.0002472669630234724,0.03707282968414767,0.03583910059583693,0.006667644448164753,0.002516309374028738,0.03421263440728361,0.011976041181890147,0.006626323610550154,0.016686995350692138,0.020925669684138545,0.014093548325188374,0.010157628420489326,0.02429294928019374,-0.5509697640152988,-0.006345377699584431,0.004461531628911638,0.003682600327708388,0.028502065040721895,0.013589924980783416,-0.0028693025120467334,0.003546756174084185,-0.0035520154817876787,1.0941578081793093,0.27419056988455054,0.031819558844888275,0.0027888770725553705,0.009558766695004878,0.0069845198644653255,-0.01083205345299985,0.0013508459611263604,0.0026077578735482646,-0.000771562195095683,-0.028068621360280144,0.06220595177430307
16_2,0.011607172668772904,0.008553563777698132,0.0019940783103541207,-0.02135357318738897,-0.0006832135398690554,0.000248667078148794,0.0009726747573591578,-0.02404219710691965,0.000642157170267386,0.023614151093834163,0.04466798628517507,-0.0007743595307940982,-0.0006620663382208009,0.038227352348028376,0.036953085725128065,0.006211279468703946,0.003701812754868295,0.03440422878967501,0.01130804765265383,0.006472160789750654,0.0167753786977315,0.021645391577210918,0.014997096726411245,0.010092094954093724,0.016318781855305397,-0.5658734338267247,-0.024446003274008855,0.004481132500522555,0.0030633889736932677,0.0295257210325164,0.012616926669739556,-0.0036268629155337645,0.0035861486220106213,-0.003424069427216471,1.0918867377194288,0.2825590427327796,0.031041834971005558,0.0027344513542068103,0.009335149478753467,0.006813771811537135,-0.010944852715564866,0.001461617050059005,0.002561163429358927,-0.0005717269225205951,-0.02810595063751199,0.058583554675047445
16_3,0.014476501188736801,0.008509113590248057,0.0019611121873988873,-0.02150754700957684,0.003188380196133023,0.0006497092204053303,0.0010806354759992204,-0.024578907836184747,0.0007401440801189815,0.023128323772780644,0.04080436892841566,0.000640967755159808,-0.00024936992893347836,0.03713415845507636,0.03569464998747415,-0.004293086947680172,0.002538289611696119,0.034384995646409816,0.011714250147254713,0.007140923801347836,0.0164011959202017,0.0209448583806173,0.015223130437225335,0.010167158627079741,0.017353044391009185,-0.5601400263343606,-0.006301046631078973,0.004593334857307749,0.003907629653694189,0.03252851801667361,0.013107056226367573,-0.002412309022872494,0.003657179086117655,-0.003559317421205367,1.097244577253782,0.2816755924120897,0.032402592082579985,0.0022533067839378214,0.009427041778162188,0.006988816703535015,-0.010680443796118662,0.0014696756120886401,0.002604674391558045,-0.0005011871269507775,-0.02786964117103687,0.06404233947035576
16_5,0.014553861614624434,0.008513224274087716,0.0020027779145194756,-0.0213652149014763,0.003550781669688046,0.0005257280084062508,0.0009894051837301553,-0.02457568384093611,0.0006445772984099398,0.02365642625148199,0.04268087152571075,4.2957571144445746e-05,-0.00033926778557932845,0.03721228154844229,0.03718362852935878,0.005966456648604272,0.002493762495359291,0.03432834758735147,0.011699794255911436,0.006984689866709734,0.016673046010730278,0.020834094672741665,0.015128507337769803,0.010062480279064326,0.01737989699060267,-0.5575327892995784,-0.010298847760921758,0.004547371267835364,0.003693264874006221,0.03314637725626951,0.01313469717853635,-0.002558968485549835,0.003406178753161009,-0.003558068782294195,1.0974003901218672,0.27979763794516604,0.03178495393580668,0.0027473580662085565,0.009634346171963218,0.006820855967151408,-0.010922776652188219,0.0013550053921400952,0.0025985345239697743,-0.0005736597451336636,-0.027907024623914787,0.0640166852454496
17_1,-0.007555690493939891,0.005014906751178259,-0.0006572933866699799,-0.023812887022273237,-0.0006213946257975038,0.0008976745674572723,-0.0012571250842175264,-0.01696557683390375,0.011652660373625121,0.011538577788564132,0.02890636707569694,-0.015259407467928178,-0.00025981981765811537,0.02199894169232718,-0.004874233750999516,-0.0010802272420805752,0.002404724958988297,0.03196929554896937,-0.0010412593923386554,-2.7441212232151436e-05,0.010313005282689898,-0.009394509574772964,-0.0014748049313763436,0.01035103073509053,0.02811038504958785,-0.6771436601252163,-0.010579931966437176,-0.012822529930486829,-0.01855826443908195,-0.0464671523670482,-0.017228979297393025,-0.006788723572640221,0.003114501353186316,0.003088927055946276,1.06272751623322,0.3075233534883444,-0.0024517660661631077,-0.0014541677103216029,-0.003603593089812515,-0.002223809537829468,-0.013638011424388165,-0.0028000850228547948,-0.0031941460627575766,-0.006218737565419638,-0.03547810366047797,0.0006205482805140552
17_2,-0.00680621970183502,-0.010442822165926288,-0.0005222416499436514,-0.027901195480302385,0.003094249486529083,-0.000743971958514133,-0.00034585409997689556,-0.024842475544270885,0.010884007340111641,0.010027678341899582,0.01926868012559062,-0.01077608312531415,-0.0020047255479516473,0.03520346062446209,-0.004164698387764875,-0.006821414986524938,-0.0019724504089652555,0.023313867738241376,-0.0008633954683549875,-0.00302114322245943,0.005662083328123732,0.00232434683367563,-0.012428593578249136,-0.0057523788124230904,0.025405639880258717,-0.5055028666260419,-0.016735715700332884,-0.01256393219023539,-0.00024273758619206177,-0.04319606679216814,-0.022097549069011298,-0.014365952563858385,-0.0005051249620641088,-0.006931944815097417,1.0756751308692136,0.31533862731237744,0.006843166826591354,-0.000563199855196859,-0.005226347061272479,-0.0030570669358251238,-0.016111186304095672,-0.0022659651738170684,-0.0033597412096135104,-0.0062597644694993015,-0.03297786448425862,-0.00247842172185227
17_3,-0.005828615252503103,0.00600994313120068,0.004373192667456778,-0.02165652499455087,-0.0008874302360209116,0.0014442650206728503,-0.001413777962968765,-0.019341460865803448,0.012093851085178436,0.013273444053118623,0.026435808089380976,-0.048219408051035535,-0.0013968042998914322,0.04458829984593838,-0.004615132277486983,-0.025447032613412444,-0.002470785716038672,0.02459018673657395,-0.000982618896830017,0.0019197919106791837,0.012339725008455267,-0.021178548408941556,0.006012274345614677,0.009582824516685223,0.028751193535357007,-0.6630985766894433,-0.03072604227154491,-0.025164101669112395,-0.00481751397086979,-0.039414014461980985,-0.017847377724375283,-0.010944173869627136,0.0026407764298097386,0.003369929226489077,1.0579139866215286,0.32186955002036527,-0.006825388946694269,0.00010010089755703086,-0.0020307076996770694,0.010900567003302873,-0.014582825202960444,-0.0028416237475581622,0.004127513412358842,-0.003969629521158015,-0.025374816038853682,-0.0039841694484676424
17_5,-0.00706118873421169,0.0032649314184882254,-0.0014024073806936392,-0.028088945649838406,0.0015384422616543443,-0.0005534855505471546,-0.0015943047060622644,-0.02490116566230081,0.011646480825440017,0.01849154118570173,0.04457202954857988,-0.03369863777244596,-0.0003123557919683892,0.04443374772610324,-0.006809976616594282,-0.02622789366102844,-0.00043595602430011805,0.024756543943785785,0.004156981898491637,-0.0018976785688567719,0.004748351283338476,0.0015900377827277531,0.0003691321095965973,-0.008070190076744466,0.017563187967723513,-0.6540810759738835,-0.014960035566152514,-0.02217535722873273,-0.017530710709045164,-0.042229405521071336,-0.018301988238290694,-0.010900310805121603,0.0029168798558343277,0.0029642030881766434,1.0572074666434144,0.3149129281819352,0.036404911934700857,-0.0033896926674737825,-0.00025644862243706814,-0.0029348774887833374,-0.01427842533819566,-0.004065112060745222,-0.003440740875781558,-0.0075707513322808995,-0.031717880596759035,-0.0032411816825664574
18_1,-0.0064118549147596906,0.0024147531271981777,0.003057980628096213,-0.025841666657698215,0.0001035609575712089,0.0017089187423667735,-0.0027946862276572552,-0.01952655892682296,0.015448913972737675,-0.021070856230946226,-0.02724970354639691,-0.01207518613433875,-0.00025186758118127023,0.04946348707237649,0.02247807915035012,-0.024977389340894073,0.001011193995688119,0.020230447593695394,0.008175508474567625,0.003224968070766562,0.0103122315569055,-0.015861634052683052,0.009719183316989479,-0.008300938803742473,0.030628543428934285,-0.45668497320946444,-0.009957170499031593,-0.02058997448510905,-0.002100196680993316,-0.04107237593634484,0.019481204137227905,-0.002397079540931361,0.003926037248686699,0.005153687949061427,1.0851766485880519,0.34774513524678446,0.009262560400544873,-0.00029384990300111653,-0.004405678341135847,0.003269573045358057,-0.01464334047224113,-0.0027633087867129694,-0.0007612694533168048,-0.0037750097173797743,-0.026749590751405584,0.0007918045411775684
18_2,-0.014263439205634361,-0.003025332239328681,-0.002251066660617069,-0.017176326788992252,-0.0019367200804779824,-0.001115489454052794,0.0002506354535963005,-0.018407934526336097,-0.0017212520521505254,0.004644420782746305,-0.03813394782393879,6.035452219342878e-05,0.0020991785533086217,-0.02327248399462514,-0.020886059965842793,-0.03601099831108931,-0.005892763509859204,0.014706853636678332,-0.004947041332093918,-0.019530133769581005,0.0007072383942903006,0.001462409479546511,0.007653876693821599,-0.003643565487625864,0.012593529743592954,0.26210764828991756,0.011078567236123554,-0.027034274052799467,-0.0043309264866652816,-0.03337385830952617,-0.015824333128578495,-0.012331089378720095,-0.004598596257577283,-0.007351940744771049,1.135166267716371,0.12225131890619556,0.030510102422101035,-0.0008363926028359368,-0.006400275956572577,-0.0023372725253459734,-0.011709298363884658,-0.0034810015513826262,-0.0071681165772346745,-0.01398084315269099,-0.022786810567232547,0.009501046125810472
18_3,0.003098782362958002,0.006589721864989961,0.005014653406836391,-0.023083616541522696,-0.0015554651874423108,0.0018364254445116268,-0.0027996044603719014,-0.016786059559296396,0.0014749090461109499,-0.007170532610743945,-0.05575026798004502,0.00010031417688393166,0.004258307628095653,-0.017107185283617463,-0.008482190596680803,-0.009416971480328544,0.0004352602023368281,0.02595219335305175,0.0067480889609213045,-0.009834984834843982,0.015959932839867734,-0.016866935299394266,0.02447752758684338,-0.015807082344190086,0.034579592483733004,-0.4419717810000401,0.0013992248844224727,-0.007580300840618342,-0.00312509757873625,-0.061301232783907346,0.018081296544241492,-0.0034793645597990556,-0.0009832165719940557,0.004187893685059185,1.1133879918399243,0.35135923691727916,0.01284479304012595,0.00021718901150655212,0.002536528167907453,0.010193687061177353,-0.013442436790892586,-0.000504853044736343,0.004261742649966596,-0.003960206490162466,-0.02560908532811193,-0.00045983611639912816
18_5,-0.008723702505800611,0.004320095770656671,-0.0007642193903162337,-0.027912201270809858,0.0018428000408919688,0.0013592702245985616,-0.0033296227420873104,-0.024003022902146953,0.0010477857686427732,-0.01330664648768985,-0.0362212584133521,-0.003365754626680753,0.0009585518867468308,-0.01664918481007904,-0.00972778020109316,0.003319712719414395,0.0008677801313656812,0.023617780266335518,0.0031807025542235088,-0.011680492069542444,0.009356105070158197,0.007935509335925503,0.019450305951603398,-0.0010920621394668749,0.020370061507041015,-0.36032298990803996,-0.00479848211279589,-0.005255125095305327,-0.004788152827622286,-0.04828959884833297,0.0155899825655282,-0.005857574733584323,-0.005722492978710398,0.006026377207853459,1.1026939556180677,0.3371046921593152,0.036928953711867836,-0.0006673313268936135,-0.0010089870129905824,-0.0017018526476629194,-0.013330710971976387,-0.002842677671235799,-0.0007236109935115861,-0.00632717769574043,-0.030830628016722518,0.0007672816005776385
19_1,0.002102988037290366,-0.00566121931387127,0.0020805690853897426,0.026537492876971967,0.00026433679617437306,0.000580664582450227,0.002133987322199714,0.02013133166243705,0.0007285330341456762,0.017664621444462302,0.03263057858788568,-0.00821125304398106,0.010521053671253408,0.04431449741687308,0.030410104786953454,-0.007366689758116129,0.005667303176116809,0.04152087429730069,0.009856917053582909,-0.0007991778033349045,0.011060304647435454,0.01288948039424491,0.014135108147964011,0.010218361768900031,0.012844932479418968,-0.5819227701525943,-0.00964635739493782,0.0018103379642300304,0.004568827860304997,0.04714251847279628,-0.005087199333545891,0.014768361819919437,0.014177932375236062,0.004214748770978387,1.1402356917021457,-0.07834922217491058,0.033946465088664654,-0.0005405503965409178,-0.005440717688555251,-0.00022366122506255401,0.01009771552188392,0.0018179004350240332,-0.004944400625194203,-0.004416127774297515,0.03453230933828521,0.05958132128413442
19_2,0.0023252969765137793,-0.005395338959461185,0.0029744199411959227,0.02730811513014336,0.0002665180740346831,0.0006312353423589322,0.003975384003865187,0.020782228313599382,0.001002136152668574,0.01796226075531353,0.03356129433315365,-0.005164593846630405,0.01151515726784902,0.04543537184669079,0.03035094631076455,-0.007532781909118086,0.006945256388658899,0.04332200367090617,0.009731387411908828,-0.000339508424845293,0.014843827666777427,0.013331313829780882,0.014516473418270765,0.010111652892788281,0.014638163162354535,-0.5739987642912435,-0.005585390866929745,0.0018789618917424335,0.004196126274132265,0.04724920290690188,-0.005274102999412034,0.022524676217791403,0.014367903728387628,0.004198630320569184,1.133033188381847,-0.08152458177224424,0.03439527987995705,-0.00032110051690866756,-0.0054578232521804255,-0.00011990596402368091,0.006125827925982795,0.0017933129446471322,-0.0049947404635180305,-0.0044660464241710615,0.03467594614275047,0.057804358776710696
19_3,0.0020415707747809112,-0.005414700804675878,0.003124109990378933,0.026628227005796295,0.000630758708459997,0.0008308464116045832,0.003298072161643314,0.021465926519374595,0.00048063511668328194,0.017132570012154517,0.03383216563079669,-0.005854471688199227,0.011057688086641036,0.044837097305933826,0.015021126290404077,-0.01254269752169291,0.00637110076691879,0.04165962243766851,0.006374677197126285,0.002037595940513605,0.010982173482051811,0.013010695131273524,0.01448508088919717,0.010971956147128498,-0.008212924106484509,-0.620064546843065,0.006093618460103009,0.0038359910832813766,0.0043721609677794945,0.04674120862710076,-0.0036346927732291575,0.011436807835895388,0.01179739787423938,0.006360998038914479,1.1205994561026051,-0.0984743230343778,0.03522694026727692,0.0009938473010527502,-0.004985330349544656,-0.00026593569193333855,0.005190075818128861,0.0016482430922388877,-0.004255153257836779,-0.0046607493679839095,0.03223317723509737,0.008585681623816649
19_5,0.0023154850634916073,-0.0059895188477725216,0.0021001137476871884,0.02673437654464619,0.0002533333895411864,0.0036318266727685435,0.0021507555995112066,0.02121082516388948,0.0009961746523540714,0.017663047027923606,0.03431775298451728,-0.007276350286647732,0.010674783740746025,0.046050485292203854,0.030523275693187163,-0.008205211080859151,0.009619028606493853,0.04412062222086823,0.009914358233815767,-0.000660706119992468,0.011150422111164038,0.01282096127984834,0.013792901556552264,0.010181952937372724,0.01041199725800686,-0.5868337703134766,-0.022066453235051235,0.0018622416566531686,0.004372797827956602,0.04807020002339264,-0.005229419113312791,0.017606452642632497,0.0142541485822828,0.00429384402416291,1.1451929230854976,-0.08156048490767731,0.03383497752148704,-0.0003887406741468656,-0.005305876455350268,-0.00018223584735864345,0.010124122463957908,0.0018373445917236322,-0.004942578115829832,-0.004364602668750798,0.03682438503491544,0.059704916995746336
1_1,-0.031047179148032553,-0.021764074773101643,-0.01661311927698287,-0.007845665221784886,-0.020329306741258817,-0.023640583628720267,0.0015961597687034843,0.004249161442704564,0.0013544764065283503,-0.03269966614149713,-0.05646865211064441,-0.027722453187025098,-0.1581904727112893,-0.011587741212229262,-0.016299842038836557,-0.0075452805585828064,-0.00892845529867241,-0.03407416461184466,-0.02400259989653175,-0.011718449144896172,-0.03565911785683167,0.0026782716876464657,-0.019840363636644716,-0.018226906472082787,-0.03965872397306037,-0.36810417394156825,-0.0013263025511884591,-0.01910694720586445,0.0014577739563717386,0.015184958477554076,-7.812657019465331e-05,-0.0001902093562787619,-0.05144382080652131,1.7475454736928103e-05,-8.012493925990896,-0.09056007942596107,-0.11045983992646416,-0.03665300004754006,-0.011541645787695882,-0.0007563196568304668,-0.017502254499035107,-0.02004324411922538,-0.02320988610717198,-0.030729392659254038,0.008344121719667068,-0.02045925575093923
1_2,-0.005169761290460251,-0.008142895993702378,-0.007484597806119323,0.013538311220123826,-0.018778887634807697,-0.009495053228841154,0.0007062109072549071,0.003992585538627446,0.0014163747486976963,-0.03439222428449652,-0.049270826911908684,-0.03247265854565048,0.05749657499409368,-0.006705671246256575,-0.020099715000507182,-0.011277824206686632,0.0014433536811870825,0.0017596305725455388,-0.009283331218937286,0.012704441695050613,0.011502060827051476,0.002643754139586988,-0.020384231121261275,-0.0195457327911817,0.0024149500798828975,-0.2680319474623599,0.007882029467931337,-0.010189530767817836,-0.0023782197519359996,0.01530234556352751,-1.621714103948014e-05,0.014517075209397979,0.0007759956412013042,1.3255223404193901e-05,-7.4732396179297735,-0.09166811165815761,-0.12001180928913173,-0.0014642073698929111,0.0003608719870722133,-0.0022760706954022655,0.004601970019339618,0.006678779008962759,0.005603719436601566,0.004349448270802008,0.010812676510238204,-0.0214114955573235
1_3,-0.029116366604085814,-0.02158554338081057,-0.016670834578659876,-0.008523143128383457,-0.020314099813053467,-0.0252814111401149,0.000794303306390564,0.00364255530274026,0.0011550776964386112,-0.03129674703797501,-0.05611962141625531,-0.025479469797714652,-0.14601691240365208,-0.007054039315587879,-0.020799395267540804,-0.009796351198421649,-0.019675269257738246,0.012962749250895926,-0.018789950162611663,-0.015060647140460463,-0.03474759361959583,0.0019375318227479589,-0.019698638380354357,-0.01790606491901111,-0.004837851184772598,-0.296733229995267,-0.06302552368295924,-0.01934209270612047,0.002018181327546653,0.01512171013211057,-0.0001685663223933259,-0.00010474608211969363,-0.05115454575704757,8.414864699571973e-06,-7.928856321905518,-0.08879006513440993,-0.10934564256571176,-0.012798861534714677,-0.012987575094650983,-0.0006897203754471756,-0.018956352858009527,-0.00755131312639957,-0.023083480275799886,-0.010445675834572555,0.004123591448427671,-0.021717934396312085
1_5,-0.02229236492333345,-0.021528152645920548,-0.01648296754580439,-0.008768494169388656,-0.008777762092837229,-0.023657245206745916,0.0015865127042678118,0.0037391297256540476,0.0014645294620211978,-0.021447190040325123,-0.0138007152974226,-0.02518392674329749,0.05607481476811113,-0.012558899575165077,-0.012517116145219715,-0.00799952413227469,-0.0014129114700197477,0.017707449763302144,-0.002826713810717232,-0.01772132871829628,-0.03031683914679869,0.003481498414644233,-0.012637891799740333,-0.016573179920383912,-0.0035845701777906963,-0.27570421779688126,-0.023229625299694526,-0.0028971158036766274,-5.771368784593098e-05,0.016436986909786663,-0.0009567594314438922,0.020863058416637454,-0.04149477997386038,0.0002404844163323501,-7.758287396463237,-0.07659435165902297,-0.10750253283385137,-0.03256980639777006,-0.01167926228869908,-0.0006474482115496185,-0.018470935731280898,0.00037768248165602605,-0.017956381733727576,-0.024795289523687505,0.008535694633251665,-0.021215274427218555
20_1,-0.012272502367306724,-0.004030173835291184,-0.0004668834747932829,-0.0014571881952959444,-0.0019132522037313654,-0.0007832972126366527,0.0012072229113460002,-0.0071477909266904555,-0.00407273438918544,-0.009929020374208225,-0.030262257100411197,-0.000698006750419091,0.0029878484123800745,-0.0039154682505605195,0.00028755399420629776,0.0016053953591778425,-0.0036986963440991728,0.00785383187165927,-0.00198948002643116,-0.001472768802313758,0.006973747656367688,0.0076541264694182255,-0.07533172809462736,-0.012050026878949622,-0.02032167250001671,0.2711951095068077,-0.010672153461237933,-0.016185625064563135,-0.007649083132430044,0.009384705323502898,-0.0011527793637882949,-0.011111596845496419,-0.01347339415949101,0.0033819726145395243,0.6213147188420672,0.03955254197722652,-0.33987057297269574,-0.003096745466642527,-0.01097152668088672,-0.012396835410383859,-0.001792912992638874,0.0002729460869562776,-0.003316321075200242,-0.0015995784257811126,-0.0013527633735743434,0.009789874310693968
20_2,-0.012709778467453138,-0.004084803378541204,-0.001272430811867752,-0.0012483344093371844,-0.0017191770870505633,-0.0007162980911431423,0.001154395735282281,-0.007514186404650852,-0.005799460544280748,-0.009186275801468021,-0.031664275418903993,-0.0003202418336575524,0.00196423196636728,-0.006541800389032562,-0.003350271159732351,0.002590604108943559,-0.0031731231406647445,0.009435201035395184,-0.0016725468211325162,-0.001108706813801876,0.006056482337282403,0.007522772194445377,-0.050226391184856285,-0.012199584647884915,-0.023383233864619605,0.27155152672679705,-0.012748108932236716,-0.018652440935445755,-0.012363385469885156,0.008599691837506088,-0.007052519972935064,-0.013978585323064032,-0.011521680619367328,0.0031287118746507075,0.615786257798386,0.03804928902565366,-0.3582658809965363,-0.00254067866200855,-0.009929106747313229,-0.011495536040682102,-0.0017470150691945186,0.000389622317656312,-0.003401703917536691,-0.0015397606586768837,-0.00027306990490741595,0.007706778572561013
20_3,-0.012497957488957417,-0.004216984499916871,-0.00133563162547625,-0.001536917888998417,-0.0020926099010027824,0.0013326853395878773,0.0010735935991293985,-0.007314459851587318,-0.003912293107712665,-0.009065295353782386,-0.029590644224488667,-0.0007969710643958913,0.004984314652586431,-0.0023071652687059263,-0.004031892898278169,0.003200666619436284,-0.004691921042070026,0.009004631819058797,-0.002058464808495831,-0.001372913238222538,0.006423052879441128,0.007580235685455799,-0.08773739499032995,-0.012594129632786279,-0.02319859461252292,0.2557202501343236,-0.011450490900157548,-0.01825424567771053,-0.006802410290061814,0.0071417790516590625,-0.007331145235167447,-0.01423877114518583,-0.015588356079429233,0.0032386902017246233,0.6131030256805449,0.03973873955691347,-0.3538046990760597,-0.003272715478174183,-0.011051213003654818,-0.012489463844942586,-0.001986739377998179,0.00024375797475473867,-0.00376801940428749,-0.0017767383944239656,-0.0006463502276411744,0.00778253264832195
20_5,-0.01251684961852168,-0.004329102536125171,-0.0012986270437931333,-0.001513172688623582,-0.0017887399069191655,0.0011632159552322715,0.00116649295687887,-0.00695147141822327,-0.0049005736908977054,-0.009347214245220392,-0.03132454361780029,-0.0009326623608964395,-0.015468703731530696,-0.0017682772652875378,-0.004232638401670746,0.0020467393323218737,-0.004851142170365493,0.017733365681805936,-0.0026102154666776223,-0.0024342022562052427,0.007223881475972071,0.00765435892424478,-0.09208814858436201,-0.012427877888675776,-0.024439298006714145,0.25653929547172044,-0.010717563115792602,-0.018036858428246372,-0.012740764466123823,0.0077113135084410835,-0.007485624973906604,-0.013113582305581201,-0.016866214861130126,0.0027659544543931452,0.6446616635262834,0.0393346748743427,-0.3404367927306922,-0.0032966781214317053,-0.011426033304427907,-0.012549868605769858,-0.0021462602196766723,0.00019725108512070902,-0.003804980923387128,-0.0017745903136081836,-0.0006264902930029387,0.00576634155615304
21_1,0.007822829104645237,0.003681627074794449,-0.004855748256191904,0.020415081021571004,-0.004223527198876866,0.000573225162641121,-0.004602880741140184,0.015684934832031695,-0.00032906362408143626,-0.012623465813346663,0.005471592530881599,-0.023323305841307866,-0.004002796660493772,-0.01726785212067553,-0.023891111447289743,-0.00869092236687848,0.005257804099369149,0.017558653648202107,-0.006288127995989965,-0.002883375807324201,-0.007780030413163539,-0.025532381176287974,0.005262525018532084,-0.010276081003747,-0.012205510549224695,-0.8501709617306556,-0.005498211947080457,-0.010430726046529145,-0.00039563605430113275,0.002782169323935841,0.004809773123783526,-0.02663296810056685,-0.008912601858721282,0.0022020045681417,1.0180462437437083,-0.16428825091563481,0.02846573702909509,0.0027907278667184867,-0.00025010011780110167,-0.002229591650441301,0.0010486164602645609,-0.0016787200353264383,0.0031501825397775634,-0.01036651541829483,0.01184441289467864,-0.08343067840731905
21_2,0.014515083359064746,0.007431727074325466,0.0032421003395669496,0.005522139039066923,-0.000701026715532969,0.0026154820910462228,0.004957918726136792,0.02011198234889696,-0.007771922607453972,-0.0019427980719724082,0.016951932909125198,-0.022209465601672886,0.01093743865559447,-0.012074415321293372,-0.005011398833736108,-0.004048026136195471,-0.0009689088241896476,0.026281943109069637,-0.0005875517411154337,0.0045532211260358255,-0.0013228561651524497,-0.007410096702352953,0.004751469156130297,-0.00019433774602388597,0.02028361514104685,-0.8388284660290107,-0.0008191185647728745,-0.008855248209397924,0.004354258308697717,0.013043880188796292,-0.00014684646075911677,-0.028278951004242672,-0.010935967225469245,0.0021872876793095587,1.027038431772447,-0.16156195181424315,0.034864198264633904,0.0029694920390725254,0.011914986239779839,0.006190749985739328,0.008482457847603986,-0.0020156445819930983,0.007331304852245551,-0.004246028224503539,0.010290566706394314,-0.07222616392545446
21_3,-0.008381757560862476,-0.00909665384121565,-0.0030323369827441396,0.013423192183847105,-0.006102243123759943,-0.004308068215071684,-0.0040306423441480955,0.005212672758432754,-0.01340199752669777,-0.020946194583259938,0.00028399019177862686,-0.028411289071490306,0.0007089926993072308,-0.0251038154843541,-0.02645527625616902,-0.017446584307649685,0.004240870580777022,0.007665371332004002,-0.0060144672250766265,-0.00731575051067381,-0.012844047951292861,-0.022058201969931652,0.005593611017063897,-0.01182521475181444,-0.008820372371673855,-0.9275550937679284,-0.06788380195148365,-0.018119601084059696,-0.004600168985786907,-0.008260683907545592,-0.008206800719067507,-0.03869694660913415,-0.018724991859296398,-0.005674270721591369,0.9877762289741013,-0.20202988962953497,0.013307869154757398,-0.0005444933855004232,-0.011446953214664704,-0.010816545156737226,-0.016263638648175118,-0.0029908785766694624,-0.0038189988702484316,-0.008683862439934681,0.003212744473431312,-0.10813588999105837
21_5,0.010602171134333606,0.00616876355295039,-0.00512783914037723,0.01949343909437482,-0.003870341291752362,-8.157346422673858e-05,-0.00046646738573469606,0.011322517465375272,0.00032347244651893397,-0.01507102958790829,0.007604826924115929,-0.02539993603331994,-0.0012186887521085231,-0.020762362695023007,-0.006337464243146049,-0.002369202677570194,-0.00502266105829709,0.018127407172766848,-0.002132631470582087,0.003452869265167534,-0.006537534202448458,-0.025888062689482193,0.0028326362373821967,-0.009444154166616559,0.020373325884535696,-0.8688422797416709,0.0031186478741483253,-0.00991698849441373,0.0009354400916007219,0.005623205336300261,0.0035540652101205186,-0.034137299436290444,-0.006808438603686397,0.002734941008616833,1.0044473620736145,-0.1572505737140605,0.02969593039395771,0.0021766252478298107,0.0043219851711252776,-0.00224543283799304,0.0002918435121511856,-0.00314354905539862,0.002063291079713434,-0.011434835693374402,0.00983461477113449,-0.08529151392639629
22_1,1.8162474327121627e-05,0.004384656949323169,-0.004019839581999785,0.023595744589837674,-0.0012666772366547922,-0.001712173395408403,-0.0018521060344966912,0.013071439171294467,0.0017012658796711087,-0.009229574863199192,0.014473770740635373,-0.007915156955820174,0.0020501241514127946,-0.01234014875643652,-0.022555008980885395,-0.016151619580561473,0.007198628609351534,0.028007973730583054,-0.007557218790519741,-0.010422179749622906,-0.005947535077665834,-0.00242459086735294,0.021079754979276007,0.007783893540036181,0.027304558474839966,-0.7349404222479254,-0.04687769831068624,-0.009484130580476952,0.010529067682773124,0.037883669910287875,-0.001794354570367194,-0.0005355637243065942,-0.001809553228318091,0.0002586640871070104,1.0370191302921665,-0.14911043612650363,0.031858917783837634,-0.0022099100442497426,0.0004402521017132337,-0.0016179186793410685,0.004096648617628989,-0.0017321909511727102,-0.004496985414301374,-0.003072932307579089,0.008202316909614826,-0.05442527669207839
22_2,-0.0012501864545072818,0.004059722711381532,-0.003016186529613672,0.017889940455119793,-0.00201042998684316,-0.0004557392357047562,-0.0015559922007740718,0.01755030768753276,0.0017487396444701155,-0.011901669498039412,0.01685516741530357,-0.010254478245851384,-0.013905780770291693,-0.006733760307225158,-0.02124177551157407,-0.018305861155176902,0.005362829605878913,0.027947792917106126,-0.009543695068735342,-0.010000329581220935,-0.004348040553379673,-0.0008756093909894449,0.012485716873151743,0.002248215856878326,0.011874916363111514,-0.775034869848998,0.006976181887372891,-0.010547433936253875,0.003772562955320141,0.03373077065542936,0.006004254623796465,-0.0038017569385930174,-0.002713521092659415,0.0004366664870488263,1.0301282408457213,-0.15703885180880633,0.030832509505549114,-0.00023606486655112683,-0.0006137240299650459,0.00029283188746795385,0.006640354416212783,-0.001302853579084908,0.0047894200324714855,-0.0035295960900370536,0.011823521780689641,-0.04855051501665578
22_3,0.0001948026336488396,-0.008949834807287378,-0.002384919702108434,0.021060966852936548,-0.0016058705143214272,-0.000788127717170311,-0.0004183514477536391,0.012211336921750788,0.0028715313754512643,-0.017354778667525477,0.008563857314627252,-0.014786220379167141,-0.0050458759379740465,-0.00884850304312519,-0.016746762683860255,-0.016699605146255684,0.005359863691487283,0.027371730543339943,0.00022150078536142728,-0.009611649327668167,-0.010244501698032588,-0.004928491587221329,0.014166646128537371,-0.0069945739321073536,-0.028006456430258803,-0.8056744461547757,-0.004104895835923889,-0.008608111200776446,0.004278639105762187,0.03645261378590744,-0.001343524262306397,0.006946356171772813,0.000592572152916124,-0.0017631388344016808,1.0232401911742632,-0.14624868794526008,0.028762929615183383,-0.0005207898783213262,-0.011803138912272406,-0.011397389694539363,0.009144898791981281,-0.001841253030557983,-0.0016305462508396072,-0.0065935355602288765,0.017832471465681194,-0.06056846801053876
22_5,0.010912636692423162,0.007171756133537321,-0.003974918750617892,0.018346128067642912,-0.0032008442259182203,-0.000634144422371898,-0.0020156069355876495,0.016957796017708332,0.004203565828588875,-0.004768677060733622,0.01554107334420563,-0.016544764461403957,0.0002959558400844991,-0.01903878468485044,-0.00462784001936109,-0.005385884319332123,-0.005014032722964854,0.01888742236817403,0.004331053333431887,-0.0018127961852120171,-0.0067311618334422365,-0.004245123465567729,0.011890105080569004,0.000995101176122022,-0.04562223118621355,-0.8303378596654568,-0.009656860106423361,-0.010685021265733273,0.005618622622957932,0.03056002029043714,0.002505023821665484,-0.026985280020211357,-0.003988560879239448,-0.0011346334659057139,1.0168000865802829,-0.15837950665369294,0.030647925552582094,0.002940952366900194,0.008568697529851604,-0.0023787967009572773,0.012512148086761037,-0.0015284629040657263,0.004055931769935142,-0.009033022953884131,0.015624911735016494,-0.06416477262973067
23_1,0.015503025350189823,0.0071051697872375795,0.0012519908393149929,-0.02066336781421856,0.004236269100586172,-0.00032455985532979926,-0.001787696390198791,-0.024063988042112672,0.0007633494625489705,0.004884900289453459,0.026788028485112417,-0.008930748435013798,-0.0007167459419559052,-0.010492112137052876,-0.018880982526066535,-0.014860791079712402,-0.002089040535947779,0.021054116245582243,-0.0126915426707969,-0.013571095984713677,0.013393813627963444,0.006387287127136957,0.011015264247588558,0.00542630936720548,0.004384339545340019,-0.6515611011491073,-0.01342448268788415,-0.0034392196611460935,-0.0005912551256155849,0.0267624317892793,0.0033023534119535325,-0.00609574608273194,0.0015268837282408512,-0.004285541180699729,1.084079445039089,0.25437094281848877,0.02843115282305423,0.0018182585471329272,0.008498046960957585,0.006532813559981608,-0.010555105971485347,0.0013323403665354483,0.0019347830530924044,-0.004640241217287967,-0.027161101843603014,0.03914369197099808
23_2,0.014667042037746561,0.0069290080262898405,0.0024717180019071736,-0.02101836652342278,0.004238668490198767,-0.00034847866956272747,-0.001964467302688348,-0.024343001963472277,0.000517173619299406,0.0022908382779646933,0.026292726007345817,-0.006716447853264265,-0.0007842607959648476,-0.012100121654853578,-0.01910497939831611,-0.01638689635077352,-0.00132609529810184,0.02207179235728896,-0.01353620074951389,-0.014045831654700218,0.013745784999035787,0.006259547666372536,0.011641526272746876,0.005304649489460489,0.006234502403711163,-0.6511415475712037,-0.013439517066378668,-0.0038241285267494687,-0.0012325915213484558,0.025061695257235176,0.002879875283169324,-0.0063190827661897195,0.001020244070835724,-0.004402570524010939,1.054382542533516,0.2523442413652673,0.02807747131816167,0.0018961891830248578,0.008407306341172833,0.006389410562811334,-0.010546121207862746,0.001348684279374401,0.0018079900987413727,-0.004636575895746231,-0.027232866024497877,0.03766705391387595
23_3,0.014244738679761915,0.0069678832804676415,0.0012306949120700417,-0.020686869230925616,-0.0010577998801635856,-0.0006183349225105804,0.0004927240830149749,-0.02377733146948194,0.0007807135306612219,0.0037313169156472006,0.026376491525479027,-0.008297393675922998,-0.01464233165855848,-0.014116587567147235,-0.020036114732226648,-0.016414897621241823,-0.0027732652932251846,0.02126666492352498,-0.012989686116314018,-0.014364613372805023,0.013354479289189066,0.00425801617673776,0.011717205632470851,0.005389743959090781,0.0035650829536254106,-0.6551349868840205,-0.017184539463795685,-0.003580001422472392,-0.0012816031942580381,0.025065614608282754,0.0025915783056693334,-0.0058991638488716715,-0.0013787474916594998,-0.00437901432548047,1.0818487121127294,0.25165996468952767,0.028048064840360768,0.0018031092000915143,0.008373546484012681,0.006434557824225095,-0.010483191568216508,-0.001392620710708396,0.0018593431119929,-0.004684460083268931,-0.027052040189707513,0.03865419099399209
23_5,0.014000553489538532,0.007009010362686755,0.002957576697152028,-0.02109174534539256,-0.001219402817339425,-0.0003640508509681257,0.0006252084111352465,-0.023854300946268735,0.0006179066412537858,0.005637540921119205,0.027362235711360563,-0.011408078773105082,0.007275316744056515,-0.013251131543560656,-0.017478299345394247,-0.016022925584250555,-0.0024296446541328966,0.021481191370872444,-0.013024135608803708,-0.009601780302908277,0.013835973071498144,0.004736620836114149,0.011923720671639052,0.006017183939603526,0.019020351811496878,-0.6581209070992654,-0.013642707885729728,-0.004443096721442204,-0.0007895336094298814,0.02451423198668851,0.0032227889534723803,-0.005425117420902031,-0.001260367935323594,-0.0043416411249249534,1.0598183629069793,0.2472845206912767,0.0288095707989022,0.0021967007414931137,0.00844035881608434,0.006653907529864115,-0.010591909160004244,0.0012945914671537526,0.0020349406053341897,-0.006220612017781059,-0.027551011487880122,0.039807130219932416
24_1,-0.006362454766436061,-0.0042007860848569814,-0.0011614181815310478,0.00494524244742879,0.001506578617157788,0.000607014285023206,0.004934111439844687,0.018005294200658092,0.003452098638204621,0.01674591129081372,-0.018813083617253805,0.009034661065346604,0.0035035556484335306,-0.004375791563762238,0.0035184042204032258,0.010096754538555085,-0.0019459607369119352,0.00899780447159889,-0.001826518536490401,0.0069887116473719155,0.010766293426795017,0.005600403741890299,0.057726074788144455,0.008543311116053463,0.043736766107346926,0.6803248726756944,0.014372058140698005,0.011659669611157653,0.003613122450994182,0.007665069063472013,0.0037458507403429785,0.054411973368160726,0.006131030236645699,0.0030204938840811,1.4045971836551883,-0.02191529081760117,0.0601325877414345,-0.0008113355944744533,-0.0022116840215784476,-0.001108618194084623,0.01578285239793229,0.0031825780926246824,-0.0022933151244445464,0.011261280409909653,0.02704308216477641,-0.006966467249176162
24_2,-0.007561601841447027,-0.004743982449160239,-0.0013082972683122695,0.00497650675611824,0.004777875552302843,-0.0008056672749480406,0.006195020558417951,0.01768803598178075,0.003198290674696509,0.01837206176104312,-0.01828652110358523,0.01291807887407196,-0.018019672015497566,-0.003787778707067701,-0.0007653185640945348,0.005784684014321423,-0.002580513626308438,0.03147754894809721,-0.0015615985788394284,0.0007994769747412034,0.013174875380999889,0.00492435084701526,0.058543847395319544,0.00663344586595744,0.044423162206759445,0.6956215124780878,0.014252848579672198,0.013298041539366421,0.0022412502754115974,0.00806807251363664,0.0015672093144652084,0.05566658095208117,0.008138034622912642,0.0025425279875559517,1.4531649981880275,-0.024656656841455613,0.06280519107638202,-0.0008872068096819856,-0.0022376754190716955,-0.0006673592781381709,0.015846315877430177,0.002870173879956418,-0.0026700208338210057,0.011416032420290198,0.026833441081042103,-0.00797091867350871
24_3,-0.0012035171985625142,-0.00442175941313311,-0.0006588433115614512,0.004552625121818831,0.005146946430830285,0.0006145401705156505,0.00621741836303902,0.017740850897315325,0.003195178801407161,0.015747866157734068,-0.021604955093690016,0.013179181259119026,0.005636385818099874,-0.0050820281648436254,-0.009503435086482537,0.0037303449490082245,0.009864377980869529,0.012110220444095406,-0.003980750911037452,0.0014397796527082347,0.013104664383218405,0.0016500830891641625,0.05838466915688282,0.00663793299669435,0.04211864489245897,0.6792027718186088,0.019192189549596696,0.011637037947122396,0.0027854487145318203,0.007228345899745718,0.005950540089778689,0.05669612773099009,0.006439520069530352,0.003182310224194081,1.3979611299464296,-0.02460093813106341,0.059515337057049915,0.0007427593834607766,-0.0022126826529048483,-0.0009880966771238602,0.017928902737287457,0.002714769236348927,-0.0024584925977675217,0.010744857668120417,0.02722474138424047,-0.006844791871231493
24_5,-0.007535291232230853,-0.004148674313789386,-0.0010213199431174502,0.004965788256409219,0.001685560586113872,0.0005111981782627112,0.004760610777952311,0.001982591248686946,0.001130177712373109,0.01805677900604484,-0.019124009739907716,0.010592041197565327,0.001513851116099572,-0.0036664746994782417,0.003642051227782449,0.010309177062662963,-0.0020823579943445103,0.01488566203050401,-0.0014419054865766384,0.008386250867575202,0.011463244286440825,0.005271720952603846,0.05781770925641132,0.006816979949611544,0.03931771910541742,0.6897735238805772,0.01524592536492369,0.012394002672508295,0.0013677522043178516,0.008037853493781964,0.0035337858004924915,0.05548744486492461,0.007852980951875064,0.0025974520342410402,1.4218181250920356,-0.02645227181192923,0.06471012584217062,-0.0006045569173321247,-0.0021238245003388136,-0.0009201780160823323,0.01612805701803835,0.0036761723738725476,-0.0024113201512690374,0.011364519521923184,0.02741503297854617,-0.022368607375286224
2_1,0.03368005348951695,0.017021473414135627,0.014251056350891212,-0.0012086850794779192,0.007782633449942453,0.006485150850401409,-0.0015222259953720848,0.0013762742219699973,0.004264077390001555,0.03472436951314998,0.025923758509960745,0.04103728290910438,0.05443712242153633,-0.0014938134360173575,0.02645329317988305,0.009731458697697877,-0.006167069370686097,0.010860893746549211,0.013690586709827847,0.03223241516866301,0.009025498941421,0.0019324888497007852,-0.017842426462711728,0.02332133415716823,0.007272860316221781,0.2973697025899574,0.06525969561181866,-0.008000034869100416,-0.0020251605835087576,-0.007100047599621148,0.0020872231518380266,0.0028509187274564332,0.029116903476089088,-0.003145206090158952,-7.511660312882091,0.08744401583635701,-0.04296366938613858,0.018959172065868675,0.012225591884528006,0.015046599896508812,0.0015853047907508598,0.008252408483209614,0.011352957587505626,0.0035469169532073353,0.0012494151904796356,0.03345994450032797
2_2,0.038299823092625945,0.016727813700207178,0.013115666261541863,-0.007385267163277102,0.009990603757877033,0.007873049935740768,-0.0013430186277554057,-0.005946482315318584,-0.0010687934149160327,0.03387490030133934,0.0285983524119569,0.04327730498030665,0.06214177077519739,0.004635695950567701,0.02830294053140848,0.01216308390703733,-0.0011065423013159096,0.012598502107899496,0.015979368872427114,0.03575518390476216,0.012312447637001697,0.002632512023635516,-0.013550846267225214,0.023635854262602393,0.008752546554914146,0.284540987189308,0.06407933345068137,-0.012644419442643662,0.004264187040260306,0.007268559237744543,-0.003239181166599325,0.0031903346079733995,0.03775047172507121,-0.0005231804994897601,-7.461754314795417,0.07986130657461245,-0.043146495981874845,0.019679505571134147,0.009807808636295559,0.0019173002430264393,0.0020798258754238094,0.008354022605739605,0.011241328904520034,0.0048194802168946985,-0.008552903450488763,0.03503662039585405
2_3,0.025963715632512,0.00972941574834523,0.013493929878215186,-0.002215675540846089,0.007144769185026032,0.00760409984016178,-0.0013643487194143374,-0.006588047761913971,0.003993691775328271,0.03515833558606545,0.023982049538840332,0.04299093250015356,0.0569426607411632,0.006166479904301145,0.02600209358316248,0.012721917425841943,0.0009211099185738839,-0.006892636325581787,0.014626082768224868,0.03328938685742454,0.012326202235533908,0.001450031445102194,-0.02256943879926781,0.023259625045527994,0.006810397968980867,0.2855550736500941,0.06148505130279066,-0.0006706159787245471,0.006472092680983731,-0.007067339572016711,0.0016490092700613271,0.002674472681691811,0.030180174609263886,-0.0013439625534702993,-7.413549059997011,0.08523102917937891,-0.04295382918601553,0.01219704800402837,0.005439123704799606,0.0010515806457915015,0.0009750700008043615,0.008220398431615986,0.009888128693178072,0.004625587195628334,-0.00962337774330668,0.033346017499879456
2_5,0.035637801057354014,0.017665863948308456,0.015034235616426929,-0.001002172790156123,0.010470272442467237,0.007898857857361243,-0.0015306247613074222,-0.006697489320293501,0.004617673211601258,0.03835000697644029,0.028957196693265158,0.046594915397641094,-0.14441415952495992,-0.0013833857568693745,0.021962676725342776,0.014303598638216865,-0.003292076213433343,0.012712128722634827,0.02273242957408417,0.023664611510712055,0.015216358307841172,0.004811756254196007,-0.014257847423268586,0.031198305576384585,0.017718029788843313,0.291263855412765,0.06088522262022063,-0.01509876869910737,0.008664751233182152,0.01165733859525556,-0.004047438197119516,0.004133132427996866,0.030870087571409355,-0.00014799104051384877,-7.620551897385615,0.08453389489310156,-0.03947402045979576,0.01958690688895204,0.010550755936311626,0.015193929537845246,0.001771519124469872,0.008366069605256049,0.013812856401289288,0.0035457229528065557,-0.008396856904630698,0.02858118744714237
3_1,-0.003995340960913772,-0.0034046674440885148,-0.0016176756072614892,0.00721907841216569,-0.0003263480935139279,0.000653637104639825,0.0007845407548563765,0.002409402739954329,-0.00023420482989659902,-0.004399391449275206,-0.023861886548645697,-0.0019135656592577,7.646517936710524e-05,-0.004451621592244447,-0.0149362453923631,-0.01931433780110848,0.0031362258899841635,0.022127265464477193,0.003536529914737796,-0.0057445067433407855,-0.014897453969841837,0.009206247596246312,-0.025759805507882778,-0.003573697067357119,-0.026936530801208197,-0.25625619907900027,-0.003051609361777238,-0.002764011167760756,-0.006106859856901677,-0.013950225189851327,-0.0032293353760408008,0.0038256870635108063,0.0027781366515728313,-0.0109831735927617,0.88850006868414,0.14523204780393661,0.052700076605826,0.007490580671473472,-0.003889280048348983,-0.0008578955322558649,0.004651585249660207,-0.0016146094136600853,-0.0016256500431262246,-0.00024960925858077493,0.015071829316815822,0.03819774017117371
3_2,-0.004897217116864683,-0.00367925297360857,-0.0007876375366651788,0.014596111616945037,-0.0004316722841203738,0.00048652839503851423,0.0006440128679721329,0.0020465310404425047,-0.0008007703465931023,-0.0036674033805190295,-0.02480500627492819,-0.0147292887999605,-0.01869969908468172,-0.00943977538235621,-0.01206932598981027,-0.0030973106592619487,-0.0009758137899376156,0.02133885654565834,0.0038633389161370395,0.005554579476317537,0.005019799967665905,0.009224006256200172,-0.033543232270210076,-0.003353842941813732,-0.028095873394336314,-0.3206951902327053,-0.0005635015837443411,-0.0025994732723673615,-0.004704633409417036,0.028350727496390227,-0.001463640063892848,-0.003900756285530344,0.0007259815305861827,0.006965865118023316,0.8952622253694712,0.12010419847672295,0.03737361308863632,-0.00037181493214729315,-0.005222572613541978,-0.005240319782204992,0.004291270732046948,-0.0014358664059143963,0.000525396152830139,0.0008262944667758662,0.019454684723890003,0.027774473987039833
3_3,-0.005418036594190117,-0.0046728579884258966,-0.0018541134069745139,0.007895820923081972,-0.00024313100994220028,0.0015132893415895176,0.0012242163640852387,-0.0004928063576544804,-0.0018799270410400403,-0.005206215442606467,-0.025545070268598452,-0.0035031681810458047,-0.0007962407283336651,-0.00511593523209564,-0.017733951153009412,-0.01998714253749894,0.0025978040010811287,0.021474292768257595,-0.0011407578520831502,-0.004584418102011627,-0.014702859539281927,0.004783533712672611,-0.04798477558076618,-0.004876602046495557,-0.028333212140718406,-0.22935403013903097,-0.0022574567260302864,-0.012178071028183184,-0.006818271875797513,-0.01448424264629064,-0.002993606473938466,0.0038755713722958673,0.00037024858633872583,-0.02100742695870316,0.8672241742985746,0.14292720271703035,0.03291505251654809,0.006758877492580774,-0.00445331203765195,-0.001375516486850391,0.00466056059155691,-0.0014470660796582274,-0.0019271476952915122,-0.0007295551600753829,0.014158209618111744,0.03529643931492585
3_5,-0.008011283572395137,-0.006440885057031241,-0.002230511467378951,0.005383536903222172,0.003572447859657759,0.0005503756941135417,0.001475595987185085,-0.0014043391190656067,0.000663720248439443,-0.007156441044894005,-0.023910481063195106,-0.001683215516072533,0.0014014657477706125,-0.006059511017064258,-0.018011693522320897,-0.004142999129814181,0.005041011970380863,0.021821408055657222,-3.600739279834182e-05,-0.004772530210991163,-0.003795272744621591,-0.004810049202511433,-0.047974499999053476,-0.004779608105177861,-0.02794961444389086,-0.21440032020144972,0.0012473446668915308,-0.010775953868676103,-0.00737961448653191,-0.014679180656769373,-0.004085447309001172,0.0018187305254120372,0.003539403344362685,-0.0006914635418959867,0.8925054271587993,0.14342862264352044,0.05110303655413093,-0.0059175498276884154,-0.003097187455024929,-0.0009635627649629428,0.003572825737760163,0.0007899987975002313,-0.003498094177907599,-0.0020390988123935925,0.013209131176344157,0.031811657829518385
4_1,-0.012202407557810128,-0.007136920354791669,-0.0032565627815225213,-0.0018996376358129247,0.00011184391545609172,-0.0011909196968637697,0.0014764638854359406,-0.003201076651081512,0.0017512949836137504,-0.008059093241523757,-0.028368450425747146,-0.0023070210822676526,0.003195946035681908,-0.003364973714019123,-0.005933065654861069,-0.014474027993448319,0.005580811650436992,0.024036356354891018,-0.006112603388481223,-0.0010307721666152267,-0.007841446134754973,0.008550674409465497,-0.006718868976348022,-0.011617428241348836,-0.023255162444068493,0.416138502434015,-0.004795423932793549,-0.0002688734498146445,0.0049607318117540836,-0.015275297752783582,-0.00782995135937918,-0.014877441321010713,-0.007161609142231304,-0.01030547340362442,0.7912992366070435,0.03640918323301442,0.07123457097125459,-0.007902958240818953,-0.004536250060565658,-0.0036661978615651816,-0.0015682269767703521,9.592465859930802e-05,-0.0021873562980105387,-0.002560551494444543,-0.0036331123648763123,0.02388339521278482
4_2,-0.00699018156259647,-0.00701262966998264,-0.0030003670061256997,-0.002189723212234986,-0.004921510589151802,-0.0002362738471653968,0.0013949366705984262,-0.0028944028507710243,0.001958951943675822,-0.008287197810663652,-0.028973966148247602,-0.00247661905174846,0.00482576412983283,-0.003513222325349799,-0.005911918515389967,-0.014156888062700856,0.00588671825974574,0.024044780851580367,-0.004360475192612115,-4.966858540849406e-05,-0.009940143204867274,0.00877598598306661,-0.006872368920446164,-0.011773558703124017,-0.022309588129949102,0.4141143225076277,-0.008836671422059914,-0.0002960232705112708,0.006733662085702882,-0.015198264838258245,-0.007469248929646799,-0.010484710968992964,-0.006619485461663752,-0.00959283573201341,0.7706720726368168,0.03680587062100325,0.07401943802032081,-0.0016623726207321242,-0.005468348800527454,-0.0033501716282579004,-0.0012019975332675265,-0.0021428330180013953,0.0009959516182663198,-0.0025064276753234637,-0.0037374259688534653,0.022276305889591116
4_3,-0.007242819345821065,-0.0053033242061985,-0.0020117146903152654,-0.0018634203428273927,-0.0048860122965124425,-0.0008512068479183269,0.0016831450124498713,-0.0035421416744404123,0.002734362459822899,-0.008877897477092628,-0.028979852410419792,-0.0027923833823065344,0.003165067318214163,-0.0014287957810550332,-0.006614927150087413,-0.01471485609409002,0.006038963535827394,0.025267941881885612,-0.0035558291911371134,0.0002453702308534501,-0.007603674061461073,0.008375304249934133,-0.0036625357872782935,-0.01170623213086618,-0.022183958629152924,0.4077697431717764,-0.007600947198122991,0.0007134236938490181,0.006805522539328156,-0.014971668078174032,-0.007596404617957846,-0.014346851673761882,-0.005239377677420135,-0.014543007682296634,0.7877716083576864,0.03746935205523239,0.08230112457358871,-0.001042863570950811,-0.004744004263683669,-0.0027487252572829064,0.00012224093951901903,-0.0021265107125695054,-0.00246875947031365,0.0014974941865097196,-0.002176828572946595,0.02498853081739126
4_5,-0.011761878579259059,-0.006827866694254261,-0.002232533321789737,-0.0011415470214830765,-0.0002577439270640099,-0.0011307455287939742,0.0020216148758043675,-0.0031012410525240995,0.003120223627919547,-0.007498333229805492,-0.028325960352317065,-0.0020831084037183337,0.0032777110040308408,-0.003267967818336269,-0.006069761099288152,-0.014200905752836538,0.006048478106174293,0.02408200255029661,-0.005354252150375421,-0.0010619431289503173,-0.0075455282288924164,0.008914740194508686,-0.0059149078834449895,-0.011614667554503192,-0.02215842534404417,0.4237892542622422,-0.004560978229395759,0.00039206451136086437,0.007395560804590034,-0.015341537989292964,-0.007536956431627574,-0.013406924413595738,-0.0065322634040782535,-0.009599756900295494,0.7865548534063929,0.03675017509844273,0.0770251702418231,-0.0045337903918358955,-0.0045461143145067206,-0.0026141633188495883,-0.0012325917082281412,0.0004515439142918168,-0.0017947607507639877,-0.00024237050643918535,-0.0036233202519008675,0.020730417274156303
5_1,0.02353327299488236,0.010825843268320484,0.008931855847094433,-0.007431012269269901,0.006463772594845559,0.005606630309649509,-0.0005281684172963882,-0.011971106888769746,-0.002649345382111063,-0.023373699657120904,-0.018037258452207366,-0.02697704688437574,0.04823739943126037,-0.010466470153457787,-0.02458611928631281,-0.012522162918540063,-0.009358954502290384,0.015315338907037606,-0.014555110197321754,-0.014012813457420059,0.011722996773043465,0.0007411105743055643,-0.02271903872645886,-0.012826622717007234,0.0023020393158296893,-0.20226687823156025,0.0013014917078135791,0.03642761476524081,-0.0019105539405083443,0.008005315648425753,-0.007181275677023433,0.0004772705137772261,0.012352393722312102,-0.002973142225853638,-7.540415681404948,0.07786744123112856,-0.11571305367532729,0.012049622971605693,0.007526034298991689,0.007261780388775798,-0.0020371334887641437,0.00524325737592911,0.003831964205434775,0.0030339023657109804,-0.010944744466200064,-0.03723979932054373
5_2,0.006569095729792939,-0.00036828170139248465,0.006382539755891394,-0.010953682089789063,0.00649897390193403,0.006373931422432942,-0.0008307216919472055,-0.008997822152855514,-0.0006375552314236968,-0.016437721970942416,-0.01756558186888278,-0.02762562479409515,0.05145212218650906,-0.01139247791457871,-0.02766588099380247,-0.018065863638551845,0.002839820848501792,0.014733820357333888,-0.0175163377115421,-0.018350634373973215,0.010340753988844896,0.0003717230046522162,-0.024343803802114237,-0.01262453377375656,0.0019672589064676396,-0.19870136976752867,0.002532296696130567,0.03721130370994255,-0.002247738691304089,-0.027567482356709593,-0.006331488372332587,0.0003120326242708808,0.016039058765458643,-0.0025051948201613686,-7.445225409053618,0.08513664486558357,-0.11656932744871672,0.008671656970925225,-0.0006593407152364401,-0.0022284531771017448,-0.0030088498479532537,0.005233567076066042,0.007473692696601157,0.0024801807312648315,-0.011544689881138295,-0.03517240956816283
5_3,0.020689330402703706,0.007795571326252263,0.006227248120405139,-0.008588413951364664,0.006188646655464018,0.005563269958948385,-0.0007432824320245849,-0.008763924299528832,-0.0025723922373576094,-0.02280168007983971,-0.01774403004217347,-0.02700128704602991,0.04921956857207846,-0.011184738110215685,-0.024288468393731583,-0.017771461211366073,0.002896475125686104,0.014990044620614557,-0.014665356669652465,-0.013994289308848523,0.0118220234851634,0.00044103379750759796,-0.02264884369671308,-0.012926146088898518,0.003357063562218698,-0.19588315685135035,0.002161919425686028,0.03698188652576112,-0.0019729854251658296,-0.012127232156845129,-0.007590576940682821,0.00044235898980745595,0.011291664403322278,-0.0029275964962686466,-7.5027955446915,0.08712320012823181,-0.11662849672307792,0.011808940372773195,0.0007601594985280528,-0.0013901562100102282,-0.0029598036285845807,0.005360123640091245,0.00383280993845503,0.002621960780833722,-0.010978128995731959,-0.036922725201580395
5_5,0.025920793020237524,0.010729331710166523,0.008988240267129632,-0.007660429322099697,0.006450478983405994,0.005608609267906194,-0.0005164033682009759,-0.011936615159651448,-0.0018407149436771957,-0.023301370020742375,-0.018053992395108857,-0.026947485898910554,0.052448709509165796,-0.012049206539466902,-0.024837337775284393,-0.011894755903012273,-0.008819215670543784,0.014866443379756872,-0.014521512560363764,-0.019734762584308722,0.012076360404511464,0.0006752106081263986,-0.022188961496315558,-0.01299059446002825,0.002071291977914306,-0.20499152096510562,0.001298466799704764,0.036235085048206994,-0.0019845022569427127,0.006530889753393701,-0.004162989240517655,0.0007957522109641684,0.011957444493597341,-0.002976747023808721,-7.542377704873756,0.07757257672271656,-0.11517701363210084,0.01210596234353094,0.007544938246348315,0.00726526221021006,-0.0020332112763271556,0.00524425902508858,0.0038131255381098398,0.003016726140899463,-0.010890824699353641,-0.03762350315348297
6_1,-0.009046033339816816,-0.006836255343224066,-0.0023179179853676716,-0.007620613374726294,-0.002937691236101391,-0.001273597895339046,-0.00016568726434161538,1.1085167368443953e-05,0.0036324268522025535,-0.012205333104141172,-0.03292634218614788,0.0014096304748847648,-0.014959987546675563,-0.0008418622669750624,-0.0009192901971537927,0.00033938630183988724,-0.004714816753723261,0.010291161958584772,0.0015946680695957955,-5.519954847943262e-05,0.0037397175434981007,0.007455000792117737,-0.07425014807050834,-0.011125998175896261,0.02099853033631122,0.47222014427120684,-0.013713627992103806,-0.014301710133232016,-0.004260547335334912,0.012367248423888373,0.0006396810183833713,-0.004080699210509072,-0.005545823419231878,-0.015850590225780295,0.754691329498783,-0.05077053776556535,0.07087052123721688,0.00028916330284275234,-0.009033676915190176,-0.006519819221834763,-0.0001507337688968584,-0.0016680239675972521,-0.004148526341689479,-0.0027933338649415,-0.004356115838844399,0.015051150720570202
6_2,-0.01287638256235056,-0.00604608310243902,-0.0015381652905514186,0.0004216176260841763,-0.002382187241699929,-0.0006636279176524379,-0.0007294091113180913,-0.0033053223449574344,0.005889513202627081,-0.009898239192509395,-0.03070847897250167,0.0016180498304014922,0.002224158597387731,-0.006135596335978084,-0.0014060138210249152,-8.694966461740642e-05,-0.00550271852166075,0.009266019424697895,0.004018000735629081,0.0010940249245424314,0.0024074044223015116,-0.0060515325410579026,-0.07541036937590752,-0.01013669334565734,-0.019296372762243184,0.46882762792595967,-0.016240426753667356,-0.01457360742666142,-0.005897534381309056,0.0004188458158489863,-0.0034412942027483395,-0.0030193776010015924,-0.0018442407561167972,-0.027183199759936633,0.7427032522422125,-0.055673884774036855,0.06598604512499377,-0.007510419413875323,-0.0057675375358817406,-0.010885375189562691,0.0007888911831570951,-0.0011336712456858939,-0.0062925649368929465,-0.002112458451791036,-0.0008154199259766008,0.016399351074905585
6_3,-0.010997841097227285,-0.0015355982661301656,-0.003272931761791472,-0.013557619337755683,-0.00026156247629370024,-0.0004592316953482621,-0.002183993029511134,0.001875861387984591,0.006369778934881333,-0.010193444906606001,-0.03091277036606029,0.001486957442380985,0.004520247458785716,-0.005177838162177518,0.011036944258232595,0.007124371711887251,-0.0006284213468713753,0.006836871185714379,-0.0017366480232277486,0.012357611908923226,0.0025952646999605035,-0.003933345549645564,-0.06614068188430966,-0.010542591582331019,0.0028380310012136706,0.48638381072916437,-0.01492682884183847,-0.01148133249878073,-0.005648524268309449,0.004943001777449461,0.0020244894442800723,-0.004312375953152585,-0.004319376297945534,-0.022948075821956165,0.7234842205712858,-0.054028277359230194,0.07050464368922309,0.000441042444852333,-0.00953225833016032,-0.009646357806023714,-0.002779026461359523,-0.0011714871868965663,-0.0036190580208714886,-0.005494143095005344,-0.003929246671029441,0.013790926491840199
6_5,-0.009034071547464035,-0.005792703613265966,-0.0017286374396337611,-0.006032826043699437,-0.0042167701798275425,0.0006378743246378858,9.132148335418394e-05,-0.0033744526188517177,-0.009699942070429743,-0.01158161360022947,-0.03393343013674571,0.001425377034879585,0.002544281360077089,-0.008259162418743565,-0.0012391288722015923,-0.0034644983849279345,0.006371737071469049,0.009828263074322803,0.0007173921658842389,-0.00024888998691194965,-0.009541542176821727,-0.007703111440736431,-0.08141641246015535,-0.011358774769331656,0.009445054787419154,0.4287627165788757,-0.01912309030764945,-0.01479159379803723,-0.009877376799615619,0.0045572469605423445,0.0008234364554228163,-0.01697465991460431,-0.02099145770933689,-0.03145335573065478,0.6909332997308867,-0.051348299015559304,0.044483317039019185,-0.0027779198635526606,-0.009177035185037203,-0.006429184576739517,-0.0009334911145580506,-0.002827740450540078,-0.006105807789726873,-0.001483949694234566,-0.0025499567806873285,0.01669726477365591
7_1,-0.011698435766744305,-0.0006276383828234199,-0.0022766326432732352,-0.029169905320083914,-0.0026806037423503645,-0.0005914956000741501,-0.0029628162625375924,-0.023283577982268797,0.0023799683862988736,-0.017853144924087454,-0.03482441145967982,-0.004467379561998685,-0.011828506179500818,-0.005739343569576171,0.000520549205080706,-5.5770323840855244e-05,-0.005323552175202679,0.017660614440216015,-0.0015146011586376945,-0.0049508386540201435,0.00846522069264349,0.009161141576625072,-0.061988199356918273,-0.008474595382545146,0.002717428553804377,0.6501909036982934,-0.018999559869991852,0.06186118503528395,0.0008470763843032269,-0.026331365508251853,-0.0017576084564156782,-0.011862308619500248,-0.00978604902339974,0.014000419208703886,0.7764733203382962,-0.07694060037318072,0.11344994490939331,0.00037711099796850975,-0.005909534373489766,-0.009371407847518966,-0.013109344546232977,-0.0005634233978223438,-0.001490345917375854,-0.007905261616308458,-0.031791654917837704,0.015879473146908487
7_2,-0.01523821150116677,0.0006940116781618038,-0.009047906422077241,-0.028253759588229944,-5.9118874109656116e-05,-0.001299807363520397,-0.0029057039283575527,-0.004988424117775824,-0.0012369599686105047,-0.011373260675315446,-0.033517418476865284,-0.004796974891917021,-0.0010259195805281942,0.0003540244993701612,0.012602047213128452,0.01126978486834812,0.0015351441191130924,0.0025661626063623105,0.001385690475908686,0.008124276335114908,0.0027307423561668967,0.00891322947620804,0.03521737713674933,-0.01154044251132874,-0.02605145471322144,0.6472763272950895,-0.012646133457114602,-0.014071143373804747,-0.0013728334184102374,0.0031380785920088914,-0.0050464975245909,-0.011642429823475846,-0.014451744168996545,-0.003587041510176516,1.1407940003128634,-0.06725806775304656,0.05235294105580037,-0.0009353321980692588,-0.006579119506297653,-0.0061438178683603135,-0.015146398087159483,-0.003897413961819518,-0.0037916816270541377,-0.014247737051177458,-0.010345304074328366,0.022723746417189567
7_3,-0.018851872182087986,0.0010379787248172136,-0.010006258214550789,-0.015815971441928724,-0.00198137849907462,-0.0010861553504879127,-0.0010093455783768094,0.0017732761833733116,-0.001874415002204411,-0.006648826392516764,-0.03559909648136821,-0.0030062658762026366,-0.008595406494791308,-0.012266148422701123,-0.009892581698563717,0.003874875563117459,-0.0026807508423910015,0.003444530614357644,0.0006331344612039175,-0.0006729000066865857,0.006680904843267717,0.008778095091516338,6.764105556890637e-05,-0.011625188894669814,0.008695506784994563,0.6045762140241264,0.006934174948688957,-0.026636132519257665,-0.008789519351873153,0.007471674659669782,-0.006351799614813511,-0.013977644110988794,-0.012649122139978647,0.00016672686958323123,1.1619485953301592,-0.05459760106216435,0.05826437300006268,-0.0010759820975937819,-0.00767122546559159,-0.005275058778332847,-0.009587276639247338,-0.0028383798926173522,-0.003627154980442761,-0.014392712588909543,-0.003547331858857555,0.019935129749647725
7_5,-0.014902672353703338,0.0005990970240210457,-0.006386141639336964,-0.015987476827562734,-0.0013822308725492565,0.00012307490621622525,-0.007200525526436993,-0.02026283546442134,-0.0012325676527193176,-0.01522233383333189,-0.037045916521466875,-0.00645435997339558,-0.018572319580389362,-0.0028311678865215687,-0.006433676662564401,0.0007368253320296202,-0.0023475227668825205,0.008290715749627009,0.0007971844133668514,-0.0019042223481600352,0.0061542726086534685,0.013957887448071995,0.022569863034001533,-0.011134350216060128,-0.04113567386133591,0.7343452642329623,-0.020104682934619363,-0.017935497714076265,0.001770972012205404,-0.001152978950997622,-0.009373889810203753,-0.013193387620940316,-0.022064717203410196,0.0008926449629229427,1.2809058824560113,-0.06959176989186312,0.06535930518453767,-0.0020387317333886573,-0.007681317983453535,-0.006042202720901105,-0.0095681829846956,-0.00616283732913017,-0.0023674125636525636,-0.012058169249001454,-0.029523046703514664,0.018542095579973855
8_1,-0.009366696652048463,-0.0052329042309062325,-0.0022611880615212056,0.005751665457684567,0.00662386194514286,-0.0010557060025709706,2.093000825200564e-05,0.0015140428622050805,-0.0014602181328508554,-0.011884265146753654,-0.02516933219438407,0.00611682700286893,0.0045887216123962965,0.0023495297847598235,-0.005836377808309984,-0.0011912719623676426,0.008266303446368967,0.021216583572183572,0.002831871005302419,0.0033791246342555845,0.009291137537241876,0.007229705563728461,0.00513512151299397,-0.01278540331471404,-0.013124594969034013,0.44818715609656706,-0.015216073366605274,0.0025830048411288682,0.007980318555293827,0.009166960732867187,-0.00418143166322301,0.0031193413460034397,0.00646201042406286,0.0243064473347961,0.8690131789205605,0.03761255466158396,0.1487185431289,-0.0038911682484068172,-0.00137682798502207,-0.002462373773578639,0.007517476776056289,0.003565351243749122,0.003630024143622621,-0.0011937282368270153,0.0173131681017044,0.021314953119438963
8_2,-0.009911284095896238,-0.006734570509227278,-0.002095047104907063,0.005154842934674682,0.006436360795979659,-0.000510708944337615,2.093000825200564e-05,1.7075926876878466e-05,-0.001910403167474563,-0.009567247531745897,-0.02541705012774911,0.005128369726297248,0.004320426530593644,0.001486644250358891,-0.005682984857937779,-0.0011111470608958036,0.007732775190162433,0.021192681044901834,0.0020791523738460955,0.0018043401729701525,0.013310143254586492,0.0058882008022086785,-0.03412861086442014,-0.01260968483594108,-0.014986682590685682,0.43920007135277056,-0.01495425188888111,-0.004654738487654863,0.007365079392667595,0.009084291998870975,-0.006212669750817694,0.001443745253061539,0.0073677504881700506,0.025163445883941243,0.8635151660646285,0.03758840577394732,0.15146630486757687,-0.004917716445555161,-0.0010150413763554752,-0.003103264196680622,0.00021265270613795,0.003473964380956435,0.0031149280203537945,-0.0007830138768664281,0.0174033517734211,0.01955737029399835
8_3,-0.009675987696921117,-0.005340159020842861,-0.0027694647781781275,0.005267734712088429,0.005596281899295626,-0.0010835412082488562,2.427588849083541e-05,0.0009768455721591615,-0.0017446458124128253,-0.01051934965962679,-0.02388782558999371,0.005453282780266135,0.002097932067289102,-0.00013978292085539242,-0.006095430878968816,-0.005829253639278639,0.008178577814826315,0.021251141459272954,0.0011992292859721162,0.0005780770493901046,0.008667688528637812,0.003439660485515627,0.002964396843509573,-0.012293272438749121,0.0028891975764108752,0.4332070588411218,-0.015290284840459755,0.0012364766124010709,0.0029507037980988143,0.008928732477638828,-0.003955115764185605,0.0017246503659152238,0.005182335871849367,0.023136803012965168,0.8621627722881047,0.03749807422889477,0.14524629414831425,-0.004360156897948012,-0.001940561048687246,-0.0027528770026410973,-0.0007548887396324408,0.0033845251249665417,-0.0013284004797382268,-0.0006338524728118848,0.01729336442058306,0.022713344217378115
8_5,-0.008913350027552884,-0.006107614775360641,-0.002905148095137409,0.002992338386064348,0.004067466730125492,-0.001062963760962277,0.0012208975231199765,0.0026524187060305137,-0.003642336247136789,-0.013249296826183832,-0.0251048876135043,0.005689795796482789,0.004082798522003221,-0.0007199615779022083,4.7040520339692026e-05,0.0016847230016686285,-0.0027227873847830886,0.009784722995676844,-0.0009938087599712594,0.001741127457363111,0.00821022450341908,0.0076039460626961,0.011382415529871265,-0.012486376102177994,-0.0032807588492302104,0.42600296065266435,-0.01639794147586625,0.0032636251339934527,0.006497854131943068,0.009809790843396787,0.002588547372258662,-0.0018059631511319232,0.010268053193816023,0.023566635413529182,0.8388247144847174,0.03758485444178357,0.12889164364453054,-0.0020090245130557514,-0.007884768813021524,-0.001726612714980804,-0.0012277130585542258,-0.0005283040702303074,-0.0009507822156560674,-0.0030102123636569027,0.011099810616692228,0.021712933243497302
9_1,-0.015941638363676985,-0.005468977425789473,-0.0063564369871753935,0.004457224331465116,0.002025337764020826,3.000124341899366e-05,-0.0045324552988897,0.003185903484678749,-0.0012249895142046724,-0.027147179170585498,-0.03660349858065689,0.00015232402012697492,-9.973818527382208e-05,-0.006404211190477265,-0.01014696632323294,-0.0006174414136097961,-0.0017156569503895484,0.01225798449225783,0.001069382885995214,0.001588545674079918,0.009331816365125709,0.006373892835584192,0.017800921082743424,-0.01514883181304465,-0.012998684656969274,0.5271635374186328,-0.02033027719201482,-0.01180008760467456,0.0035795302873525814,0.01145318894125688,0.0024515627063909982,0.011409137028017505,0.0028699945888373745,0.0018497249074792632,1.186308695032093,-0.04005338517544078,0.017652464151115727,-0.003326945967773223,-0.005567667741403514,-0.0033209318330937945,0.006676365453484271,-0.0011335984549496758,-0.005676193157187398,-0.0016083526781622097,0.01174996752273018,0.027778408893323833
9_2,-0.01593671540001145,-0.0056084603054608936,-0.006227888490587511,0.00476225570573465,0.0019130776430485628,-0.00015429952300222605,-0.004577120315479337,0.010073772357459798,-0.003872488212760556,-0.029853239411547938,-0.038987591813224504,0.0005473956551436886,0.0015220393382531809,-0.008203719384923687,-0.006836585633357315,-0.0015457696208560868,-0.0018085926214871071,0.007814970001584456,0.002644568825627401,0.0020373343118466653,0.0059673471986627,0.006393629496943961,0.018387756960919478,-0.015605394532774198,-0.03354826237283358,0.5326593819896881,-0.0201642117478115,-0.012754848116364858,0.002643625181031492,0.011366088194029166,0.0033962485281593766,0.013079125719044253,0.0026098784319306696,0.002083098230406278,1.1810872658853935,-0.04151208612700832,0.017535643804497937,-0.003551698590933428,-0.005590283689422252,-0.0034836937261483137,0.007503990464158502,-0.001121196741020696,-0.006348964358062628,-0.0011105996203571514,0.012287368968022539,0.022578924297499078
9_3,-0.016089784897076433,-0.0053039547770348085,-0.00826347910861121,0.0028166959465104223,0.0006883544169712017,-0.00062830885630354,-0.006240954420760121,0.009143711226476522,-0.0038741489117032884,-0.032801642336490314,-0.04203849187619899,-0.0006885116429843419,-0.003849695734310736,-0.008003199526820671,0.004177961043649466,0.002837308817914596,-0.006419475046980003,0.005562338928646142,-0.0007693092535762151,0.0066271911461479515,0.005039089946462725,0.006227670287146569,0.011216472514453667,-0.01765195310700907,-0.006438548674994348,0.5377418040182499,-0.018137372190642223,-0.01517751339900012,0.0016956432388823609,0.011849684837276163,0.00163728362657277,0.011246298926953462,0.0026118685409792382,0.002040799239279493,1.2282906134009557,-0.04064367849142251,0.015103735202754601,-0.004654095279177135,-0.0054778204186829126,-0.0039016998427002995,0.0019634223910838557,-0.0013022677987940031,-0.007813345248709616,-0.00146298659293703,0.011379772292440011,0.022448020531311
9_5,-0.014037361265692208,-0.004738907173943057,-0.008252003203952018,0.0031067956531349384,0.0021064924093976106,-0.0011043965940887494,-0.002363821772734536,0.002441501256654161,-0.00038746434485437446,-0.02499140810038704,-0.0379565185957483,-0.0008955704248118628,-0.001561679249361321,-0.008473323357006214,6.127158959879905e-05,0.0015566448838614116,-0.004341775908531616,0.045250892851848926,-0.0007736961323478026,-0.0015281370420422082,0.005152517760723549,0.006275672017762261,0.02250760215695331,-0.015286790060827274,-0.005579680594032986,0.5290087656396092,-0.0220637609452015,-0.013332690776739788,0.003467818361649651,0.011645905522614875,0.0011048593310650765,0.008534887332559473,0.0027929922718981743,-0.000564533919149408,1.183872751258272,-0.03781250753413056,0.021157084593677218,-0.004791836135960265,-0.005684875713390726,-0.0035144568337248075,0.0065944908840143285,-3.490993167092196e-05,-0.0055314110913987115,-0.0016603570605291573,0.011740464883788172,0.02657639621464629
