,0,1,2,3,4,5,6,7,8,9,10,11,12,13,14,15,16,17,18,19,20,21,22,23,24,25,26,27,28,29,30,31,32,33,34,35,36,37,38,39,40,41,42,43,44,45
10_1,-0.01155082491684556,0.00845433911331049,-0.007235326567985169,0.016038533744524408,-0.006364936139321223,0.004275199564085628,-0.008419552099806356,0.004355432090776529,0.008713786339767835,0.505560844732233,0.6507470190937845,0.30654995579604943,0.013682065235829108,0.006275861039723551,0.06799588075919241,0.05733195253267425,0.003062262428699464,-0.00442415175775571,0.010562227289188712,0.04017324429323279,-0.007389002229874774,-0.0049881820861573545,0.00806308244371032,0.395607825160858,0.010423298033334555,0.29257864923646104,0.6617649912006817,-0.0070593994050400875,0.01659667437595564,-0.010792692415698739,-0.011327764253658796,-0.013650694505661696,0.01021689884306961,-0.005826981151210326,-0.004008556257624023,-0.005695809686366625,0.0023934308625144394,0.007273313575670211,-0.0021764106546119017,-0.004539543001706341,0.001915453956553038,-0.0033667478678623976,-0.0029514171416282374,0.009382713843994066,-0.0037118803307000805,-0.024664702852179442
10_2,-0.012047181045908337,0.008731892881525155,-0.00795591010434064,0.01627809199646777,-0.006371012921850125,0.003217830100957103,-0.007582674006227207,0.0009611376324358142,0.010278682800309526,0.5025342924411446,0.6902795090819136,0.3345316703542318,0.01424884449943822,0.006294705266148328,0.0590608625393448,0.06343344464748019,0.003422954883111946,0.003962016145081798,0.009582659408270673,0.05077258230733287,-0.007626945444800366,-0.004717645927602839,0.008928626128029842,0.3977722439465971,6.27899635463543e-06,0.2977780324202639,0.6709909567235625,-0.006969550934904388,0.015832412840413482,-0.010596280546002021,-0.014095447525443342,-0.009530544703027333,0.009082896109100156,-0.008146098977152705,-0.004045415735420839,0.015676914530741624,0.002228591043763009,0.007403823547084854,-0.002226179933113855,-0.0050658507183677474,0.012650309659093834,-0.0034672403212634745,-0.0031212003154606964,0.009741303878411947,-0.003624343420061652,-0.02448021078693965
10_3,-0.012302911181898324,0.008972737352099323,-0.007483206018265577,0.01609330185597082,-0.0067621580027944425,0.003738326411129663,-0.008532586625321784,0.0026329706191412965,0.009900348044153668,0.5203629442014722,0.7111099075343358,0.30820613700226096,-3.071329311929171e-05,0.01239504154065509,0.07340914500373924,0.06845011769583315,0.0143322019614807,0.006677638287000613,0.010341812200195078,0.058907741134300515,-0.0029710927654767114,-0.011530117282710311,0.012304543272614096,0.24019424714898854,0.0013373230660574875,0.2808507680101044,0.6867909146802572,-0.004579658249022859,0.016660961089961932,-0.010521278170773453,-0.014286946617467638,-0.009898428833192596,0.01424847847345082,-0.005941427926913242,-0.003935865489396161,0.02041131697826521,0.0014550131986483792,0.00636855718985812,0.004704531419195019,-0.008067363412775138,0.011100018812842663,-0.004266166782295937,-0.003197669521768375,0.008986245915828278,-0.0025979365174868233,-0.025934275755301744
10_4,-0.011947432582602278,0.00872211802993271,-0.005851696481941345,0.016053077151111938,-0.0062573983790639815,0.004856863454263336,-0.006860869589226768,0.0033549435657251716,0.010093340456654722,0.47752930853442954,0.6659690863950206,0.3308118235802097,0.01151120381679727,0.02023478259371666,0.06632383410901706,0.06536033820750527,0.005476179499080266,0.007033591952246603,0.00998821745960807,0.0411445786100193,-0.007091443503297715,-0.004441061817212176,-0.00043670749330434924,0.4533569305285644,-0.0010429097458230418,0.2969710398340673,0.644761198647278,-0.023205067511631684,0.017372366026045,-0.010781851602825219,-0.012493626874658456,-0.008789923782492262,0.0102424906500347,-0.0058956613933871275,-0.004777837340524081,0.015708477823239874,0.003015867807520008,0.00752553329544324,-0.0020915785313401713,-0.004553255588741105,0.010912687144419356,-0.00370223296749927,-0.0029330118059598996,0.007965917237805351,-0.0036573607376479077,-0.023213929155975376
11_1,-0.02854190129392343,-0.005429947107177662,-0.01865120185131705,-0.004921453534842005,-0.01321407537732074,-0.016641205378028292,-0.022915215643031193,-0.030050307331797397,-0.01987288925747484,-0.011436629379233431,-0.015265039784883826,0.17168735735057566,-0.00291777000836913,-0.00021624323556243877,0.04247853233682362,0.049481243877911835,-0.0038872494834217785,-0.009984774415884095,0.012893954239374488,0.030067179116580547,-0.021019437690908024,-0.037914165121354704,-0.0069698599505510096,0.06997208978568654,-0.004506945737868826,0.15312828113456542,0.003624799686129927,-0.011173764423637891,-0.006376176789865078,-0.028251396995503057,-0.04028450822687877,-0.054987557022220565,-0.04291471158411668,0.07546222317947276,0.04314521977058006,-0.018158790877962967,0.0074670499770500545,-0.0005322789910192772,-0.004192880923357695,-0.0170131936587829,-0.014135224881491364,-0.007669715558374974,-0.01728512166608636,-0.04539110284877116,-0.011581883715285436,-0.02325356566124237
11_2,-0.023839736127612608,-0.00183978636783648,-0.016640475083280804,-0.011788959202231135,-0.006515420432422455,-0.014860203577685615,-0.009309067619549768,-0.02342592402671564,-0.026671213903579537,0.26518544041371933,0.1273616321505215,0.2681654600183174,-0.02339857557531819,-0.0035537650632656357,0.05389701111344084,0.058719444519270844,-0.001468717216714327,-0.010331919263808406,0.010251319918262105,0.039876366345652364,-0.016679896693101205,-0.03720354656415543,0.00023552936531638115,0.29870567820507926,-0.0013393282885721088,0.22149521406831915,0.19184808712855256,-0.04194264259930467,0.01883038829465407,-0.02285307857379021,-0.04671402340681501,-0.04842397886694341,-0.03422626838365308,-0.004318152856413374,-0.009135371801546522,-0.009809314846874922,0.004267095931739143,-0.013491890711311579,-0.004804991085647918,-0.0045836021364843845,-0.019777254945600564,-0.006671085908095034,-0.0033284710647827082,-0.047084074693595886,-0.005843021773479515,-0.022533040483057546
11_3,-0.028534074692748188,-0.004052104516672009,-0.01889111372708878,-0.01314261632560212,-0.012143587684867918,-0.01653539082572397,-0.0209892335964766,-0.029362654125915433,-0.029469217330404106,-0.015012816354817672,-0.03096247442531963,0.21322821469462844,0.005823349606823155,0.0011579421511607477,0.044503160081375455,0.04608584167718155,0.0012519865974399951,-0.009269906419205326,0.012998835925356769,0.03573841389943707,-0.021040045336022606,-0.03732869838145942,-0.011057860719958198,0.13471068390592197,-0.003931693762554762,0.1570422336447174,-0.002963580841381208,-0.028932775279148986,-0.006383692972363839,-0.02101609996647729,-0.04157651209241663,-0.05422442884203629,-0.03661426448253964,0.07489355029139176,-0.020760469756031227,-0.010450119708426577,0.009289342830241671,-0.011775388747008914,-0.0045765739624941725,-0.016726483163218328,-0.012837415284245497,-0.007245289458665879,-0.017037279203325983,-0.045987205726560364,-0.00942750133294398,-0.021620032434094258
11_4,-0.031060714246745183,-0.0024481747724169507,-0.01891355530413898,-0.014069207828070246,-0.012475109647910987,-0.017866711437285104,-0.022111909089308247,-0.030112061943692495,-0.03136597656955273,-0.015798025343524133,-0.03379420492124235,0.1868460755161346,0.006197165773104537,0.0024931492553846566,0.03826356141877941,0.04385953685910997,0.004130283022521121,0.0013182038948898434,0.014058448364645232,0.031249720439026338,-0.022570186695334584,-0.03621703736911814,-0.014651602386216824,0.17476486576917485,0.00040325781480559714,0.17527313163479752,-0.0063677520040131075,-0.01132070184788814,-0.006021327488723963,-0.021221049330892593,-0.04340899985590268,-0.05508673468310322,-0.04121925914763858,0.061554633420813756,-0.02166390726215083,-0.011886842763547671,0.009440707975318896,-0.011980528107601059,-0.004764093206359471,-0.016641340051983325,-0.013574403051953647,-0.007580337775389258,-0.016748107165848156,-0.0475740092761485,-0.008970410454788538,-0.023086233894731772
12_1,0.019827607891815934,0.004312564722716119,-0.003999025233360305,0.01333751257287423,0.005205472459241882,0.005520632989983245,0.003140068065585336,0.027750877412399913,0.006448344018850622,0.5428947378365824,0.7716071034992608,0.39703091894710923,0.00011618133902460119,0.023976233815554682,0.05951293735669276,0.05376827533294413,0.011129046139278162,0.00584078546858506,0.018148563480204636,0.05786847312074505,0.06149113374200319,0.21445539062835353,0.020341159324671478,0.611934090103706,0.006528084512438282,0.36148866892713044,0.653185338014838,0.043639748937357115,-0.0060833455240538944,0.3091892402771131,0.01695174531716889,0.010146107643535915,0.030674512821950408,0.07926530420133795,0.04351777865844371,0.023257288720329925,0.024493892701874347,0.028855100159481784,0.006445187370301827,0.013015252456812853,0.006657006258331297,0.006306487234159953,0.0035537580616365836,0.014499443391681764,0.009123463288001525,0.2026113268954981
12_2,0.016086059189003264,0.004609964201326118,-0.005717819252518756,0.022341375115737815,0.0029563283151158334,0.003966155607835036,6.323756433677987e-05,0.010214547684095887,0.0027607965325316575,0.5533214764239005,0.7899795373478861,0.3776142117620975,-0.005770143334726582,-0.003136085354333572,0.05670621062140924,0.0786087785107795,0.007799632701206728,-0.015379232464310198,0.0034094565774679935,0.05760292466668889,0.06031072148535324,0.21005867312555618,0.02306565427976363,0.6375180022847614,-0.002859515660974327,0.36936323174280644,0.6379746781214417,0.0469355506735608,0.019770582823762543,0.32062290327135157,0.012961298824588437,0.007518030078161399,0.028359678145142987,0.10777368121662709,0.04542603689361016,0.012601808282557869,0.02248791815566297,0.02946068097009544,0.00686787305559724,0.011310098599646237,0.004292384395108485,0.0036486605719502916,0.009245083124221263,-0.001784920529535175,0.0019532217599041984,0.2040274945410815
12_3,0.020322661737021932,0.0034120866623440207,-0.005009466017167829,0.01602695072802767,0.004918679504926181,0.0045120918559454016,0.0009846984508143813,0.007414976159909989,0.005546190781855928,0.5409975735180684,0.7400472442781447,0.39976134001315683,-0.0003568930331591727,-0.00804862910135574,-0.004262407432646819,0.0177530195901151,0.014222833437808493,0.005133857796492698,0.018254581956086032,0.05754291869644904,0.06116915642025818,0.19744331078521477,0.020620299019707612,0.6487090616368033,0.00631660089480603,0.3614408694828222,0.6240951383660139,0.0444919982413607,0.018772139544678372,0.31119717744424175,0.018093007450403605,-0.0011426918834470847,0.028840410608611422,0.10671896178545959,0.03826370413040627,0.017241121523827545,0.022340480500566834,0.02958039570930706,0.007360287108531711,0.012579999533232042,0.008779047606595772,0.005355853704568856,0.010228908079257991,-0.001875861159312854,-0.00310347980269067,0.20174185271362835
12_4,0.020437940033987367,0.0036011767987497133,-0.003851396734704386,0.006085680561311227,0.004992089189612667,0.005542157913437264,0.005204045062473921,0.027489064418955867,0.006294751394755079,0.5441384023361512,0.7885875861815754,0.3949322912660989,0.008140113748874127,0.02492421475278358,0.06235172650744503,0.0785675838990095,0.008623590203634728,0.0058160177020882544,0.004588183807915478,0.05823809843810889,0.06041245812648715,0.2156933269111628,0.02109247554828956,0.629034949054571,0.0065839714907496676,0.37125704026096384,0.6320923955803271,0.03557591004873557,0.011141095486799112,0.3111005622761637,0.01887681937919123,0.012285027061705174,0.0308638200723097,0.10690546135658906,0.044435517521109,0.014916195551739979,0.025433470521734124,0.029678203021915733,0.007701771378307085,0.014415114783850774,0.007361313142947868,0.006460385606785247,0.005081858660016097,0.01534690777906623,0.009275671521507536,0.20338203287508597
13_1,-0.001342011717858726,0.0016082298241915551,0.0007120318417094388,-0.007978308675434096,0.0002106289508205053,0.006005573946221997,-0.010960307484864987,0.01254202959566172,0.017600576570105914,0.031813207832109835,-0.030928113167205683,0.046943818120070646,0.006836970275492539,0.005618394588794176,0.0699750310561113,0.05883482430088852,0.0055917259029206415,0.0014404233043094365,0.016422789537945646,0.04929054792247835,0.0026203839750172193,-0.009559849283315183,0.014599615051248,-0.009704381158926988,0.004850903641682504,-0.08644728032575455,0.025497455293990234,0.011927870098604573,0.023130070252820732,-0.006450675156604009,0.02865066811598042,0.022231508671901188,0.0065152784225590635,-0.010689955605159448,0.0037182985446082826,0.0005940156818367842,0.030383731962720976,-0.004417318472110571,0.0017686093161439218,0.00539465263964019,0.002927271772441335,0.0005428199482412013,0.00042434234618201,0.019894501676781726,0.004174177719959294,-0.008032286618064915
13_2,0.0002818163723836629,0.0008128951689168536,-0.00022702170777548275,-0.006819913579245409,0.0003018278913826996,0.00537833902060264,-0.010544252894487509,0.01268816885877957,0.018339930234384228,0.024125780060739812,-0.050006237818896744,0.038311245624574504,-0.00042957184532065376,0.003948360134682299,0.06830536337590233,0.0598290256656314,0.003241372986184938,0.004082070445033182,0.017011112489058025,0.04582778753427107,0.0017196305638492067,-0.00894309530616639,0.013851381856937454,-0.02573900371400636,-0.0006144926056415207,-0.01975659701580338,0.022688610918721482,0.010815914102777912,0.02297450875177158,-0.006375792949260287,0.021390422441127634,0.021608041658222374,0.007731398163873205,-0.010895878276705913,0.004275660208415864,0.0006337538369000325,0.02852225569751793,-0.006447833955520238,0.0006101122534568129,0.0032945704419239524,0.00619345939866483,0.000455675187084913,-3.339256169676944e-05,0.01803780645478879,0.002413716448589187,-0.004174226521658674
13_3,-0.0015249371718369681,0.0016307084767423717,-0.0026210428512513585,-0.011395544814602684,0.00251154137615868,0.004841729601414062,-0.009079186309039772,0.012171385427657819,0.019301092016785877,0.02618459214971073,-0.04931714863519652,0.03871432158540703,0.0009261811007883358,0.009587604354914634,0.06192607476230945,0.0556126245781694,0.0028329546678992866,0.0017147611993512167,0.01536900354380379,0.04629457080103902,0.002329080862310849,-0.008475739862649493,0.014109256892800818,-0.022228131372952237,0.00010241559922307024,0.009092418287311206,0.002697043471991987,0.009845952127332382,0.018425422441002825,-0.005768898285378238,0.0308251310675493,0.0211458037811291,0.007959446354713781,-0.011510638657245338,0.004200357818871011,-0.001105657424272589,0.025686224161728888,-0.003783133772910832,0.000144831383809216,0.0032939224692437054,0.005652549018799709,-0.002216563730265034,0.000608997303712932,0.016991136059715358,0.003434261979246201,-0.004015305914143197
13_4,-0.002817519977424568,0.0004896612357516563,-0.0008564703257720517,-0.009248138135404775,0.001495467534651628,0.003544152133961696,-0.0077071470139208976,0.01124234111576642,0.018177421454751392,0.03083721161857083,-0.03383303847802515,0.041965000604603654,0.004876522253902912,0.009074126779065042,0.06715970796964797,0.055718229102431585,0.005709195706338678,4.821285572607066e-06,0.016406507712096598,0.04942904823263948,0.0013798784655030402,-0.011334641948333916,0.0069426386814077385,-0.05042058098261259,0.0036220190977078676,-0.09362085235189208,0.028510499487606172,0.010313978044363516,0.016004342001318245,-0.009934800153816977,0.030550894559773136,0.03627096855573093,0.005370200837314837,-0.010876232593160375,-0.0014920602215507122,-0.0021292127882506446,0.02888521183011179,-0.005409018687962001,-0.0005244985367904371,0.0018157978876224908,-0.0036563329503353334,0.0012168154031705286,-8.883103198258859e-05,0.01900609116223585,0.0028588000462889947,-0.008837890620732727
14_1,-0.008171055341260225,2.5595392343341763e-05,-0.004514775840159394,-0.0006927280723648845,-0.003642973962726765,-0.0059904494331660665,-0.012908792725643922,-0.009504601773460979,-0.007909283374596343,-0.13096106204959126,-0.14235293670460314,-0.15442230215545694,-0.008978875188113102,0.0038040110892946584,-0.0891871014580284,-0.07776759694466513,0.0017642066012702696,0.002745531222999479,-0.025616613873706347,-0.05160014238330145,-0.011068838805183695,-0.01594353511018225,0.005352968182162178,-0.17333926058062035,0.0002956803785735,-0.18502585419659162,-0.20377958234799326,-0.0023744908883344437,-0.0022863039317165858,-0.020966969512843006,-0.013473302902909238,-0.0034770617524247215,-0.0034874586963967585,-0.015828881188347098,6.587475556530122e-05,-0.0019092344823674195,0.0021474994517045815,-0.006689294909761887,-0.0030061223683072774,-0.0005442739623811768,0.005984480765636488,-0.0030027624320969285,-5.741983087188471e-05,-0.016644545256613345,-0.0031900192647517415,-0.017771159917054004
14_2,-0.0015462187147309017,-0.0022410497598440715,-0.005704281447875968,-0.006613357387417221,-0.010239796830253663,-0.002353050114772123,-0.01365621212475158,-0.005889498994300628,-0.0009288890389063482,-0.13941618034804204,-0.15914386120414073,-0.1462320988112509,-0.011269094541550345,-0.0030531331424058818,-0.08811505889981838,-0.0795104039005702,-0.0013546657874041403,0.0010924667815746727,-0.02400541165919973,-0.05461052491988951,-0.009959528377307946,-0.008633060677132896,0.005805457253967842,-0.17341258253076933,0.0012364413582369098,-0.1814902775307297,-0.19375787253405852,-0.0021514760357095853,0.0007988377863997879,-0.020172996600407053,-0.011400040442782871,-0.0035909356163561475,-0.0008659749877418145,-0.013651880744316218,-0.0019640665635258453,-0.004133558967946845,0.0008452727360183437,-0.0005075471026890468,-0.0023532837147116044,0.0006183781993768468,0.0006578638934713414,-0.004546451173529877,-0.0021815382268385985,-0.015996998957437714,-0.004094834421679808,-0.01831166682568258
14_3,-0.003753759612892491,-0.000796904953646253,-0.005183881350421256,-0.006707057445427622,-0.003279180106620227,-0.00566037288332429,-0.011756048556229462,-0.0061146003347911804,-0.002065315941716022,-0.13249276946807667,-0.15251213462301424,-0.14431168457117352,-0.013523802917095188,-0.004921854658951073,-0.08680151685244218,-0.07657802594887823,-0.0009584440449631287,0.0012838775729880035,-0.025878131047928035,-0.051655818888845115,-0.010113053180364524,-0.010286606822679477,0.005226188174879594,-0.1731700681490466,0.002204585464575905,-0.18171716223241652,-0.18930736555060046,-0.001806036722077349,0.0013874755933767381,-0.01894288294110342,-0.01237551326757056,-0.004779905035416384,-0.001080101903133547,-0.014705174879924973,-0.001438571744786959,-0.004227131513150012,0.0026652791768056764,-0.002408865704520882,-0.0034235824316081786,-0.0007145760347191405,0.0017195458372087358,-0.003016757222522865,0.0008948467463529295,-0.017477103162283618,-0.0054456423729732275,-0.017657615466330042
14_4,-0.0029877602734576887,-0.002111628175379529,-0.006465296777029203,-0.005936830394778473,-0.005232860664567635,-0.0013879745768991315,-0.015137451984568222,-0.0057517278413201315,-0.005618977615539939,-0.14152765962401453,-0.1587545011798466,-0.15361202014436376,-0.009082253130266152,-0.00453591714374966,-0.08750169536079012,-0.07925344799544005,-0.0035478244715373038,0.0017857105824463885,-0.026353648214085788,-0.05434770868899532,-0.010232948652247997,-0.009884981706209862,0.005233736865134374,-0.17697124006427847,0.002526071281690805,-0.1854064414986702,-0.1915954066061857,-0.0016317206314887434,0.003672101494002152,-0.021089704310044192,-0.013943581370513367,-0.006589573344106327,-0.0017212771791538435,-0.015451080403066574,-0.0029022318445220503,-0.005156158369255821,0.0005832196418662075,-0.0013384298486861306,-0.0026243669499023334,0.0006607792427806871,0.0015955837951667842,-0.003329745874662556,-0.0026686406868619704,-0.014537195183180158,-0.004556005211845807,-0.02001360420185175
15_1,-0.0021336403144386093,-0.002109247984252162,-0.005103055292592225,-0.010778571754474437,-0.0027497770446887173,0.003005001441555964,-0.012965104984088278,0.016707723741252137,0.005835001210993503,0.004392022778343871,-0.055003857865859554,0.02453435499577987,-0.0011051763376128546,0.006410034499806548,0.0536988946535238,0.0439849523307968,0.0030777025344636186,0.0013042175317946134,0.020732247456645873,0.04032168067877405,-0.005098787378799705,-0.011271330963734187,-0.006509692089851006,-0.04400697746986697,0.0008191106523133037,0.006279679710814394,0.003121148960610452,-0.011155008702410783,0.007643693109480086,-0.013446121200387282,0.0038450003141670594,0.0025109843226214347,0.004886338622081534,-0.010516458564092755,-0.004177173519937892,-0.0029199722600786256,0.012227355127320587,-0.0034279826516906866,0.001931682722888197,0.005161421907794538,0.0027052709678641778,-0.004452528267317532,-0.0015179530606946124,0.003265324452042008,0.0026396369529338654,-0.012876102929909749
15_2,-0.0009935660896228556,0.001636923420061202,-0.0036490607849987778,-0.01046688863620402,-0.0008633977707395308,0.00014004876050617655,-0.015703434473941808,0.008588942260818203,0.015214243567833905,0.013369546271842588,-0.057302159322805545,0.02136743973836408,0.0012385518892036596,0.0024301213185485135,0.06482053339996349,0.05086010066526918,0.002243363367938326,0.0009776161479754315,0.015314246501254512,0.03982489151973127,-0.008911619995941377,-0.011124834945699514,-0.007712081736681794,-0.031211407629769504,0.0022330017010874026,0.0029991436565412655,-0.011405896117195235,-0.012694081126236038,0.011437450586185869,-0.021319829613305502,0.02525751541482314,0.013775596385369666,0.0067554459566684065,-0.009912925879597504,-0.008449706218148424,-0.004953223769071615,0.010122722443657335,-0.0033492043836376812,0.0005673669067864165,0.0038311522382743247,0.0006047500736982594,-0.004134558598212297,-0.0010214430456197575,0.005830746579476551,0.002384720106875946,-0.0128712853545452
15_3,-0.002543499206336052,-0.00028269940100222895,-0.006556377295541821,-0.011358859050262182,-0.003972062552540429,0.0009613733180481573,-0.01577496784001303,0.009100942697530263,0.005738446910537041,0.009248556465250255,-0.05807121744718343,0.030297105765941836,0.0032005385713921647,-0.00175104216917398,0.06332598321829097,0.05194797197488383,0.0019366514494423338,-0.0016378033931400292,0.013474560201907952,0.03987110376434741,-0.007941872848495643,-0.010939687906603263,-0.0064611199080517896,-0.03310589021375656,0.001361324695191075,0.004282324937833496,-0.010486716685201158,-0.012415222968205086,0.004882757233268018,-0.011932664206502682,0.021929808860510467,0.004742020304337146,0.00660603711929641,-0.01080912887070603,-0.009271479708816126,-0.0008043524037645417,0.0059130481851707405,-0.002375016376460101,0.0006966770181767351,0.005314290140382725,0.000930234265373831,-0.00431842243631214,-0.0018329777542635216,0.0015610992506207763,0.0038701454894688172,-0.015179529350404614
15_4,-0.0019244175513520143,-0.0022067719535769246,-0.005399020997582616,-0.011564782896769727,-0.0029278899946208964,0.0029552383992581303,-0.015126528969040398,0.013815949786428909,-0.00394693245760358,0.00694312520701298,-0.05758386024377866,0.0210615525036322,0.0011732181827135038,0.006683105528423312,0.05260058206404155,0.052977493334006295,0.0013174841440643545,0.00038690583516267794,0.01540639718860058,0.03961292507970279,-0.007453395233700432,-0.008858261482987097,-0.005308784558799087,-0.03965360782886997,0.0018873358253661903,0.006522272544162468,-0.01214973184489794,-0.008521284754382262,0.01266194101852131,-0.012980817990715524,0.00410813557078389,0.004031217179449359,0.002737177056283993,-0.010591959873134701,-0.005019125406488883,-0.007971801187291077,0.010230972335455953,-0.0034298483486719868,0.0016216615692823697,0.004443553594852532,-0.0007026511040767993,-0.004702803606137692,-0.0015618371125254809,0.005887403070068931,0.004093148712216726,-0.012347484187531206
16_1,-0.010821281009047811,-0.0013851770001760974,-0.011727120090012377,-0.0005998170252819843,0.0019052859603636157,-0.002894959405921404,-0.011781490529103805,-0.01785633670351695,-0.007010743761677986,-0.12939459358074837,-0.15619703013094277,-0.1580561152693707,-3.6008636007403344e-05,0.0032527704140962914,-0.047097602910492406,-0.0291808832016498,0.0032605965595935917,0.005214275122283763,-0.010245081027780564,-0.013365158064752174,0.00568584649169449,0.0026566661535700896,-0.004957690069881032,-0.17969850711906069,0.0030614676376964603,-0.15643292743091777,-0.17523243131910907,0.0035605120054763434,-0.0011135067903119452,-0.018022667867328035,0.006490520094578442,-0.0212898194906188,-0.006972355603058901,-0.016634965815685382,0.009841298517991677,-0.023654851067446244,-0.008914484905953417,0.0026137708849014877,-0.0024783407010705834,-0.003045341697817718,-0.005483950005843246,-0.004524941891120324,-0.004111826498245742,-0.016565654751310558,-0.011735575717561285,-0.011886073792251988
16_2,-0.011030732769134988,-0.0035342966580118856,-0.006463080466202355,-0.0008254070090618695,0.0013013073108888746,-0.0019378268266702502,-0.008802853474714833,-0.01810086248013303,-0.00272782741376415,-0.12874157858454527,-0.15405126381427678,-0.15884558183347838,-5.130292009456329e-05,0.0025984335503838026,-0.04707569321965196,-0.030941173060459907,0.0032146506747199135,0.003787731773386227,-0.010807401496942193,-0.013772116565974487,0.0024188972991277067,-0.00026247568700220135,-0.0049562802534881744,-0.17697819419821068,0.0018225474953028915,-0.15406230656718437,-0.17488298592629226,0.0033729935684037146,0.001735481320066716,-0.018262253017990247,0.00821118447609132,-0.021231566772635654,-0.007307355647574394,-0.01682572106010285,0.010526074055428,-0.010044589021653621,-0.008392602826076113,0.0037046652377257737,-0.005247242056154542,-0.0031268025355182297,-0.005770565460305849,-0.004343858161529913,-0.003180756706184653,-0.01551507342440253,-0.011893285173899147,-0.010808973369124451
16_3,-0.011555736354541069,-0.0016298651366190864,-0.010278742841447306,-0.0007936416941610436,0.0011991606839516088,-0.0031660133251006583,-0.011670534693580426,-0.018101601734336323,-0.006644940068813941,-0.12601019883243297,-0.1524437450638251,-0.156816539681164,-0.0001444092510237314,0.002531243044450509,-0.04734461390968144,-0.030868269038099486,0.0030615898984604384,0.00254521559850484,-0.013104346303468253,-0.014224300782239782,0.004632806896406646,0.00024985788020017265,-0.005073309888937039,-0.17583294676540134,0.0016588809920872192,-0.15382609854730667,-0.17497836945094133,0.007273101256883315,0.0027865825418098983,-0.016706730945036243,0.007393571144488884,-0.021485373535336943,-0.003695797511618028,-0.016831710262492073,0.010186643109447153,-0.004633829970019894,-0.008989603148901291,0.003523865103500769,-0.0020820877710232967,-0.0033688470087942335,-0.005912253607884889,-0.004448152717245401,-0.0034888253847716122,-0.014479417486050214,-0.012034858330867556,-0.011192264626931984
16_4,-0.011135920039701019,-0.0017136115549811785,-0.006492227712080173,-0.000642444010194804,0.0017731916301051763,-0.0020242249185912476,-0.00906159242479442,-0.01812949465820232,-0.002792140362021655,-0.12614281356498128,-0.1541013416675293,-0.15818954944279937,-0.00013468440735797736,0.003062783046115282,-0.04711252339167858,-0.029594166813161744,0.0031800996561040435,0.0032431256077503873,-0.010476970921467679,-0.013388798702717915,0.002759570045959844,0.00021048102456323845,-0.00501452257254118,-0.1772247729401874,0.0030005406575013363,-0.15432789183762463,-0.17207033064510535,0.007367739996203759,0.0021371922302964265,-0.018385793958168355,0.006036402425721437,-0.021589475876797368,-0.005964184477953585,-0.016707980218405933,0.009819926171514915,-0.022116957279499094,-0.009219297526515673,0.0038677246070102154,-0.0025098507493510587,-0.0031333599880229873,-0.005772138492875016,-0.004469966698843331,-0.004275408716306208,-0.015542627429113434,-0.011722079606357573,-0.011224384526871052
17_1,-0.0074146556506290194,-0.004239394584039792,-0.008494903353810482,-0.0031255222214095317,-0.004551403866283653,-0.006188522508493416,-0.012853084097377024,-0.013302958476547192,-0.007350906017488158,-0.15098881173127573,-0.15231657745744584,-0.17867363538316994,-0.012222118374803902,-0.003371980092960961,-0.08142930113790572,-0.08344062246984012,-0.006026898017236647,0.0012662991236419348,-0.03066801195683763,-0.058948690580824435,-0.012923613776167216,-0.012372285464947565,-0.0049308912995818955,-0.18105721058570606,-0.007100102864964399,-0.19257765727451476,-0.19854810818127222,-0.003666023115984685,-0.0036383992189414713,-0.02322925075310115,-0.013812901969765267,-0.013441224616034982,-0.0034839305105140313,-0.0033989922301632045,-0.006256573945741717,-0.012753560820599658,-0.0008593846304631765,-0.0058418337420441035,-0.005413070086617777,-0.00030756433296942506,0.003718360378489196,-0.004565210778783035,-0.0018797644009767845,-0.020650643025158913,-0.008180118658876185,-0.024066033262933943
17_2,-0.0020769562599079814,-0.005801688192716512,-0.0059745293197023,-0.010407579821597197,-0.014042395941887071,-0.0032860322970636614,-0.022661024354761965,-0.005301783260607932,-0.01132295285488384,-0.16066116746349435,-0.1717766106633301,-0.044444176917949565,-0.009922212544899616,-0.005434737854334828,-0.10319878591108933,-0.09689572429703204,-0.005569883073695773,-0.00021922253883696732,-0.04322667246663018,-0.06454380220198155,0.044452466797622735,-0.004937926903619607,-0.0016707007290381526,-0.16713131197373282,0.0018448659914569979,-0.15503247929988095,-0.19170110435791066,-0.004522222376388605,0.0005611236300102299,-0.03694056155897644,-0.016137859272483963,-0.023169100622355082,0.00010356063223085678,-0.009846717866375048,-0.007058675048894927,-0.014533099585468183,-0.00027282334302270014,0.00042185013936603817,-0.0025970035955976737,0.0003039224197362877,-0.0002703844220850118,-0.016529838479497534,-0.0019039327944867022,-0.02245611739449498,-0.007351495552335118,-0.02065788444769436
17_3,-0.008425047968461507,-0.0004025839723774378,-0.007831919696014435,-0.0009239001299125172,-0.00162082587723655,-0.00010769442780442896,-0.005427350967212005,-0.014871901164528375,-0.007929729324514618,-0.14567361472316923,-0.14498339191480805,-0.1565866908352542,-0.0051967183061396435,0.001930830084451131,-0.09056910444875924,-0.09066059759176381,-0.004222271444340538,0.0038688457066339142,-0.028985583487576103,-0.047098505712691495,-0.003503007290894434,-0.006000678488121268,-0.004740820482136119,-0.18222522450399034,0.004427483293893084,-0.18333362304951267,-0.18456807963615418,-0.0010803374566011725,0.0043354655410761675,-0.02081424497385748,-0.009318468723663235,-0.011246140140584152,-0.002736767224435568,-0.0065240911696946196,-0.007977035513367248,-0.013950394203046484,-0.003474195490636752,-0.0016314156691716812,-0.0027390347321547635,0.0005852197006990458,0.0018409911498228817,-0.0002704523347413741,0.0011035190031595317,-0.01479207079257155,-0.004136321500296792,-0.020053119567785327
17_4,-0.0017499238941106822,-0.0043302478750338914,-0.006344890961294158,0.0003030629180687797,-0.012918487562819853,-0.002894692384840888,-0.010431000309549729,-0.004286142136917782,-0.01198752437431543,-0.15715570820695307,-0.1720028507810249,-0.18001445059650728,-0.0017929630677326897,0.00478925205367051,-0.08543887987438811,-0.07976834710575305,0.0025194317251714567,-0.0004960331391264399,-0.029910817874325327,-0.06859488367797323,-0.011211879255495312,-0.0031945994845853747,0.0018510819400573383,-0.19043463877905017,0.001558675209350411,-0.1937203656094243,-0.19894738653926933,-0.005425882126707071,-2.8321438158558795e-05,-0.028370493116687576,-0.005318814518247669,-0.015392627602548265,-0.0022377098872682142,-0.0031732685411951346,-0.001225157378073362,-0.011928510658737911,0.005209313051048456,-0.000766493319112087,-0.0025868818996178764,-0.0011673472248481,0.0016513682365073504,-0.006596120104554259,-0.005029205586675341,-0.0036708732939636723,-0.005669298691257571,-0.022305713402899687
18_1,-0.006551579474465225,-0.002283087247377593,-0.008503553829579341,-0.000534149695130097,0.0014238410840009613,-0.0034836654728833956,-0.010383723788025653,-0.01720589721041897,-0.002736319657947151,-0.1208951510830689,-0.13961244262853706,-0.028151626918903157,-0.006592849890915996,0.0039506733400485215,-0.09639455832652655,-0.08152973233424726,-0.0033625214036800957,0.0029204105279033656,-0.023064170911629708,-0.04774780195836672,-0.006099209557385505,0.001322258916888731,-0.0028650855255163417,-0.16333005963571098,0.004954292121163964,-0.1353800792974874,-0.19300071080909156,-0.0019808261167457513,0.0008334239153774837,-0.01800460175926792,-0.0010838668850844842,-0.020785556413492643,0.004366639302807316,-0.004007776329369518,-0.0028762421529315027,-0.006434296906341128,0.001865139012586255,-0.004064252468087541,-0.0026444224606873073,0.0021366362677480966,0.006056289236811068,-0.00524610716790915,-0.0024911346858344074,-0.01711662707148833,-0.012269781723258582,-0.018359583457375823
18_2,-0.0022835337228797057,-0.005195109437254801,-0.00937712010745191,-0.007711783859350509,-0.008782990491358276,-0.003912972248915551,-0.02180866985775297,-0.006838450507920568,-0.020695322347008743,-0.13894095827817923,-0.100586415683917,-0.0013796639890992957,-0.0009956214523319405,0.001932289229416202,-0.1047754325121446,-0.09046140526683472,0.0023381339709341474,-0.0013949407917470667,-0.04463429724838531,-0.06771554450117216,0.04229447029295803,0.003385843346936205,0.003976966404637247,-0.09228312464318729,0.002170936240327896,-0.033731836573656394,-0.19683244400432032,-0.0003710005598562355,0.007688937801288781,-0.032325086114951745,-0.01121986903914756,-0.026338468687222696,0.0033151446529904216,-0.007262224998729759,-0.005163182458668915,-0.013922173519130865,0.0004098428147241074,0.0003210850577576239,-0.0016291080968690885,0.0032821527325407134,-0.004102922956569546,-0.00900744205711155,-0.0018536185869489673,-0.029943928276229048,-0.01357825665381611,-0.013312448762482084
18_3,-0.009412270054021047,-0.0029831406325546276,-0.009927821771330642,-0.00043015758077868504,0.0010181908153117896,-0.0003526148468442388,-0.009712237107000424,-0.017142423767738457,-0.012517564487092262,-0.12272650319708932,-0.09476816323441513,0.0007639206056266152,0.006850587321410198,0.008323575084977485,-0.11099664819137603,-0.09620446232326202,-0.0009279595756585494,-0.004278030895729029,-0.03057339762521478,-0.055124955491774215,-0.004923145517321665,0.0005810240139119114,0.0014576056275878257,-0.16851100495729818,0.0037648371040274412,-0.13445752104183,-0.20728649433982574,0.0009384678665499776,0.010639304175616354,-0.02015026558662437,-0.0007441554443764118,-0.017687056846156846,0.0007524451255740382,-8.251420038337439e-05,-0.00029026153768323625,-0.0026586264554616604,0.002124251190633781,0.0007992234123400071,-0.0018633660962426722,0.0018573414076149936,0.006373371033357247,-0.007539339628196171,-0.0009291501514679725,-0.024719662629411145,-0.01611375606386328,-0.013679086308011951
18_4,-0.00423324131439514,-0.00031467298711594855,-0.004536574501115657,0.0016377160112819498,0.0026510383406055413,-0.002761198452943913,-0.012061322133303144,-0.003903163187673105,-0.0005372686176652014,-0.1349208386641494,-0.1444249725759382,-0.12807296989377406,-0.0010303422833166322,0.005803956354411584,-0.07576236388458213,-0.06557045492455993,-0.0015371409469744548,0.0013056027364451025,-0.022612845370185423,-0.052136930003440725,0.0039492856530328295,0.004347913258919863,0.001172327636560676,-0.16301725991462143,0.0031451006273096505,-0.16894278932773152,-0.18447033816949038,-0.0009173684145159028,0.004094512457476193,-0.021528497298384297,0.012973445498734864,-0.009139267159720557,0.004256485757480045,-0.0007693298718873831,0.0019067615175389322,-0.00060484881590801,0.00872972896733807,-0.002074019764601973,-0.001792789868691506,0.002345873196235679,0.003336992107261616,-0.0027716185709897026,0.000701741842528861,-0.012461961195581586,-0.0023928084453976946,-0.01999910352675017
19_1,0.007595472543644474,2.4343530929911384e-05,0.0024533310802790638,0.0010278123740097775,0.006176299886155056,0.007645355356584935,0.033449252261858256,-2.129302960632519e-06,0.00129648203854007,-0.1711872068105926,-0.19274049256820183,-0.2326090760979334,-0.016960040139240386,-0.005571991180504174,-0.10576136238551934,-0.08810942726104432,-0.007315971939336367,-0.00022460852526330448,-0.03450046980994585,-0.06937854144871156,-0.0046447052692756615,-0.012297721231585481,0.000564407021318317,-0.22232543162311305,0.001194511386972976,-0.24220054794966808,-0.2183372834215541,0.006052972865667538,0.0007031248405754523,-0.019085851894770477,0.006627481077513349,0.015233047500335018,0.0014671503446959558,-0.01649258732907111,-0.0064914399136817786,-0.004574766350988564,0.004869407980643301,0.0074354787467522405,-0.0028687042335420404,0.00033885401098893413,0.0032169411335534874,0.005576930995611273,0.007183027461628473,0.025905492881504875,0.0016175341818858875,-0.020879176515717406
19_2,-0.002614641280542631,-0.004460136670473341,-0.0064119368345243585,0.00043439700313251686,0.005975399364815786,-0.003957719989519724,-0.008157765144506078,0.00015767975383688677,0.0010636812316353157,-0.15978444033671133,-0.1859279959871001,-0.2216582850702876,-0.015959349392755916,-0.004762740427251966,-0.10097993501260512,-0.07573680626031982,-0.007261679598483967,0.00023867520290548778,-0.029658419141010466,-0.05984609941229246,-0.004971973636793834,-0.012366928879595356,-0.0007168852199689233,-0.21924035311562493,0.0014991583492908315,-0.2260311434379122,-0.20951010886346672,0.004743766865645268,0.0007221814464542447,-0.02017154910551107,0.005703054382310831,0.0155097755671354,0.0016313302037779956,-0.016722685137683584,-0.006084818347150048,-0.004483508751840229,0.004205715363339266,0.0051937516661932585,-0.002853872986649685,0.0003340689878095415,0.003454072896376575,0.005584018755630731,0.0005734398393429378,0.0020278086323675575,0.0015652446041201533,-0.02061309399225323
19_3,0.007541007094892289,0.00014864842614768455,-0.005945699847688943,0.0005404311998987136,0.006017789508350016,0.00834687253762437,0.009235472446454538,4.588606937841422e-05,0.001375230567642443,-0.17019986020153116,-0.18974885149180967,-0.23291193927829543,-0.015019353362569408,-0.005495275113143698,-0.10580613894184111,-0.08497267964424511,-0.006425615692501781,0.0003264028179966313,-0.035388128707216505,-0.06954072341279063,-0.005629983552119801,-0.008314265317805044,0.000845207607811788,-0.22099410908686387,0.00018508872418886353,-0.24130478746901607,-0.21812545166137948,0.005316989450289731,0.0008120366759333861,-0.019812991829751825,0.005721279058374253,0.014079992518475968,0.0021932099365854765,-0.016441531124287194,-0.006313738922251305,-0.0050136296898280796,0.004795367415594842,0.008056844147654322,-0.0024550663183816007,0.0002988492374287159,0.00338706015591234,0.00493230776578331,0.007299005255869854,0.02576045937779878,0.0017762887147180432,-0.020200023239956788
19_4,0.0077087056850546785,0.00021779729409058938,0.0025821066322610563,0.0011073679914999184,0.006049346875407314,0.007409814886086569,0.03370841764258002,9.551498834834489e-05,0.001256193959217676,-0.16975495084767472,-0.19290236876795971,-0.2304854636403378,-0.01685980198861248,-0.00456067574197388,-0.10536894938904391,-0.08769674206895656,-0.007279047704077106,-1.3607423733671557e-05,-0.03397875674166677,-0.06883829584983103,-0.0043954188076601505,-0.012538846550402103,0.000782774711990104,-0.22160633744132763,0.0010066841186501928,-0.2408033342812189,-0.21775630727142153,0.005978297823136296,0.0007434116032829053,-0.01870522359168717,0.005493274323731433,0.01541046883969392,0.0017812212268543794,-0.016400076508483956,-0.006323539204318224,-0.00518445148759326,0.005762742458543908,0.007652512105289323,-0.0026534203994789175,0.00037737921214464187,0.0033592469818653904,0.005811616718608022,0.0070965078458883075,0.026072444740305522,0.0020101415523144073,-0.02062911641847847
1_1,0.007321428856251207,-0.003510037112801723,-0.007049096382728041,0.0045864351371671976,-0.0032887508684082364,0.001404376286904146,-0.007730305324650603,0.005261193150044497,0.002937473118035311,-0.1442553737310745,-0.16893287864561488,-0.20393780862275326,0.0019002331204379503,0.0002182586650699834,-0.1105949012827058,-0.06975634198643332,0.001987163189511648,0.00018669541155824925,-0.028586513791118488,-0.06746930803249708,-0.0037342095719464516,-0.02103863919586384,0.004973304410718671,-0.18199259459253578,0.0011579910771649462,-0.21185641050559528,-0.22010258323696905,0.0022718956135824183,0.011448389818487135,-0.021714623254351476,0.009187274281890047,0.022035035137451232,0.012491081463261137,-0.014170153211282187,-0.014146906998073567,-0.0027686798573154994,-0.006936721624651429,0.006922277164087195,-0.0029733378601935127,0.0014719310428376073,0.004477063830766036,0.0006871493152208783,0.0016677736628956143,0.00418788195395271,0.00839103104707809,-0.015319278114094871
1_2,-0.0037472430835822127,-0.0017083681170692003,-0.008207610294861193,-0.008795988803630332,-0.0018534493032451827,0.0017194144016364147,-0.007087085780962204,0.005072663715681948,0.004323334605418749,-0.15981562114915523,-0.1798273826167143,-0.20290169601507752,0.0015095473015591307,0.0014410817134441218,-0.07351132654072208,0.0353584814149064,0.0008622711926809345,0.0006475020618207062,0.005955011356651743,-0.032043668709899775,-0.0009363743461440772,-0.020284904821525222,0.009855741337775356,-0.1869666902403448,-0.0024210559378456133,-0.22871806028932498,-0.23409603706945764,0.003969620671094323,0.014724453500897575,-0.0209820231905358,0.01503200122746217,0.026680528503574982,-0.0008411551199329062,-0.015087310852114882,-0.011923713536092386,-0.011904312849949002,-0.007521590344167062,0.0009565193654362103,-0.00159528614927946,0.0015962017676555316,-0.0025850582662529705,-0.007260338715625292,0.002158851823634572,0.0016369801644315427,0.005318626031909259,-0.013072452837515524
1_3,0.0016821320838645082,-0.0030150098275166224,-0.00674598249272744,0.004727122157571262,-0.002947646254792582,0.0013873314745751547,-0.007823124799327279,0.005164714144329441,0.004296009718606776,-0.14380036075154576,-0.16734895632855454,-0.19811375530940448,0.0023832580961254336,0.0030771485427415228,-0.11334768186317681,-0.07049989566227104,-0.005617876892653029,0.0025464604086731023,-0.024784114421224183,-0.05861618726528716,-0.0033010089145230565,-0.021644348391222007,0.006817496978515251,-0.17979809950600834,0.0017284566320755214,-0.21189438720425882,-0.22095589626807077,0.0027078752680573764,0.010950293424724138,-0.02054012235990459,0.01016439075540427,0.022373160237876104,0.0024141768359612864,-0.014385258172230204,-0.014161148995935277,-0.000642931493818345,-0.006899066781228595,-0.0006553254219218205,-0.0028839153939463377,0.0017525728587159135,0.004567852977191853,-0.005495314949404793,0.0007289424689611421,0.0033005660750218494,0.008135109051650893,-0.015154522447832802
1_4,-0.001310171346130681,-0.001955281996174108,-0.005517438635874759,0.004781348841199642,-0.0017938862120842572,0.0005624219025403176,-0.007422226422403606,0.005088782872751453,0.00368379635756442,-0.14334614163817883,-0.16603013184781887,-0.19841592440971056,-0.0005303650436815453,-0.0017266883307709548,-0.11674372735260143,-0.06891450869553652,0.0014074876087245907,0.002289400607631223,-0.024427247381043928,-0.05969460991889831,-0.002995986892693833,-0.021751517997561687,0.007056409901562868,-0.18318553088978076,-0.00318267542280922,-0.2091835854473174,-0.21821477477735046,0.0025581002098487423,0.012333524702573907,-0.021399525111276116,0.009721620993369626,0.023225021851590033,0.002084220430824302,-0.014852089308318914,-0.014074273042330119,-0.0028534008004631843,-0.008639542752449447,0.0041668519843757945,-0.002857029555653268,0.002508832898481422,0.004519228886904633,0.00025363008215378206,0.00021132368834006796,0.004675483626390063,0.008605475520318092,-0.013919163794201255
20_1,-0.00039094376579120653,-0.00016113855430836745,-0.003970741278032667,-0.00861896407672508,0.008737164889581405,0.003842329800988455,-0.018888073163937185,0.007769623512010714,0.011761146377422682,0.03222949822870732,-0.042558749703983725,0.11168688878952081,0.00014514935389782003,0.008201056512764912,0.04643631547839387,0.05429963984338369,0.004609080247238382,0.0010888150421277398,0.013512784490342461,0.0412758673435515,0.010584127370286515,-0.013546783381899952,0.008496373046776976,0.07541020733728947,0.005425737312326215,0.08124442263844896,0.008652448790088182,0.013136866387414818,0.014555615737830815,-0.0047364411714940335,0.02668232606171145,0.019373511813484658,0.004617603957886372,-0.009334647757784583,0.0062649286463639245,0.015837669855065774,0.02780643241117993,8.818073621594773e-05,-0.0007314429888712829,0.002313344040767717,0.004900154590329971,0.004108221345196719,0.0009009108784648641,0.0020623406597804136,-0.003165772772272988,-0.01318099028586034
20_2,-0.002424030043993789,-0.004835576846954253,-0.009220958600744997,-0.01009311666934534,-0.00046921874348629627,-0.0006347132184128034,-0.020629075717698526,0.006971718369157642,0.009291921016868477,0.030075633201979868,-0.04918489550603753,0.09365873827167123,0.0022739925339309193,-0.0012879042148998764,0.05393140676107425,0.05253724468529672,0.004300289149575609,-8.545065894031395e-06,0.014232217665528622,0.037036068993815466,0.0007174586447602133,-0.00984282687331571,0.0014638500238766485,0.06318750042959193,0.0027629254140968677,0.057290363747015384,-0.004889571435585235,0.00486465160879592,0.009675767558723231,-0.007185579015642573,0.0274096221838101,0.016694484790250697,0.0011358273936995767,-0.009514253026312196,4.05168782906531e-05,-0.007066324333323825,0.023424686627972244,-0.0045766694322659975,-0.005004031264543045,0.00041296204325314717,0.003541922487913367,-0.0009908093968633482,-0.0013273833611831204,0.0015127675539102874,-0.004456285617386437,-0.014247447662964674
20_3,-0.002911076065914046,-0.003786520915607062,-0.008958543223204746,-0.012131454289309585,0.0003859591047351204,0.000579122773437346,-0.018396745819354996,0.008502719840739184,0.010216285372581744,0.03019742586810855,-0.046616136553391765,0.09315157591288353,0.003019831757876768,0.01025866819130324,0.057310403928099864,0.0540334970611262,0.004405963491728051,0.0037362122001375294,0.0159481675011793,0.03843244718042378,0.0005498405521611465,-0.0077294966948906986,0.003154144400974571,0.056719852387797746,0.0026050339022821636,0.06786173298077516,0.002273502232819688,0.004957694156180207,0.012095910708252259,-0.008396926157881783,0.02852641895191032,0.021004453289156937,0.0019312858259602716,-0.00876084383107327,0.005343078667303262,0.006412626174705991,0.024842823541747088,-0.0041236173723850755,-0.004183499675897634,0.0015985390884745356,0.003501361467564421,0.0001763126348348877,0.00067824564721809,0.003970005430173918,-0.0008311894344675223,-0.01311094410792338
20_4,-0.0023453993946655188,-0.005710726823914594,-0.013435854184447031,-0.013518257893821028,0.006133844403379096,0.0025232641111825214,-0.021373823571697908,0.006113113099698602,0.007668532830100641,0.01399092556106292,-0.048215618302356454,0.10585666745221635,0.00616034161554864,-0.00610046522434644,0.04688600004712838,0.05797748367496181,0.0017756645248998522,0.0013958043483812716,0.015486808073910627,0.03914384326801523,0.0027433640657120208,-0.015266781676878723,0.004414733216284125,0.06360672800182396,0.0016463805667090207,0.08065296560451204,-0.004713244072962557,0.0054784674079475775,0.009051719749962663,-0.01211251285447752,0.02699086209184398,0.017895752428645505,0.0015525372740595894,-0.009206190563095639,0.003533054502175072,-0.000512489148821534,0.02124549105019863,-0.002705639529097821,-0.004792901460098011,0.0006232051595049839,0.0027505939480571163,0.0027323227747583843,0.00046307118562836664,-0.00011530539490490002,-0.0026692519987051603,-0.01410332208043063
21_1,-0.013409176762157315,-0.00015851937722099362,-0.007810487606913232,0.005499531217230736,0.004138989865408307,-0.0017805774093653936,-0.009813476511089284,0.0120396136805476,-0.006422184421196651,-0.11673451283170627,-0.16195554499278378,-0.18779716107808428,-0.0002527400815147524,-0.0017563260228723445,0.030156009937134794,0.02606690230642357,0.008016877861913187,0.0014237108414479544,0.010547084950599863,0.028253750370085668,-0.0006402986177223022,-0.009067255500281738,-0.012073507275109786,-0.18370657521669692,0.0012612672307557886,-0.1598155388093888,-0.1924637041574238,0.0061375836208975455,-0.004639524200046679,-0.01942793031895443,-0.010763397584971116,-0.001801971826014607,0.010923923843098456,0.007305432486744998,0.01965851525732347,-0.004339945120551685,-0.035880296230027156,0.004838042675289968,-0.0019660244110479906,0.004501252789133859,0.0027732708701000883,-0.0018357331484827662,-0.0007634167529206508,-0.013385531260626825,0.009008388267872876,0.0038349736638018527
21_2,-0.01567857533918531,0.00030334281350610613,-0.009695342728447666,0.004648748526156574,0.005256971641739134,0.0037081576004366315,-0.007680795536229964,0.012201010053121745,-0.010285538524215451,-0.11238302042476131,-0.16223900767775765,-0.19249248424885654,0.0020109346153319788,0.0005037725146626852,0.031067941313372642,0.017883053908673896,-0.005940531977096916,-0.0033296126853035878,0.008779414397276527,0.02017067749789636,-0.002651600513767666,-0.008309627557733889,-0.011637295244840293,-0.1788191010185684,0.002626524396233173,-0.1693466879166606,-0.19914330807180552,0.00931660467695734,-0.004480140291515539,-0.020708423970243736,-0.012155216195786044,-0.004581433070660186,0.007240377798908886,0.009896756356533674,0.0184090503463156,-0.002303992483476563,-0.03648466204520847,0.004560919068218502,-0.0025605947177260945,0.0007486057405241751,0.002530332347235977,-0.0012679385680453284,-0.0016546623860861113,-0.01245764888216673,0.008508301301862128,0.006343570921967204
21_3,-0.00732814286794877,-0.002001787453251154,-0.004636875250863136,0.005799982719529553,0.0021680194166808706,-0.0016298992025012675,-0.008668720086083919,0.013110680917350575,-0.008836005474600788,-0.12000057081884376,-0.1590788735677113,-0.1850522282748292,0.0001846885354065249,0.006026907038645281,0.00238134807010789,0.008822699616516022,0.00572643452568933,0.0002909298022545279,0.010582950944532602,0.027746530587425412,-0.0016830887467454252,0.006500798691401934,-0.0022715497411540057,-0.18110694866559782,0.0031937993109534177,-0.1559898240121836,-0.19949944266230293,0.0059353947903574575,-0.0048950569587450565,-0.014876423865215664,-0.009323709467692976,-0.0011628075255728967,0.00804443353795673,0.006457352998152679,0.01901142354113606,-0.004967076287546176,-0.026014233792254732,0.0006711414298786239,-0.0012498331328721507,0.0044108940098884705,0.002947343736829641,-0.0013937958621751548,-0.0010396054104266066,-0.013024816457253447,0.009347491703893998,0.0042118907231815435
21_4,-0.015241776747307687,-0.0004572840834810515,-0.008451859606171664,0.005102786252320907,0.004236491954330653,-0.0017043546719019028,-0.012776918530942951,0.012033127677040368,-0.008053818617060338,-0.1196907308041482,-0.16769613997705343,-0.1895473206377304,0.00019243148580783186,0.006622122915997266,0.031080238492072525,0.03471092731927379,0.006274099220452902,0.0013219457054117567,0.00864929506172127,0.029119934845881105,-0.0015468966569097838,-0.007684602501508716,0.003211675074976063,-0.1804380474074272,0.002657435178930777,-0.15803298204354102,-0.20290653791821747,0.005734727049900793,-0.004463246776781779,-0.016637274658653053,-0.005718841083923952,-0.0006955316177673353,0.0021892377895905324,0.005111583328777615,0.019864004217099766,-0.002773185456488708,-0.038746049921556454,0.004895914081045743,-0.0020998514619643754,0.0032723779251676174,0.003002325005981309,-0.001726184962467143,-0.001088263404055451,-0.010654708915125035,0.009203583507420326,0.003977017210589204
22_1,-0.011971677146412577,-0.0007596605210188243,-0.005191237778344426,0.003821942545632703,0.00037332512335346815,-0.0017664919615321974,-0.01056152019531555,0.0112810919417731,-0.0035940704450923952,-0.116400216648079,-0.15885269669351337,-0.16877496744320283,-0.0067629204624096925,-0.0018217675069652226,-0.03988920770483678,0.005930368816679343,0.0033982689550807405,0.0013659095901383325,0.0042924127950739535,0.021527651766940464,0.0009494606589875347,0.0027643967552268165,0.004556125334485991,-0.18225688868303302,0.0007910193377195133,-0.15834447875008265,-0.184309342962459,0.006068881545324279,0.002298918186935341,-0.026676040078738084,-0.004224531805861642,-0.0013154486649174506,0.0031627535019907735,0.006547241718387212,0.01841390019903445,-0.00345853561158261,-0.012576392642908359,0.0006364543040452305,-0.0027552736651097727,0.0021839114851771105,0.0038570260249592703,-0.0002994060513731827,0.0006835949568695578,-0.011593327109431036,0.010983730112924972,0.004377134843819855
22_2,-0.0019919772961779054,-0.0009015844392378516,-0.005381715131676035,0.0047189911678537115,0.007172751434028045,-6.211779693602974e-07,-0.008370593310164678,0.0101583257889147,-0.004901111381501901,-0.10754879084487637,-0.15511089613110673,-0.1741925199790031,-0.005774528384760105,-0.003511175476131107,-0.06812798452246449,-0.04259528142915411,6.606831491016475e-05,0.0016800622686168974,-0.011014589489260606,-0.04092183643447446,0.0024237954388094856,0.007059135179639249,0.0017168838863738198,-0.17308339864965488,0.004224861888402287,-0.16346343019565718,-0.13169789060805503,0.007102120712037566,0.0013799566733904845,-0.013725818280212227,0.00019046432067147939,-0.0009374946015979616,0.0024584424865690116,0.004497748881798445,0.015624260318561171,-0.003763217403857789,0.003762151202674536,0.0024296581916903918,-0.0027410732380484266,0.0027138250867654637,0.0023987619033414313,-0.001290959675935368,0.00041536236525928057,-0.010614179572870782,0.008675863447489246,0.005203801915612339
22_3,-0.0016705880220938534,-0.0022963671282820847,-0.004015974424324158,0.004170906782612376,0.0054437171457416555,-0.002343587121723962,-0.009437932141644486,0.011178705000268716,0.0003436106010232322,-0.1082066029608409,-0.1591990219702242,-0.16753212823399755,-0.008997220437419028,-0.003091234585152579,-0.05386753338192953,-0.023109700450959746,0.0008402204578678175,0.0015672078034233454,0.0005445286429755045,-0.03454081287396278,0.003561343081195922,0.006973096696037616,0.0015782721729219137,-0.17856671175646935,0.0018627691499763042,-0.15867615825512735,-0.1757369919264967,0.006385922343869465,0.001541975597562155,-0.01742910444784826,-0.004416489612505827,0.000601317060871989,0.0035218002287119438,0.0035980728945406203,0.015557922045301705,-0.0016822331760751826,0.002848618666477263,0.002988695429682963,-0.0014996658345499535,0.0025433149996702364,0.0031217441281642297,0.0004804361038851844,0.0021266841278194727,-0.010800956131400157,0.008736604737851157,0.007373663941341428
22_4,-0.009525578945520658,-0.0013183154216157586,-0.009321302114382717,0.006091350587667519,-0.0016873513777960307,-2.057573315358259e-06,-0.008155879405173793,0.007540491130778316,0.0022158944367274493,-0.12562858663080495,-0.1865219672402108,-0.18239342287202706,0.0034298774757458945,0.004353598871964252,0.038382631618361904,0.032622256310580265,0.005294503416151413,0.002372051454421311,0.0088295841870041,0.026808266965623943,0.0014841710660343107,-0.0024104165297077268,0.0009584675094265342,-0.17595119197772965,0.0018875507162973114,-0.18080103986093743,-0.22225488478848754,0.003660611683405842,-0.0014693145746402293,-0.03099554590949531,-0.00940188150723116,0.0030208279126365816,0.005697580714955586,0.002820933261752635,0.018336131859065567,-0.0023239189530683984,0.004179398752069504,0.0024512700322854657,-9.121548036015423e-06,0.0022678297807987398,0.0032741639474573067,-0.003373946429078802,-0.0021660515257705053,-0.001187696013444638,0.010225213259889229,0.005427271253604475
23_1,-0.017816689492234566,-0.02513866808462134,-0.014588018066717376,-0.0034911920055807053,-0.01694321890410107,-0.009534210713324226,-0.02096667450437778,-0.029299011506659513,-0.023242861937787886,-0.16116743672868847,-0.19256191122724503,-0.22250510186686265,0.0007810707517971453,-0.005476066511312489,0.009177774740301698,8.271544771793066e-05,-0.017741369682858887,-0.0031608532231901946,0.00022494940446526022,-0.004835655414256816,-0.017787325745722782,-0.04328088461864386,-0.03246061467729377,-0.2464145484972864,-0.0007406292803499867,-0.20925148026369597,-0.23405088419071715,0.0015293793033347176,-0.04214145587554942,-0.04240430118002203,-0.027026573819165456,-0.04334906441684351,-0.015898985037247702,-0.024694741957676944,-0.004128111222006474,-0.03144387484235254,-0.09763610864103921,0.00041223515910915635,-0.004382393883767312,-0.007493144602098199,-0.009270434835292779,-0.01641447494030626,-0.007590770579936485,-0.029200825623984517,-0.018198669778868342,-0.02001408329771775
23_2,-0.015621569294881274,-0.02499954521009759,-0.014191725898327807,-0.0033038759038813066,-0.01646003507426332,-0.00902509636150594,-0.02077964796156372,-0.028942851003382772,-0.02303323817863021,-0.16156772295482405,-0.19122209599534412,-0.21861039521636028,-0.004145558729588735,0.005231789263862729,0.011480140786313951,-0.006380248953489553,-0.01024178098020473,-0.003886695989589622,0.0008583061478021846,-0.003265347895941966,-0.017346255183721827,-0.039575741585099536,-0.03238380359491047,-0.2484291649225399,-0.000928804200582882,-0.20589678085605506,-0.2345357565100077,0.002581049672950737,-0.04189840803402969,-0.04158269004555951,-0.020386721872776604,-0.04209603460118998,-0.015318386472864706,-0.024639524671927465,-0.003839489097447816,-0.02972168074765304,-0.09653556465434238,0.0005611844208802704,-0.004446352296041423,-0.00707535287679692,-0.008954162983047454,-0.0186224582522848,-0.007041154088183872,-0.02927270165966911,-0.017921132615157608,-0.018095736949849506
23_3,-0.01738354625050966,-0.02901952022014686,-0.010694260732330055,-0.003416146700679302,-0.016772099419393,-0.008806282986398278,-0.022356048235904577,-0.029004351460840943,-0.022463625128664993,-0.16001131654824882,-0.19229128398562176,-0.21986721755132618,0.0008514653254990469,-0.004451427283765036,0.009643791001605829,-0.006674795465426533,-0.01715641911755013,-0.004657943675710291,0.0006569627753041352,-0.0030154146186191786,-0.017334784520072366,-0.04342841822013362,-0.032288712473628155,-0.24447091347952604,-0.000934925293672464,-0.2093000864784656,-0.2349110299134712,0.0016642436110542718,-0.04166754735161443,-0.04144086520457969,-0.027063063244634814,-0.043092807567890974,-0.017135492722974512,-0.02479590418601037,-0.003928193603990294,-0.030396196262080347,-0.09736362854099455,0.00040372908882864824,-0.008387575504086413,-0.007130789072122727,-0.00881506394137443,-0.01402546405475008,-0.0072460948835729655,-0.029083620575259234,-0.017938356360478958,-0.02168569800415385
23_4,-0.01749515189574346,-0.028633345043890975,-0.014556366968760445,-0.0035556106566414633,-0.016919654475914387,-0.009706736563494694,-0.02299225003919334,-0.029218356676619425,-0.02256273226208459,-0.16045536402271282,-0.19230231703671025,-0.22008095503071023,0.0008162034210361489,-0.0068177467806033966,0.0094946817106351,-0.00750464284168947,-0.017345848147789264,-0.004793982446004818,0.00016243525466462863,-0.0036964236000501353,-0.017487199515654486,-0.0440949854102316,-0.03252948041977749,-0.2472049527045691,-0.0014197274903735794,-0.2078631609555553,-0.2368400707153276,0.0014604899593830896,-0.042086432980168634,-0.04185013348437703,-0.019713014840702363,-0.04321745116398647,-0.017452680068640588,-0.024878098787620765,-0.003928644988208324,-0.030598031320055143,-0.09619224094559616,0.0007312686354844395,-0.008479189469693294,-0.007107341454784898,-0.008993917826909227,-0.014212049350521259,-0.007170970801025428,-0.029543154790958894,-0.01801960825610734,-0.02255895953554753
24_1,-0.0038230404963189423,-0.001915411009505919,-0.004056521701866522,-0.0014497688763971078,6.261908540864601e-05,-0.004170264596321384,-0.008138068054619934,0.03899259386610466,0.011904141714421234,0.022626926804799545,-0.08298314349058374,0.009606585863381607,0.0014767830300328078,-0.0027583934067167666,0.07964417179569788,0.053196265327008996,0.002842473178500464,-1.6040687561077587e-05,0.015126815044955059,0.03942167133706106,0.0026217941296145723,-0.015153084570276969,-0.004121971798778778,-0.16320775690268965,0.006860775964530734,0.01637380700144783,-0.03030304910590261,-0.0022115260430584853,-0.001661224062805795,-0.008802618362666065,0.023173660365850324,0.02660476909819963,0.019748499651109995,-0.010943523242697116,-0.003992303199389702,-0.0010679917502273385,0.01420162499993655,-0.005652782509743494,-0.0009495334484463294,0.0029847117584752706,0.0022397164729064593,0.001955787931958449,0.001360233121513945,0.016158716554165217,0.019437012823326456,-0.011408073306613389
24_2,-0.002693823631318582,-0.0024591922926884948,-0.0038479846129050033,0.008553071244662386,0.0006922471524600786,-0.00233586342661848,-0.007984573771471753,0.03943329230652505,0.012824906712517703,0.020426123956978123,-0.083185769414886,0.0018568043593656463,0.002849150261269686,0.005140780818039811,0.05656553225438021,0.04965615633566477,0.0010650053665705612,0.0013410283038998389,0.014366809782381071,0.040056719991514445,0.002612635139361126,-0.016638517200175968,-0.005613008002121261,-0.15669773082452795,0.007452198178289055,0.014429406289774476,-0.028364631391482546,-0.0024882222276276893,-0.0024761747640107087,-0.009452077726646801,0.023398974634849534,0.030066901200946614,0.01863996435939052,-0.01210776693935068,-0.004156619601510914,-0.00031922100020962524,0.014576163778047609,-0.01121452066262918,-0.00032175606367925737,0.002952142041575476,0.01627630047300184,0.0017502923533802483,0.00021606140970729666,0.014972374108890093,0.019399293813903006,-0.011895687605306564
24_3,-0.0030951877874174803,-0.0026305227177258624,-0.003990664891298761,0.008274586685645655,0.0005279299901657608,-0.002447486345106676,-0.007952128443331832,0.03959941711262835,0.012197462038858783,0.018545348121859616,-0.08270557482358062,-0.003896777853795844,-0.001236903070628383,0.010269613398498257,0.05664199040211036,0.05474251338457307,0.003204350355733124,0.001302174945829995,0.015680592237563178,0.0414985250245365,0.0019622122576075135,-0.016267132850205892,-0.005482713524945699,-0.1606627523500144,0.006946755113053531,0.016835038457717034,-0.02947569433560872,-0.0030041833447703686,-0.0018351262758529328,-0.008265212831097612,0.022578745244384114,0.030449842146462965,0.0188391120145966,-0.011974326921609338,-0.004549168796082255,-0.0007859225788070742,0.014039947126472493,-0.011411337573111035,-0.0003785521386529237,0.003067881161592268,0.01622528513239234,0.0013275114486196674,4.674254044719288e-05,0.015229497498416717,0.018902182331466778,-0.011018061159762647
24_4,-0.003903121794328152,-0.0018093450136963186,-0.004413631615010562,-0.0017065519822804568,-0.0004048545941703407,-0.004579093900504753,-0.008539886547780371,0.0384647275388061,0.011599770317482922,0.021807319533889636,-0.08345281258058025,0.010118803871148921,0.002502205440990351,-0.0036405706583765886,0.07963554586023404,0.051536526777686276,0.002072182232000107,-0.00030344322952743365,0.015044426878538585,0.03942270010811227,0.002388734515315056,-0.015938390056775196,-0.00489649817748848,-0.16350703306491005,0.006684018883159115,0.015015807763215663,-0.03135207267239561,-0.0026868757479129013,-0.0034729862747211932,-0.009561206100593037,0.022772389549758326,0.026135492737390444,0.018495206152734145,-0.011126004898189115,-0.004722246253947919,-0.0006725677458649313,0.013824227968300892,-0.005858079524396974,-0.0010696523636963776,0.0026813445999236346,0.0035417241314957488,0.0014188467288666741,0.00027524037397992835,0.014941195267477113,0.018753756285402854,-0.011349291916495172
2_1,-0.01596975204148016,0.0016908856436703334,-0.005696495684147005,0.010651795156160257,-0.01472487126437753,-0.009031857772152952,-0.01375170043422902,0.0011153821870259952,0.008555761729943776,0.4628607339829646,0.6392832238143432,0.32033116758960445,0.01006052979247727,-0.006510164420809263,0.05862792338111113,0.06247865467074176,0.004307490748791164,0.0005105296862092139,0.010713510390783361,0.039399256746393455,-0.007650434569466128,-0.017746042894559888,-0.017359270378023595,0.4995152805076881,0.008798248081634482,0.2802050005681122,0.5907277325031195,-0.011873118901444,0.013793695717519637,-0.0197795687516447,0.0002445057592635666,-0.004241881700857722,0.0024101569462664646,-0.00769848218259578,-0.007712257323748711,0.07189784443760913,0.004244167625188575,-0.004024854119662907,0.004305198596437874,-0.009752460433502355,-0.0014563230835883683,-0.00917933766975728,-0.00468892162435765,-0.01104446140444031,-0.007824843420847865,-0.031585492692999345
2_2,-0.01740826504921673,0.002224781493264251,-0.008640762627249983,0.015984773841657102,-0.015060699335181567,-0.00769511135577613,-0.012033675180142348,0.0026185009443988423,0.0035062238131862984,0.4741984656908665,0.6518355294693129,0.2517920054670299,0.011428215186715876,-0.008072373625974802,0.06261605090985652,0.05960271536717669,0.003656211850384118,-0.0007527643617265654,0.010821266893345756,0.037692394112201884,0.0006016087967115505,-0.01829267477028967,-0.019192123106688816,0.5190450134132545,0.009774427658453981,0.2837004169180755,0.5912372237430535,-0.01311561783461671,0.01435083106927107,-0.01706266931129989,-0.016614205684176545,-0.005792251304917294,0.003824049831171024,-0.007473407527661294,-0.007160894693221065,0.07705042960876783,0.004710195550349012,-0.0009015373280795998,0.004485034293393692,-0.010409222107389147,0.0054411552841938755,-0.008133988078892675,-0.001619734094079201,-0.010713512728669739,0.0001056807848387253,-0.02961510952082054
2_3,-0.01324785052578384,0.0019635438034954445,-0.008322349607673595,0.011394969520090815,-0.013824884864396652,-0.007473538760530347,-0.011892868441557703,0.002284849258427896,0.007670529475529052,0.4767785434569659,0.644347544163842,0.2526226719306379,0.010467298444489086,-0.005488871174890307,0.061338246153181196,0.06283412890167049,0.0024165222104190038,-0.0033509498104515173,0.01127001565297166,0.036692307714798235,-0.007390481772478107,-0.01637947002292948,-0.01638174956008385,0.5124318516586959,0.017992926971881422,0.2838124306781644,0.598903481045998,-0.01170623351375979,0.014242370676228357,-0.018650142747740964,0.016919332007450782,-0.0042391639986957596,0.0033444428375973825,-0.007767395614645825,-0.007268114979444123,0.0828910106858024,0.004696287048802065,-0.0017083894235808785,0.005014318497336643,-0.010188157932845984,-0.0011122723602663331,-0.007021168053988374,-0.0038227639758380383,-0.013311406164097093,-0.005579807849915725,-0.029938589125511637
2_4,-0.014773664761097897,0.002288393561506129,-0.00838294482797032,0.01039537433378137,-0.01356757708603491,-0.007007500027956794,-0.013502423667706707,0.0015933479446853835,0.009302226015393667,0.4656392849679811,0.6432089508032586,0.32120811118656833,0.01265122126390964,-0.0014541861454661004,0.05826416452057556,0.06378867408950811,0.0024536716149697367,0.0040268479952668785,0.011501044186047424,0.03965275115583199,-0.0074047907774731254,-0.01884255806624057,-0.016450682934858005,0.5035772704821208,0.009512019031572606,0.284478040477977,0.5953576322409783,-0.010599799818425296,0.014607599724916731,-0.018705418722196065,0.00038781261479450666,-0.0042388115076880655,0.004358678255801216,-0.005116204545201055,-0.0074999154202755524,0.07351932246992805,0.003621116880339615,-0.0026111033365781473,0.004763193085327436,-0.0102014525670224,-0.001678052632441484,-0.008145303062314199,-0.002625693351166278,-0.007132333177732134,-0.006978686794775965,-0.030268531328186944
3_1,-0.0038729759404101615,-0.004046895708165193,-0.004604123763554575,-0.011900947068208077,-0.0006079680427622124,0.0014381697677909686,-0.011874731519246553,0.007777399068434103,-0.006744489800682899,0.010026838901685386,-0.03202288999819506,0.023172375535750748,-0.0004450953972226535,0.006023387285028293,0.04485301318599703,0.01047454378010447,0.0009634677193401716,-0.0013055224327725905,0.021484436101897927,0.042094920577510915,-0.00926749484397001,-0.017251898686882726,-0.0024241211106905453,-0.0392668240883716,-0.0034404043994373944,-0.10827574020160555,-0.013645927203882885,-0.014838449181922344,0.006118706486707295,-0.017476652188594198,-0.0016879439399697658,-0.008938861283471008,-0.009018777942532107,-0.012202076817802072,9.85590275398397e-05,-0.0008235643253572386,0.00668991313979581,-0.004034299963523971,-0.0005987569261818469,0.00158655022164335,-0.0012793780819394755,-0.0019130647800986293,-0.0024929378369073735,0.008862059214539387,-0.001246202154838974,-0.018971598371184416
3_2,-0.0032842377298895613,-0.0034194556827552612,-0.004629229928374581,-0.010531051780062126,-0.0005358255172468969,-0.0003826633232955346,-0.013095473082305742,0.009930804397893369,-0.006681468825472703,0.01750429429300879,-0.04308668813452199,0.02806015618830784,0.005211288295050059,0.0014043250681190656,0.05613048009755971,0.04809740942600762,0.0033480322063930675,-0.0039969951120743695,0.014179073169884008,0.04239739831843898,0.002692297657288945,-0.012980853624698266,-0.0038849587217072885,-0.027667336761734312,-0.0014105777001677203,-0.12222093682262271,-0.01762558749709963,-0.013882909378261634,0.007137013405919448,-0.011918714405056142,0.0016229789255605253,0.009585525318994537,-0.0008962869661931551,-0.010633307626112948,-0.0017652936588647456,-0.012296208976128363,0.009008682131330107,-0.010283935780619383,-0.001845125944963356,0.001394026579151134,0.0017475722347132646,-0.0008941890194406025,-0.0018444631626276496,-0.0011219060676543346,0.002515510558788965,-0.014369139415553032
3_3,-0.003692378501563984,-0.004301804771830144,-0.004164219871996659,-0.002830849904305801,-0.0001005335672094167,0.0017752594027861481,-0.013623747104651356,0.008421198923767045,-0.006368674251213569,0.011737318684441039,-0.03732977401124852,0.03174200933833035,-0.0007226060035890518,0.006376269621856094,0.05490173138034749,0.0411893282515011,0.0027105414649502566,-0.002909813762139953,0.021559010852321446,0.04252828429446879,-0.009782585847806977,-0.01407053118660202,-0.001312727476875006,-0.04624624239919237,-0.0032455172521197863,-0.10924515589567908,-0.010858291015521548,-0.015465097657688201,-0.004729579741459347,-0.015549240848075099,0.008373398067556947,-0.012871513384634591,-0.008108294609797591,-0.011924691426155508,-0.0017019683241134278,-0.012597280464986002,0.008116279249724988,-0.00746095701854985,-0.0016513894450820852,0.001985536991998463,-0.0005834131498489567,-0.0013958660873978576,-0.0032446189667858735,0.009481226395836517,-0.0004679048893720317,-0.017814934228671534
3_4,-0.004090661087860319,-0.0015182893135391741,-0.006502598186106878,-0.012141704855174167,-2.3318297962227234e-05,0.0017328078680523711,-0.011527701102370426,0.008856167669915935,-0.009867078455574938,0.009667911796179204,-0.035782704118347726,0.029262732546701507,-0.0009964719809091172,0.005729459752566672,0.050905639503362986,0.036599010378555966,0.0033076386766006365,-0.002448648475122663,0.020305144872995347,0.043264100591471344,-0.01159624416940275,-0.013964155681207548,-0.004014301539084944,-0.03847397966458347,-0.004303139100271707,-0.10291763525209643,-0.013483023067790294,-0.012505366523413998,0.004311952191896752,-0.015172253825916157,-0.01027319556628497,-0.012400664008721092,-0.01063578811811784,-0.006899566649627961,-0.002425502504437456,-0.01184452298277202,0.006659594209723546,-0.009142958205441958,-0.0013525065708330766,0.0015862952568767251,-0.0002569488730242056,-0.00189688253552059,-0.0033804022558152767,0.009737006114162278,-0.0010471368869388073,-0.017834772891745836
4_1,-0.001971045185455863,0.00652408862952564,0.01871515984352499,-0.002458428250592161,-0.001358139215675175,0.023103256467620056,-0.02255974660945555,0.014078180639296481,-0.0013218770658001127,0.020297886483075137,-0.04804646948472856,0.057261681780961235,-0.013098449898831912,-0.001893553994053145,-0.024670572264520754,-0.034469910205837916,0.01136102642492624,0.00026104462618902196,0.014091062088960287,-0.035420995355894935,-0.010457501418781961,-0.012150582322849315,0.0016211179636607355,-0.026627347301305018,0.00020816158282815445,0.014482707849937996,0.005711994859386864,-0.007211943286315994,0.0012789419041767931,-0.018176263351832173,-0.009417428626027824,-0.016502954140818288,-0.00934984904994662,-0.005753511245763384,0.0011168724472568753,0.0020782826359901463,0.007216926568851271,0.00286291263061418,0.004907864241677146,0.0020529424323190784,0.002964571974327657,3.230668449173972e-05,0.009399882906746775,-0.0011136057899439416,0.0003440356313120272,-0.016329049371126766
4_2,-0.003761365028344619,0.006687156609897298,0.02130562820562467,-0.002248523959374283,0.0024026435159829823,0.0018446409662957789,-0.01365905835404494,0.011883584303583583,-0.002381317096138808,0.017751660170728024,-0.04682166118906266,0.056470253684259356,-0.007024720278819344,-0.0015471070312844143,-0.017509757747723512,0.007518704175910582,0.011268296943686584,0.00036669110411078633,0.013796082275266595,0.017359763498021655,-0.007844842861633687,-0.013979962524556664,0.0023446982051334416,-0.02698533128729535,-0.001684219340258942,0.0139988216118846,0.0014087186364795266,-0.009910969770189472,0.00028588696279620995,-0.01768816202347188,-0.00849288627500358,-0.010131846588476677,-0.011558459293140004,-0.00501207695249586,0.002185514989917677,0.00023329955008881333,0.0072275561443704344,-0.006715557928975655,0.005787279037376781,0.0023281154357201747,0.003745752630110238,-0.001660843043034387,3.605781462612265e-05,0.0027613933300364235,0.003206478930613104,-0.01619252464138798
4_3,-0.0038255516559548937,-0.0008838536577202498,-0.005010429390166296,-0.003152922874978201,0.001947096597633048,0.002177988057020929,-0.01404686997045977,0.014080844463145644,-0.006224241448956357,0.014154277547801027,-0.04849412082927213,0.05313090715051536,-0.0025405423888336985,-0.0015692475793530713,-0.01588016772271921,0.012872404235067348,0.010500014323446981,0.0002464693143240718,0.011437355288341593,0.021582822588942556,-0.008409924872455198,-0.015407818095989106,0.0017304682652885678,-0.026331650912746186,-0.0010913003829495847,0.014119899735715345,0.0038589975608125343,-0.011098624575763027,0.0011866276821888824,-0.013235131884970996,-0.008775021478569572,-0.015088910481651332,-0.013248553185315306,-0.006405913222350895,0.001645847391729048,0.0009284903711930607,0.004793282862448335,-0.0017570243979344263,0.00021723882098407328,0.0024410588168473214,0.0037067178021446072,-0.0008848580581734459,-0.0006941671155300471,0.0035032701240060855,0.005639545085939249,-0.014502875574795272
4_4,0.03937984183520279,0.016912528944436317,0.016610581308770203,-0.0025769440811639873,0.02515692727632254,0.023279733952204743,-0.023166821117379967,0.013961170615485713,-0.007043451363513898,0.023402592054491626,-0.04722358348860101,0.06699369189834511,-0.013536812003321045,-0.0067566937644032285,-0.026508228529207617,0.009548383128262802,0.011611384290291675,0.00034958828975370417,0.007207879427701147,0.02355176604073018,-0.010297270067898316,-0.01355254886734297,0.00189198369655561,-0.026187651520551327,-0.001814327111826078,0.015018597092148941,0.007071033921945774,-0.0064335249376472475,0.0011923770980564773,-0.017475688004869826,-0.00701282401866814,-0.015827657897158273,-0.012400820099775273,-0.00916951809024245,-0.0006471538796227834,0.002217071255841432,0.007220929918621809,0.011712471847209142,0.00475534942556496,0.001999851876964471,0.0034092333476264678,0.027836372761197378,0.009726388395422949,-0.0033122016114506374,0.00038050976664043236,-0.015241022821015575
5_1,-0.01646987449926578,0.0019621848964940557,-0.009423576462848296,-0.005281257905893986,-0.0032872536738744167,-0.0030889360651516545,-0.015725100897964812,-0.03598828463345748,-0.006793481409031873,-0.14512387608333932,-0.15591120916779092,-0.19520779156887266,-0.009615070737466596,-0.0015707916800004522,-0.13434959010927044,-0.09822336747067087,-0.0001456155362977238,-0.0030623406468785887,-0.04591018305579724,-0.06429728226173077,-0.010323643651050762,-0.03933083871023157,-0.02004982167824153,-0.18751216286871117,-0.022077678294397253,-0.17135585038454917,-0.1972751398018196,-0.014787603891824711,-0.018931291942532607,-0.021730492919201882,-0.016361831248719146,-0.023228811414164167,-0.007412767011345741,-0.021615940590917093,-0.009916995629487132,-0.030112697570329208,-0.007027337420035913,0.001337322255189611,-0.003401179075073966,-0.0017158891141086673,-0.009301818533697132,-0.00824364664455077,-0.004526371632529809,-0.031111098892922243,-0.02561663830585531,-0.02285984120667444
5_2,-0.005347964141323092,-0.001943444706435964,-0.004249924947200348,-0.00018401179280401995,-0.00466197036222807,-0.007099484427835713,-0.01842965198728902,-0.02449890649204845,-0.009902114309975464,-0.15016426305655275,-0.16280008065447144,-0.204352689222957,-0.004936005537568612,0.00579616540787753,-0.12733508306011837,-0.10217354421331659,-0.0011027043554475758,-0.0020299158229602323,-0.04618983376927786,-0.07701601794609343,-0.011538070725089495,-0.04537694823372368,-0.018526860885989364,-0.19806294800206062,-0.019295664452424543,-0.16826220554959861,-0.12478277525519266,-0.013113016409185201,-0.018477011790893196,-0.024357535072216555,-0.01520920327563731,-0.03197049983784576,-0.0063087861603460214,-0.01952289578939005,-0.01036910709958917,-0.013043626951301651,-0.015755070708213113,-0.0016986295544811085,-0.0025953549360968066,0.0027368041066880454,-0.0019730249151047384,-0.008705387385872815,-0.003705719288085944,-0.03548807729565647,-0.02488436974245575,-0.020638327496476823
5_3,-0.01249438111460458,-0.001627138919962718,-0.006663687020783641,-0.001091811780964984,-0.002394153503148815,-0.002874030829792605,-0.01312677445519485,-0.021869088795108644,-0.007552854445213799,-0.14495234805238738,-0.15301457066953988,-0.1962329154829081,-0.004987526762042457,0.0063252605518409055,-0.13036657106470978,-0.09382105289892245,-0.0008686251067798949,0.004078694228233643,-0.04283318516245667,-0.06575455782092218,-0.01014149206515788,-0.04414766775092068,-0.020042980378896666,-0.2011521224814072,-0.017871080142530117,-0.16404962447417848,-0.21191228208016777,-0.018239942032930653,-0.01532774007382962,-0.02214489333976581,-0.013355531454873587,-0.021495288144340374,-0.005805920496723136,-0.020796082422246287,-0.011344194230186592,-0.009721699015674625,-0.016319884770953495,0.0021029184349104246,-0.0026210084918800846,6.457577416524475e-06,0.004475981869035155,-0.0076910074258312025,-0.0019517173207358046,-0.03318190319297057,-0.024996265591244484,-0.019728236970211047
5_4,-0.01691970908188055,0.0008557814843959457,-0.008979839426411526,-0.005397403337970242,-0.005582044932803349,-0.006415634069682477,-0.017776470273979907,-0.03676864468994701,-0.011201198944564578,-0.14337253259474114,-0.15880248437887212,-0.2216583262907342,-0.005483371298333929,-0.0006997253176587163,-0.14196980503334905,-0.1069349506805783,-0.008424895436491707,-0.00544198984472666,-0.054918475713211484,-0.07829503451749434,-0.0049880122989877694,-0.04782943288213196,-0.019928184802734814,-0.18658521657580712,-0.019928345338023203,-0.17054601275201825,-0.0634842441608871,-0.014439093767284979,-0.019299056428692337,-0.022756938269694056,-0.016821145467442764,-0.02996617439815714,-0.009070178726661151,-0.02078364494028575,-0.008606299703215883,-0.04557104667491104,-0.012717728623242665,-0.00020898470442137296,-0.0036588092152151984,-0.0011264481664434549,-0.006997460358945275,-0.007959507440558941,-0.005123403451799382,-0.03624879142610425,-0.026936889386911952,-0.023824391361822756
6_1,0.0017443528505713003,0.002044059330728817,-0.008516455190393669,-0.012036397827855348,-0.0016375079977790459,0.005017979919899849,-0.010739055701172576,0.022805413829874274,0.004151599011628092,0.009934184269488337,-0.03649664303744654,0.14595857948899535,0.006613399290332343,0.010671777134364246,0.055363422785021446,0.06036714981677558,0.0018470259615739864,0.0017141623805485308,0.020792834446885938,0.04363304013605453,0.0064607272624916615,0.005362198906604418,0.02272622017661231,0.10025673522606844,0.013940266703161397,0.2150816380772148,0.04008274978304563,0.0020492008926133974,0.014119427374075342,-0.0015625091301709612,0.03807509247274719,0.011012816765362907,0.00436949608251946,-0.000489246205115138,0.003395011762058417,0.007680694609899553,0.01542870997343805,-0.005181210483723701,0.0027314020903720297,0.0034861639471145843,0.005793898210394921,-0.0008007151880754996,0.0037837769172130945,0.008107515242441967,0.0006284971593473111,-0.012052134557167986
6_2,0.04462609183736048,-0.006887924763956653,-0.012195431694482173,-0.009919406045706984,-0.0008181349112710635,0.005120515054618195,-0.02065860496405693,0.018653317771367604,-0.012516168392847653,-0.009246704293987183,-0.05419442813200293,0.1149990576402672,-0.003990580020962791,-0.0011308570434754649,0.049993689080308205,0.053376215012677385,-0.002071086472365061,0.0025350903412300913,0.02326184331728552,0.042011123515714316,-0.019073254289829464,-0.020009162860932444,0.0018916730432688884,0.06950007030402565,-0.0013390038304920227,0.17290533799045799,-0.010509534003862514,-0.002380481764480212,0.008781920393326512,-0.015411090176513494,-0.014405221172906555,-0.00033719025144602396,-0.011390780987009009,-0.00911661988330533,-0.009974033745906837,0.00016410294316643868,0.00460657055367426,0.018244717665424383,-0.005697506257840273,0.004250574672074587,0.003852697476412741,-0.002244478425151002,-0.0023914486556977,-0.005282673167440723,-0.003782267454884739,-0.012367401455566857
6_3,-0.005208238521778155,-0.0017974582049548736,-0.014831264087738646,-0.013032812884291147,-0.0038933163301102186,-0.00843782675435858,-0.022015917380375123,0.017836116652620602,-0.013684827523181474,-0.003547520534479527,-0.05060412002123469,0.11713917208030984,0.004673093544486239,-0.005842460005927202,0.05354728758011344,0.05281156716533915,0.0014707493710620558,0.0006802614636491388,0.012254129549222746,0.040962003765664376,-0.02129559180110417,-0.02001162485262081,-0.0006728090811143192,0.0719477326775421,-0.0007877050558906299,0.16820217707055599,-0.014280526724913235,-0.0005162248186201842,0.009139645344039202,-0.011264261198718883,-0.001612798131753262,-0.0109905054334513,-0.009910284464359518,-0.011068729264825597,-0.010704304455513904,0.000792014591012613,0.007453748744519979,-0.007856684533438097,-0.002837592895648444,0.0038635585249013477,-0.004867518099167569,-0.004837636719781227,-0.01212717771282668,-0.015787209277190656,-0.0011828570133777428,-0.013114869260866807
6_4,-0.0093342997808495,-0.0035570045457256646,-0.014232602172134089,-0.015887759391794355,-0.004663166352321955,-0.003859142328205461,-0.03045953898141191,0.003882229027309911,-0.013803334198958813,0.002001900298010245,-0.051999974694739964,0.115803676388311,0.005799015180834501,-0.0061461581935296754,0.05287845630293047,0.055161371770409987,6.859295299706356e-05,-0.0008191415040933925,0.01205190172316537,0.03663558916091682,-0.021673637699769443,-0.009670329087700729,0.008545767878140598,0.08385369122758499,-0.0025679361455493346,0.16617974945995329,0.0013410274774678687,-0.0046488685583166555,0.007424051890379195,-0.006906179500777127,-0.013540577775103113,-0.01679197096066322,-0.01780996017009598,-0.0070998515057112245,-0.007878234527206675,0.0017249863028956478,0.006629831015560576,-0.007905587929523492,-0.005763709478084304,0.0010196147130962676,-0.001593091390868598,-0.0077665186678970675,-0.013346075101887291,-0.025564204978062055,-0.005549780942023432,-0.01501627073463225
7_1,-0.011327709480351379,-0.009207112141391523,-0.013422921729623345,-0.006647000436089485,-0.011959518247547374,-0.018168642621344416,-0.021965809520963633,-0.0020536155797924453,-0.00890094451751395,0.007010881617555542,-0.059478165716539466,0.03233793654300734,0.008009683305733997,0.001332350106336814,0.05406609424022173,0.041725111041556524,-6.615553665811316e-05,-0.0003202298134658777,0.011986502675997629,0.037871185433822376,-0.010448955626039515,-0.014363843815103985,0.006893413911690571,-0.041120955278908106,-0.001252044866393415,-0.019209388858009324,-0.0010832463763007902,-0.0007621013266954085,0.011439265037177834,-0.018253742123991144,-0.0031260821110585812,-0.02410364520486253,-0.012958932079693166,-0.015137025551346748,-0.0035908387885941824,-0.004202449532334176,0.007518844241550513,-0.012089663174878787,-0.007192419719230116,-0.006236475693618522,-0.005220462293859254,-0.009471910260652862,-0.013197942210024943,-0.0375481545039787,-0.021013236275772385,-0.010801726129010094
7_2,-0.009119811960256682,-0.007703717910919415,-0.012759533696578687,-0.01696432429556789,-0.011444779707919711,-0.01117350468492246,-0.021033120992904625,0.01082628259493859,-0.00588854476140973,0.007206506794429058,-0.06256470865479771,0.030353354220872757,0.0006908146377774116,0.0018782921600739204,0.06320610458923429,0.0462473651551816,0.00024010663819405394,0.00015840261199003968,0.012822582624832912,0.037709908515303626,-0.0068245492108296515,-0.014995973355067672,0.0004969481904421996,-0.04304926960449044,0.001451369611454639,-0.02031483858237057,-0.020900227506663357,0.00011366239988746079,0.009497441483870788,-0.014239414100066121,-0.009984612817382485,-0.01361169142884292,-0.007124400782654418,-0.01222800665656091,-0.006501700698590936,-0.0025181594060575125,0.007866911645676163,-0.007913183438325349,-0.009232011750067225,-0.004101124129312856,-0.0052877118880456445,-0.009505856939334738,-0.009930347820968811,-0.034926082471064296,-0.008288126285849347,-0.013107211734546017
7_3,-0.010123369389262657,-0.009513436513169415,-0.013222077734804764,-0.014817820010639466,-0.008114533967112234,-0.002161461892994905,-0.0175344202167771,0.013835288552393037,-0.006461712902305043,0.0042383084626197364,-0.059554946309646535,0.02927775164712633,0.003213460383892813,0.004598302959839163,0.05047268014887329,0.04625697347465203,-0.0005592776737255665,0.000867241530255693,0.011605179696119398,0.038294678127943904,0.003370538195017876,-0.015207592280688027,-0.0019399344784154016,-0.041027003585913505,-0.0002834251781192234,-0.01608224738443834,-0.02591059509915159,0.0006993058333190937,0.008411764514097525,-0.00988802579840164,-0.008253940364302909,-0.013965588521922112,-0.005056723312840958,-0.011554633928163614,-0.007669354328299572,-0.0010318919743854465,0.009936794899572587,-0.010622030468344762,-0.008394870406631486,0.0016662545714711404,-0.0041373558353715615,-0.011749399548585171,-0.010237052438954427,-0.013602412092057078,0.0018756220559757303,-0.014637999309980486
7_4,-0.011071541794309688,-0.008594250816218093,-0.01449558364571783,-0.005910008465409888,-0.012080638737908609,-0.017676989563489027,-0.02266411273280267,-0.0013509308911666556,-0.007670642089731285,0.009905646664206895,-0.06008779017750801,0.029807618866633075,0.007096676223366956,0.0008364212600724288,0.0526820225206086,0.043119221890258755,0.0009151544502321799,-0.0019391158698356305,0.011878178605879131,0.037662141332358075,-0.009089844058182564,-0.012814643133552007,0.001913384623341151,-0.03578811615470897,-0.002112678400997959,-0.01197901283578943,-0.011579494952228733,-0.0009979667464531266,0.01139252000248845,-0.01586523407770479,-0.004230860098093736,-0.024615406110216616,-0.012908428988101692,-0.015497271314233663,-0.0039369968461141274,-0.002997222836023687,0.00857301750543335,-0.013406984093208594,-0.007444638548471448,-0.0064702571935355,-0.006132773961499372,-0.01022936595752371,-0.010121218904918622,-0.03856580082728103,-0.006717333594466057,-0.01778221454261833
8_1,0.04919667433393745,0.020605149939980666,0.025376320207466364,0.007152304469789051,0.025746550151660306,0.032098121252195584,0.05341859510830089,0.006420719857119002,0.010684774496770431,0.024165530255316373,-0.01889202098261922,0.15471350952627555,-0.002009562460386711,0.012839963147982004,0.06458598310070764,0.06265101503828376,0.008344406383430786,0.004025240407311282,0.021385156888838647,0.0489016737924858,0.009188485050219908,-0.0030909431961284066,0.0064522131086249355,0.08768756004903522,0.00044736299547192134,0.21902638819842746,0.03712631915308406,-0.006943584189207351,0.0020343928708195795,-0.009968344953389522,0.032817383947732474,0.040788906539558176,0.007563685728357859,-0.004830193903053114,0.0023833699157422184,-0.005085790226694736,0.015847415827368667,0.02115210614478137,0.00682496084092903,0.005681266862239241,0.005734475467309224,0.02986874438719606,0.02479529861371116,0.07061775186992829,0.01008953233957542,-0.014041235467713208
8_2,0.04637890942246674,0.01924178970068506,0.02222735612987043,0.0020773062521548683,0.024357968241815586,0.03131647644589592,0.045919351421462785,0.004808929742442695,0.010159573031387164,0.01988053419400532,-0.0193783916544571,0.14736597485755215,-0.0030145384364715713,0.012215792199169614,0.0599249839909831,0.046164518216654904,0.006097340782655103,0.003919477255336058,0.02458751002009822,0.048223897218682664,0.006844550814505915,-0.009358959058216133,-0.0004033090965382282,0.09466744118015276,-0.0004882698768701991,0.21551596690599437,0.033595911012962186,-0.007232022634161925,0.0007572065061776512,-0.010739603781020578,0.03232309708253331,0.04019910980430177,0.006354924396288564,-0.005100969168090691,-0.0007720689868215037,-0.009160087349002368,0.016391053170588928,0.018779758890191883,0.005078105069886418,0.0039833218457362915,0.005017957768704121,0.029097056268996318,0.02147411427559482,0.06509220926435193,0.006657963152919821,-0.014652343677901131
8_3,0.05055787695014396,0.021106040000809515,0.024276724496082765,0.003044933533027803,0.027540015951802724,0.0349126067430962,0.04931657951721248,0.0055345308491434085,0.0073366590770457575,0.024048052109419533,-0.01635644165626592,0.155058391018065,-0.0003529649860034761,0.014733897158690647,0.06392294036762157,0.04648811542598982,0.007892245188259804,0.004385983148642323,0.02660240689767922,0.047648688769239486,0.009126157029723933,-0.014467675032257021,0.006549877788896253,0.08960751914469056,0.0008587620299306918,0.22034027096495168,0.03726239356132256,-0.0066352516834509824,0.0009823250084344075,-0.008205462025963074,0.03260737821111374,0.04175424916612541,0.0075984337946848925,-0.00470650087368716,0.0021434345698704534,-0.003177692619789337,0.01652654080144122,0.023039003946553806,0.006758748352096334,0.005439637001749787,0.009888692200835396,0.032174311929561696,0.026345414202343386,0.07201865198607889,0.010114377143897837,-0.014752137813907738
8_4,0.04663494425831938,0.01902273275873213,0.0228270535151002,0.0036406904735936255,0.02591510521170174,0.031534407618834574,0.045762169391591674,0.005491840654053966,0.007775681842465388,0.02123699955863101,-0.018158088023993598,0.15337512457567826,-0.002509396324213117,0.012163301748631394,0.06197799350552711,0.04621557391650084,0.0065486791183217595,0.003833187682848661,0.024174104783518453,0.04703934610313617,0.008080340214491706,-0.0133178597216895,0.006463193491752598,0.09286896921910263,0.00129356390164741,0.2163618911236437,0.03334100168209413,-0.00710529402448703,0.0005889385996331277,-0.011560472149850239,0.03219077513104263,0.03895858352038895,0.00664028016884931,-0.005086453285851356,-0.0006301440887290705,-0.008687041597926723,0.015088135572007055,0.019566429358921566,0.006277759923573339,0.004463520061234337,0.008038337426499889,0.02860840496248051,0.02293833703832065,0.06719215934215203,0.00741605061398843,-0.014950266068472723
9_1,0.024143082967827644,0.015886125748227085,0.03573037889644279,0.009199430320506971,0.03840364176933911,0.03976878929701765,0.06073555293716543,0.006183939136748873,0.007672675103782145,0.030485038767754893,-0.013734883023947158,0.1622741398863907,0.007549393898213875,0.013636057527593502,0.06620261608657531,0.0668684983936884,0.003832486098359158,0.0004490855660278275,0.020387901602743758,0.05085131715601834,0.005363589306391188,-0.008681477700239132,-0.0007831348200564109,0.09643035882678262,0.00015295297632720412,0.23284324026657996,0.04369728640443772,0.014515214602447674,0.011120294824177356,-0.002352569485143916,0.029904541913321515,0.050524992413785136,0.015475552816329645,-0.004966663351808146,-0.004521396585318227,-0.012772467710473618,0.03607340594803983,0.02774770380329183,0.009429577712331086,0.005844864304180814,0.009418878436510304,0.034444205082343166,0.03205520260685151,0.07724976060680809,0.012875419359484126,-0.015200274628238026
9_2,0.055837030922367026,0.015518929263200067,0.03337138478595704,0.00841191023934285,0.03569845483291171,0.03635315707849904,0.06168260771831285,0.014586734224592085,0.0068689434336729974,0.03003032731778157,-0.01865230091377219,0.16495905295488633,0.008000807025110296,0.009875125761693656,0.06522087965722967,0.0649932650646013,0.004116263404927162,0.0010761121379821302,0.021920022985602482,0.0489290756806401,0.010621091902462266,-0.009059572701638997,-0.0031371002350613357,0.08791909684461204,2.75925615197323e-05,0.23275530240859096,0.042027172287148834,0.013517440135628568,0.008245123910661758,-0.003800526676470204,0.03223957384412697,0.049962618297903744,0.012903980286235716,-0.004898898620556986,-0.004815021414099084,-0.012745296118590443,0.0344115915570648,0.02541679248845745,0.007529834577232085,0.0056232496293066574,0.015291526555170229,0.0362491036094789,0.029174767226376744,0.07433850120681752,0.016380268376272194,-0.016095633149482723
9_3,0.05440768874366438,0.013934142844030328,0.03329287616179699,0.00865566751737514,0.0360310914032605,0.03353556781359096,0.0588427389119839,0.013924156125062356,0.00674777156092256,0.030104882033668706,-0.023398416939176925,0.1597958294148923,0.00979399727374476,-0.003753871921359523,0.0642194998464306,0.061510004273420064,0.0007601654451073116,-0.002067109936760269,0.020023589589508367,0.046369798421592875,0.010508763774599939,-0.014263346034492636,-0.001781090953388285,0.08027022021923846,0.0006086930112040425,0.23190241990439575,0.03649635685416196,0.012993151699684683,0.007493899860229599,-0.005825359917136459,0.03177507890207951,0.04495436733591978,0.01268722437819692,-0.004817247531755339,-0.00575348350737271,-0.01695051893121213,0.03231530988048597,0.023225718653482125,0.007609655743148367,0.00536290952137278,0.013424389826204919,0.03523246671027673,0.026556832708029967,0.0750619450864731,0.016535170866454965,-0.017732722574772677
9_4,0.05591457196981247,0.016208925672012948,0.03490701135008052,0.007848642008170176,0.03775742090229004,0.03660406378048239,0.06200609312899445,0.013658930358847965,0.0036525456989690746,0.028199263644141954,-0.021467584524830708,0.1734066017660606,0.005618332494915522,0.005287038916564468,0.057056296814729596,0.05956364496861116,0.004371411583850485,-0.0018014203132046109,0.01940612290416674,0.04787935905664015,0.010386145006967034,-0.010205401588003064,-0.003368824042792091,0.08456586344677001,0.0009700299058450052,0.23879630991032735,0.04323686116200304,0.013278879784933938,0.007899374098505484,-0.004059556065130841,0.0337778087157657,0.04986004910180979,0.013398976550690975,-0.005028116318917443,-0.004976837014634378,-0.012946343346011987,0.03406965419065775,0.024347013373694985,0.008619417919342606,0.0061318298582905585,0.015248681773299608,0.036553559224715655,0.030361952249072195,0.0780010433141398,0.015980191081041154,-0.016278187116876924
