,0,1,2,3,4,5,6,7,8,9,10,11,12,13,14,15,16,17,18,19,20,21,22,23,24,25,26,27,28,29,30,31,32,33,34,35,36,37,38,39,40,41,42,43,44,45
10_1,-0.00047771664169769497,0.00018516707714464654,-7.343334167571788e-05,0.006581405573973648,-0.0082310358721945,0.0014539743041751152,0.005615156063703535,0.005371006317226851,-0.005121356992995085,0.13512320903364264,0.053769936090540454,0.18963478440244277,-0.01897483241582056,-0.002743811394085991,-0.0037049829547825294,0.005438055834251241,-0.05151232314399078,-0.0005980274660559433,-0.002076099309224877,0.007154955243639396,-6.0796424186016816e-05,0.011897772297194102,0.036726788216389215,-0.0041162886999750485,-0.02129192535474856,1.7647330174913318,0.1495890522436343,0.018127580136458016,0.0030102610313674292,-0.0008821477589015057,0.016437442845065164,-0.011115358925988824,0.005993793829939249,0.0037617368410457217,0.459346458304604,0.016978569452602045,0.3867539015655976,-5.0672808340017784e-05,0.0022636163329327035,0.005311863025285234,0.004388011371271394,-0.003713785109389653,-0.0056319810040260645,0.0043336328518732495,0.0027605551316073223,0.007505211544067494
10_3,0.0008854989064628072,0.0030849763085087664,0.0005780882226172233,-0.0007926360991315172,-0.002947627320832019,0.0017267725046145788,0.0048854563478683295,0.004149266178485678,-0.002871661390216398,0.1329383434796959,0.04961897775916857,0.19786065545236617,0.001293346363862467,-0.0015003835778834018,-0.006934799062281373,-0.001556668804446672,0.005779891740124776,0.00044896277329091553,0.0002587839953270779,-0.003137106580692963,0.0008975020824114427,0.004333521423520224,0.037036283229501005,-0.0018480745082513658,0.011005426374493999,2.150051651408802,0.1509840299134126,0.017556058522866617,-0.0016625535559727548,-0.0009593862306561984,0.01195001521395458,-0.00941355284856786,0.007178354681531509,0.003932225955495155,0.46606829215082224,0.01358951355517729,0.387146756514158,0.002035653850203438,0.003325547653642156,0.005607399926636555,0.003567325166917554,-0.0005267333949737687,-0.0036580786356125872,0.004832772560667418,0.003658895031095667,0.006601767164484537
10_4,0.001314830138484642,0.002899071852220871,0.0023210710019059577,0.005336639875636986,-0.001562290163268534,0.0022193772349355686,0.007134516239664405,0.005322012645408379,-0.002199541449476628,0.1395014688338401,0.049621555243062374,0.31999449826409615,0.001436503147391017,-0.00015132028757933088,-0.0026863765042666604,0.005562342039011983,-0.001084020586921325,0.0006546947191320512,-0.0011718288501561941,0.006983940624997391,0.0028520797664292855,0.012040629271590922,-0.005188091668783978,0.002752332444161545,0.013806759191979202,2.230310170875205,0.15842695961866804,0.006618970415173037,0.003130243517151869,0.002425362684325225,0.015589977414115105,-0.006261722549239755,0.009474928456342705,0.006094452361238379,0.4743775776718089,0.014141463690897936,0.38895964593555743,0.002771396525534263,0.004045045262293311,0.007017937412503522,0.007423699530400672,8.679788561366219e-05,-0.0034976803438001094,0.005947362620866362,0.004308142044829501,0.009170778259467117
10_5,0.0011491404051480931,0.00290861991477715,0.002501110493791221,0.004999722177081566,-0.0019056568607598002,0.001701147664008878,0.006421029658703009,0.005235278607314047,-0.0026187075607407404,0.13467149144289414,0.05144778266180637,0.3376163766010266,0.0008211775032887683,-0.0018376385099196802,-0.0024912776704207064,0.005473615217959229,-0.014911366221181508,-0.0005584715620379418,-0.0013413544414348309,0.003543185330672411,0.004481745942977038,0.011749765796815215,-0.00435351184398922,0.0039545514092157235,0.010695873956703336,2.294777741360547,0.15194523521330114,0.005938009241490637,0.00392794745134027,0.002797418118379562,0.01402406295970879,-0.005928215490519932,0.008946466647096777,0.011519619621434184,0.47632434754148956,0.01990482648487683,0.3905463281441339,0.002787807955955858,0.004089485758976517,0.005959645624969529,0.006899792653911336,0.0002187950976193421,-0.003205285352768857,0.0063099132307812686,0.004287022637572367,0.010539958392004597
11_1,-0.0030757492063456255,-0.0041972778834845174,-0.005410851506426419,-0.0007100386908669383,-0.01570001606602825,-0.0010135097644736607,-0.007273314857247124,0.00034937004142492463,-0.0023397546955859906,0.16112460124289113,0.05284487111025844,-0.0012440689273730647,0.000934717323525911,-0.00035690194488360616,-0.006553450107507948,0.0033059325996549617,0.002940093885481828,-0.0016431415973924266,-0.002274791674788977,0.011978240111869072,0.0016599787420222343,0.007757561174352738,0.05601751851605712,0.010310452882932614,0.02739880759305338,-0.03369442951867649,0.180952785942264,0.027127533561785537,0.00661464851583694,0.0014661828526818677,0.025142322070811577,-0.016779849916274996,-0.0005927027455969403,0.01923031024240583,0.42276635797839646,0.014413845497072518,0.4017524233173913,-0.006714603869452508,-0.006062708254721944,-0.004762806373853577,-0.0018399550339915486,-0.006138540676447012,-0.009067035769513822,-0.005120259286222106,-0.004130626961692795,0.006469093936373435
11_3,-0.0050006225434981654,-0.01024612465147029,-0.00904264327513859,-0.0021308875996174943,-0.017512424067640222,-0.001738430914804441,-0.012223619573165671,-0.008047885179282342,-0.005629056798755741,0.14427754119713665,0.05269908301973658,0.16647352173869553,0.0010451191367201087,-0.002678396752409231,-0.004536418446014282,0.006532132626214905,0.002321196688141136,-0.0004717492794068676,-0.0032033743167538273,0.01117103991968036,0.00019698607614875182,0.010241445570332446,0.06196697342881698,0.0062932503359290895,-0.004128401502324536,0.4377987927709642,0.16704565652483186,0.016046699336298962,-0.0030456743329800827,0.0002353116446929705,0.02121248193745637,-0.012610104338856173,-0.0030751436530019422,0.014711591427918683,0.4376242029063832,0.003112827795806776,0.40385545728431926,-0.007331232011737303,-0.005180811924653394,-0.00958903250255222,-0.006725438633995461,-0.01262133802910072,-0.011200439962136908,-0.017487547465917755,-0.00772713143261453,0.00861241481326802
11_4,-0.009129515444258544,-0.010330745043092721,-0.019279672698044918,-0.009246674542453516,-0.02217663245731343,-0.012668562909817006,-0.03207732899393817,-0.018608555512430146,-0.014172492288052937,0.09164726614269045,0.02139515155080968,-0.010819493973969398,0.0017495692645143974,-0.003263373088896701,-0.006593186959377967,-0.0017429228130660791,-0.0022442191764734843,-0.0007616764684445646,0.000758093929986955,-0.002183026877450224,-0.003243802533240078,0.008401302465527507,0.04259944662219258,-0.0010953912014381342,0.008988086149565422,1.5714704909802288,0.10332702862850322,0.0036361029356803613,-0.052591707190738746,-0.0034441853960873385,-0.01096873450949474,-0.019200651269278873,-0.017010239540048478,0.006171445836024258,0.4473313754447857,-0.024532527919386513,0.36707364767103207,-0.014570407342814768,-0.025244916672123027,-0.014660953240473264,-0.013064494938326753,-0.017497809241215148,-0.012272156694706025,-0.028077001340266007,-0.019540593909879046,0.008731947856267649
11_5,-0.004417642644905013,-0.004144174675222937,-0.00491380276258278,0.000388776420838229,-0.015404559188699608,-0.0029510411654956594,-0.008382071999931656,0.0005761700375983218,0.0002548557262337396,0.1626892673755584,0.05608271947553166,-0.004162304334886451,0.0031149012588443576,-0.0010480271436966325,-0.007947881870522021,-0.0004108872288245921,0.002843196979670591,0.000857392259752712,0.0005783929506066514,-0.0033845841706848932,0.0019675846546998504,0.010089817471458973,0.06900545935997837,0.011095257169978865,0.01981475690347282,-0.03370143623679675,0.18072884428121508,0.02471438157720822,0.00793783520935422,0.0016131038294165863,0.02692796690565826,-0.01646645761350742,-0.0006547495370877268,0.019379985798915467,0.42231170247573696,0.023504953762123307,0.40440409674261385,-0.0060994199762161964,-0.005699709411814692,-0.004301094997100562,-0.0008031366930181844,-0.006315824094282732,-0.00992040740656351,-0.004662910817518875,-0.004172755236842438,0.007071079729814301
12_1,0.000800422876547604,7.258540063861687e-05,0.0019202311516242352,-0.0003878920699634772,0.006898098929640806,0.0033972849050165166,0.006593375837283641,-0.002516303895143249,-0.0037013434365150287,0.09900971103051942,0.008888447086766458,0.26036551854743656,-0.0017111431264961747,-0.0009747764181059835,-0.006820630743956134,-0.0037857907535829237,0.004756898883353229,0.0005509197692855694,-0.0018842481724336579,-0.005433019269156128,-0.0031867106214582734,-0.0017071120062548235,0.02420291550868777,-0.04134570585598861,0.008790540823981043,1.9107008231591474,0.10432778275451017,-0.00036238273330803486,0.0036011268765361124,-0.0030681421604629474,-0.014645495137313846,0.009026305943035306,-0.003315569334418437,0.0007679727619375212,0.4094605232263923,0.00947672082451777,0.37330250690054234,0.0005085098232996924,0.0020953383315421336,0.002007704601981165,-0.0018316967671065092,0.0021832269353108157,0.006376743653400383,0.0026506785336058553,-0.002631289319595296,-0.001067195922539565
12_3,7.436905715124143e-05,-0.004989711586528459,-0.0014831535458510734,-0.002434492213792232,0.006878554138754099,0.0001390047222006326,-0.006807262654989962,-0.004011679617229242,-0.008703216037570861,0.09880525833591401,0.009586587889995836,0.26672046720710585,-0.0029163783503649413,-0.0008188825195616288,-0.007477047001066118,-0.0036715697711982927,0.0031548776712251037,0.00024615175865471485,-0.0018935942148798819,-0.005230318513580314,-0.003076668140242188,-0.002300034780629556,0.023581460864241722,-0.04808438419788189,0.009596454653731813,1.981927531182243,0.10673097340238216,-0.0024280939235252572,-0.0009455545994693348,-0.004500077652916665,-0.022776948971145544,-0.02734109375170695,-0.00875353539651928,0.0023160515346910097,0.4361599431254051,0.009555093046296202,0.39125670406400054,0.0006220906482469891,-0.003582143454836032,-0.003968441423936039,-0.004664347421213254,0.002252542450400126,-0.0009174594658439068,-0.00487903415052886,-0.003721248038139317,-0.0017653996800053673
12_4,0.0009564193624881095,-0.00032724054826451925,-0.00021208127925682294,-0.0002812897371120466,0.0071642774864405,0.003716342478776938,0.006769851887624115,-0.0016321362629942466,-0.0054028583035783785,0.09923417913131963,0.00995993783451083,0.2650735878073991,0.0018036485990226949,-1.6387549876178496e-05,-0.004400143407949352,-0.0008440581250039414,0.006119738484119664,-0.0002397562705888877,0.00022560459131478697,-0.0016125822526804406,-0.0025742627026794293,-0.0012858601147416595,0.024545895701913255,-0.04774420595294336,0.008186680510881846,1.9276854023315697,0.107326490217882,-0.00045553317925835836,0.0010762421080924409,-0.00042848285060622087,-0.012236833179277685,0.008749166854196135,-0.005342738646686987,-0.0008535326264728594,0.41475503049478196,0.014732102705990735,0.3812881590026325,0.000939719414891393,0.002027903948411944,-0.001201612146523289,-0.0020766243042696906,0.0022247710220356393,0.006588533217871831,0.003050058098895471,-0.0016739166841499987,-0.0007006944039680962
12_5,0.0008988718864354168,0.0005779497530201755,0.0025238436278798865,-0.004517784496352124,0.008072522687257734,0.003135431054886282,0.007063236502034304,-0.0037735586241085845,0.001476041177156542,0.10374202255635101,0.010867481894399442,0.267124115727148,-0.009585980826093465,-0.0010338293385592431,-0.0013443053753649343,0.008631456362096107,0.006090802355311708,0.0007906524950869249,0.0017514772250516327,0.005276071849465479,-0.0027149424265619044,-0.00023901322608620634,0.02342514845511877,-0.04420822180257662,0.004761776262856262,1.9442660196146289,0.10848959864206556,-0.00013740683180716733,0.002411918429651654,0.0006249205911147415,-0.008802099811314195,0.009901021103204491,-0.0025269646508226037,0.002831794282304886,0.4159779207287249,0.013497927607514181,0.3819358102737882,0.0013958969140194183,0.0024355579207745674,0.0025022123075450677,-0.005382021221604418,0.0027681559185708973,0.007199119599835666,0.0034484626856229085,-0.003410516957423131,0.00022520428696087144
13_1,0.003356702349196626,0.003540826093681351,0.003992520597938683,0.0039899497749631115,0.02365520847757181,0.011096436504288657,0.010012559183604948,0.003470266378583577,0.02606416050628536,0.1326189479912293,0.03102280734487859,-0.0215422450903322,-0.006997325250874817,0.00021788870072085538,-0.0017658161076192017,-0.000584324941132,0.012544211164163249,-0.0012280405774921714,0.0015602859337525933,0.011872038977861488,0.0021253237107724692,0.008817012658644202,-0.029315526106001494,-0.0015003088605210389,0.009991823452376314,-0.18759503949953105,0.1531137297910283,0.01106662561957094,-0.011192832425326454,0.0013569472132444365,0.011227647070397362,0.034537219353614146,0.0008207403947055373,-0.00358487862002746,0.32622871541616527,0.019357212955245503,0.12845832272494107,0.007763607285310448,0.005071459610928556,0.008788448446214276,0.0023874130276172268,0.012948327130263955,0.011501783811851199,0.003815132928622356,0.0011238157578121455,-0.0018821902985577783
13_3,0.0032120729701812668,0.0036743188986605633,0.0036234553237235036,0.004485077395289665,0.023336759852291014,0.0096300012572028,0.009577068935790268,0.0025816693174792026,0.022873170081370412,0.13030309838179852,0.03132667829268292,-0.021799247550619655,0.0012782903284005072,-0.0008556308549037508,-0.005677751922886132,-0.001267678183147514,0.010934885294806436,-0.001792214672457736,0.0006352322310459745,-0.004247626693339368,0.00216010856558838,0.00883852725981747,-0.04004960517539376,-0.0017175792443303768,0.006139568689490463,-0.18542399032458248,0.14877943315585357,0.015476843315054563,-0.011353536619545695,0.0005080090370856654,0.017209173918224453,0.03327693672101793,0.0002595156096166824,-0.0033454507833631255,0.32362617082734135,0.018542369831291414,0.12086838219917072,0.00788804240292797,0.0038408317123182637,0.008769601958274498,0.002447694909954292,0.011948455000702886,0.01185271479751459,0.003961060778067666,0.0007697974969893581,-0.0014973025235010728
13_4,0.004987200224678831,0.003478412481657252,0.0039940787822031225,0.003950891280494963,0.026091722308352508,0.009118216971371574,0.0098461632055333,0.0007907823537379209,0.02716044821619016,0.13888145168508303,0.03415989499168564,-0.022397038612109392,-3.2902877596509655e-05,-0.0024021907653141205,-0.0014223683382267624,-0.0011479423756068224,0.013134841652046278,0.001450163280934166,0.002704963632070233,-0.0030318590443296637,0.0022100899818873784,0.004926883951355662,-0.035994718054603615,-0.0013657544677914213,0.00872211308369194,-0.18306231180064694,0.15863828121332094,0.0023702636291936005,-0.014569502586500228,0.002860556708359733,0.017186216871695026,0.037647343369920074,-0.0003750651306640362,-0.0032638466744847818,0.32493677059496257,0.017769349329827135,0.22190279302924132,0.00910730258752653,0.003242261450684887,0.006886577505106307,0.003694151158368525,0.012791826845661191,0.014005406503026901,0.004240596255614832,0.0012351022997686386,7.779818688349258e-05
13_5,0.004990632186495566,0.0033576008269812743,0.00414148394906653,0.0039027083020139307,0.029757085714446452,0.008665407196760379,0.010543861792975397,0.001759891752574791,0.025878422182843155,0.13839596306085583,0.028970235479904034,-0.02190804155131691,0.0011565561005789265,-0.0007617248395824026,-0.0020726538670350052,0.002980992905771481,0.012773038941829944,0.0013106463380528352,0.0006952126295028015,0.01017433863579424,0.0022292306932073518,0.005827270205512231,-0.03499771057252448,-0.0015958114116832356,0.008226266550547857,-0.23768547293513997,0.1636965365600854,0.00879859277772073,-0.01245255560274312,0.0027969352125283777,0.016497133833430908,0.03711149563754312,-0.0003954016479127952,-0.003656216734109623,0.32576761289181494,0.01757987031997592,0.21888630502185957,0.008205053910392227,0.0042366258374282595,0.008289481801355098,0.0024071683253412035,0.013243522967513782,0.013645486093075507,0.004248701485961855,0.0012631989257467988,-0.0013918348413980266
14_1,-0.007503172459962744,-0.006668770688449338,-0.010945759312353835,-0.011957939895557471,-0.03725234123624733,-0.013591336020345441,-0.019613844474877073,-0.006247263210697831,-0.07820722864231153,-0.3939369987131226,-0.17518758461366968,-0.06069384518922197,-0.006378103401461093,-0.008392192954013989,-0.024401964025674454,-0.0073205645639283865,-0.0021417837623065087,-0.0016595353385425616,-0.003446347273357872,-0.0070051475369914094,-0.009377869342877472,-0.005750762086521303,0.02400344358515284,-0.031235782899253304,-0.022592143748864008,-0.4350866925868989,-0.2816178819679654,-0.00678171370050169,-0.03250412253839702,-0.00857946510306869,-0.17372867017084445,-0.06409576578599548,-0.013483079154408063,-0.01191506997041833,0.3442076572175692,0.0022545427791000766,0.27403137585659276,-0.01501365750038239,-0.005862816439291435,-0.012703381225953126,-0.008584769074521393,-0.024652982651437557,-0.01902629142582168,-0.009455363413734574,-0.005589272571160378,-0.001918974769195874
14_3,-0.012510048794322578,-0.006580115302832399,-0.008340783772647409,-0.009501692632425215,-0.021927616805064724,-0.0134337168386387,-0.016907420801199023,-0.001511727171354969,-0.046937495874048246,-0.3732268091981658,-0.162431228573197,-0.052293162113707374,-0.015675488157733605,-0.0028042893044256103,-0.028439671964445117,-0.007664935052945791,-0.006979232208669029,-0.00700317028966959,-0.0061062792006285945,-0.013349381222642235,-0.0004426066936355755,0.00011313143804018287,0.024676163363543648,-0.025235362269495822,0.011251169697473305,-0.4148893508129464,-0.3070741168067726,-0.0027691825614372333,-0.0028453661868749268,0.004078374608631352,-0.14438819188256174,0.0013876084820028654,-0.008918123202020506,0.009118675895217324,0.3425403125129195,0.005612271661383969,0.31256121132479014,-0.013132241480834528,-0.0050912119354458284,-0.011375792149647072,-0.007960294020001132,-0.016427418625418855,-0.01709315094820751,-0.00569700327661759,-0.0035806927737746957,0.007592393696004269
14_4,-0.01584435452279345,-0.006644152727870218,-0.009806229918338622,-0.009065708543499092,-0.005319064475698032,-0.007301833967615042,-0.01203147501042861,-0.004172099653311025,-0.08598021318847077,-0.3963365910161652,-0.16833423129800337,-0.06090366594536875,-0.009708313765448175,-0.0011860196684608383,-0.02453562813344317,-0.004921612300772824,-0.005475438475946756,-0.02116063328113376,-0.006558668169123828,-0.0090366203077069,-0.01177401097978055,-0.002195596098796162,0.023134062632903293,-0.027588890938570764,0.011825927734107438,-0.42095318040245566,-0.3477885580488091,-0.004925922634486733,0.0025581246891556676,-0.008909262177251617,-0.2274873564017972,-0.06418959167772044,-0.018673011612278675,-0.012871848251733372,0.3370951702948197,-0.001626498678927738,0.30899346496580776,-0.014967423659544518,-0.0053679403479935705,-0.01320301779763452,-0.00660291478864274,0.0007098729375965197,-0.010166695787811481,-0.008783288999396024,-0.004734529158963118,-0.0029321265158413073
14_5,-0.011736453033244401,-0.007903319061841317,-0.011211193917454064,-0.01155821697988368,-0.04486620268147111,-0.011544819235751026,-0.022075728942582078,-0.005817777804559991,-0.09673957920337004,-0.4064578581811196,-0.17136744159453682,-0.05983057857558828,-0.000878482161072259,-0.005839966821593816,-0.02145763055626259,-0.007193074010576601,0.00609143495785597,-0.011336208222321488,-0.0028617128447460025,-0.007055062277080014,-0.006953796391892721,-0.006082286953764946,0.02401934469112176,-0.026022655832247384,-0.08634102639016161,-0.4320888624232357,-0.3422795274056596,-0.006856354685272942,-0.05446627193896552,-0.006655694602137963,-0.20469186259724143,-0.0721111613935168,-0.01554018380063417,-0.012327765736268564,0.3335055384768091,0.00027071253195677403,0.2588066722067127,-0.01898990891116465,-0.006287189465068444,-0.015144717783817745,-0.008160703720404418,-0.019953124368923086,-0.02076867646884609,-0.007232458394278267,-0.006115343832184596,-0.0012929677093094958
15_1,0.005794019336639858,0.002232505810124635,0.0020361614498677666,0.0032412595746532575,0.028066420192479166,0.010930568388696275,0.011907065952853,0.001936685934992347,0.02016268817058492,0.17252456105108838,0.04369476691454149,-0.012152385154220175,0.0015388432715028075,-0.0031178208604786387,-0.005708367798187602,-0.0028702597300559077,0.006284629616734281,0.003928813280591039,0.0012324872102540934,-0.002202555742940277,-0.003078493780051638,0.013649603979837693,0.08068523338840222,0.0037689361127876994,0.005530866916876105,-0.14916862492827085,0.19124175450490516,0.004712616980259347,-0.013339469958042636,-0.00012085957742373436,0.01055465013733616,0.03992031826526215,-0.000812849403296408,-0.0023178270248747656,0.38722245001947747,0.01598655785596686,0.448820902462588,0.009323322156433847,0.001384104008875521,0.004117955898198081,0.0012638372117167495,0.01600591754007748,0.014552454954526391,0.006031642319102592,0.00028413598695680706,0.009616537788363683
15_3,0.006010850763933745,0.0028375362267953294,0.004195028688182553,0.0031552387419063114,0.026808946251706108,0.010738510124971531,0.011947181013524731,0.002495182658254327,0.023383655834009018,0.16921951822429268,0.041681225860275097,-0.015223090181493112,0.002408980149746072,4.039245612545304e-05,-0.0001515968983386281,0.0036285603433916726,0.002800954744016012,-0.001418129150959335,0.0013974503799519592,0.006905907056036047,-0.0034695121630117895,0.011291796452037997,0.08342348626607975,0.0029584754017065906,0.011590138192028789,-0.14871275729382014,0.18251292413062478,0.004914634209928936,-0.0056797410078280345,0.00029296976136588176,0.01631760762985991,0.040160242570852274,0.0001234584413154847,-0.0024062361521686574,0.3776057167897771,0.020196754268023434,0.4497517275511099,0.008072855692863349,0.002953296798783063,0.007191616333403268,0.001171750066541044,0.016120951459642326,0.01479616641223868,0.005871296741866037,0.0003872084326460988,0.008367431573850769
15_4,0.005782562075170677,8.910981406799536e-05,0.0022878475349763666,-0.002518249304996877,0.02620121374568089,0.010929714807897313,0.012159597207146282,-0.00010497808948302568,0.020287962212523755,0.16761028816103843,0.04370833016559663,-0.012303750996529157,0.00270409580311431,-0.002794396046728942,-0.0056728482168146585,-0.002833997692677588,0.007176771532635077,0.002200600334240598,0.001189984420397604,-0.002522514927399543,-0.0020575430167494874,0.014510549677636259,0.08125216246049813,0.003999808665777036,0.011704043791822882,-0.15146416198440737,0.18293893642427217,0.002974681094928795,-0.01008433129377488,0.0011178778210488008,0.01546222398852366,0.040472458220111446,-0.0011565370006860302,-0.0023614286447276468,0.3941271198948602,0.013532633649228661,0.4606868746275282,0.007874108844719441,-0.00032601892032403787,0.005311431166256677,-0.0023711741722762833,0.01569119658488319,0.014939723259606357,0.005810429014291331,0.00020001274852064185,0.00996828552395084
15_5,0.004723024302289204,-7.875687132383982e-05,0.0015332824530448245,-0.0033485563747289865,0.02584027731428817,0.010079794037679885,0.007810150656368596,-0.003368706885120953,0.020991505960197745,0.16674492974976474,0.04135686435602855,-0.01143702713519661,0.0024257545146037732,-0.0032716951910469775,-0.00039305776427354407,0.003685045841999659,0.009039194305380107,0.002128088032022226,0.0007697490426360474,0.006937847196316411,-0.001325493197829527,0.01362921154096099,0.08149216702467665,0.003053346581879978,0.010295165504428124,-0.1497809635019091,0.18257824711756723,0.004408114859991737,-0.010054048743166287,0.0009665258209578366,0.006034816375764309,0.032905779343593844,-0.003100218431432394,0.0021902162817489528,0.4087612432028031,0.008107832773034639,0.4843804765968195,0.007839091370360502,-0.0003485909652343022,-8.511904664208147e-05,-0.004573709233548879,0.014475672722904783,0.014080597845822319,0.00424057100291045,-0.005485021262665892,0.008229921993345338
16_1,0.001122921638162597,0.0011256300991348508,-0.003791942101482196,0.0019518845442790798,-0.006571642637337512,0.001741848040428693,-0.004930371415884853,-0.00043789509843586454,0.01045061640444356,-0.13997844709028667,-0.02518027184227862,-0.03984924146708001,0.011550254772432364,0.016128117709178155,0.09532530581751907,0.014736776733252068,0.0050131336299253735,0.007881179779638123,0.009963754434962857,0.002911278580987487,0.002164747445729449,0.0009143282577421375,0.02154309370482221,0.003319930163440293,0.020050084135271845,-0.28341403760819134,-0.15099239485579147,0.0011815091180828253,0.006660341903657634,0.0033656902690425944,0.03722921967792976,-0.009064467104085925,0.005774499383597953,-0.002019352681082002,0.3853563675730909,0.01690864214965078,0.3314900560309329,-0.0037595617014297153,0.0006472138984333725,-0.0034049307051098607,0.00031808739903848963,0.0016990016419240635,-0.0013694415667666673,-0.002208024235165893,-0.0035891648454879368,0.008006184097407982
16_3,0.0003530466536670568,0.002991117867854209,-0.0038317216859761537,0.0017344635673118233,-0.0075252443160502905,0.0023118494527440614,-0.006885715155953398,-0.00029004327476374445,0.00836833722872855,-0.14373418677575397,-0.02544515008430729,-0.04026940748604372,0.011644809098026865,0.01610591038656347,0.095799900750951,0.0032147428991704217,0.004992534634395631,0.007793736814531107,0.00958749862128553,0.0028595481150361125,0.0023305378639225647,0.00060491552906372,0.020416839107814087,0.0030213138676393365,0.017392554634770463,-0.285589859536032,-0.1518573692513564,0.0008747931826952304,0.006409469150404123,0.003933105044183515,0.035876239593221886,-0.008880163595991022,0.005443596824783698,-0.0020655758453876987,0.3842872741624583,0.0038588292429500614,0.330864350141544,-0.0037626008903274685,0.0006467624423518971,-0.005129079439124803,0.00033916498144102684,0.000906918057571328,-0.00045900321326395373,-0.002466438622203243,-0.0036783935257497856,0.007976953720246165
16_4,-0.00016719580890343133,0.0015411443306647529,-0.003910042021473617,0.00013482179596902455,-0.00749704992230249,0.0015007993224343973,-0.006300036537678982,-0.0009127126485573076,0.007555895645701568,-0.14135975445004179,-0.025128443682943792,-0.04065317472782425,0.01422060954235448,0.0164047184124836,0.10127273398872982,0.016048227839279918,0.006096753610367142,0.0029028650968512325,0.009766674547395623,0.0029361287198061206,0.0021778923915275906,0.000699640315139446,0.021509255715638522,0.0032307393613367173,0.018738353831776508,-0.28488451184583885,-0.15985103113213478,0.0006016646849320386,0.006629072042921249,0.0028567576678274055,0.03480999839153388,-0.00972494589575652,0.003937652524603626,-0.002086815943879435,0.3848586789781533,0.011479584560455143,0.33131993010305827,-0.003767499322211248,0.0008996493152310427,-0.0042644546665928686,-0.0006263825028366419,0.0015092598977359546,-0.0009231892544703318,-0.001958719814535201,-0.003312088177525927,0.00780326235899067
16_5,0.0008516158801911293,-0.0006968641458045961,-0.004363520038667265,0.0019067585873333102,-0.006749294458824632,0.0015932229737748544,-0.00572666200093461,-0.0003735601700667893,0.007986484570547596,-0.14196244041182438,-0.026440239557920214,-0.043673479587497635,0.012166690887412039,0.01648311197904628,0.1010769777249269,0.015828985932503113,0.006360576417586269,0.007906588599211976,0.01003781201109301,0.003345831293271799,0.002387460695774438,0.0009964760850160132,0.021580226494905614,0.0032962742493189067,0.017793344248764123,-0.2832232472565262,-0.16215647385404197,0.0004920245735566442,0.0066406834542820795,0.004318768988961126,0.034841309652821936,-0.009101103532776367,0.004768539510257408,-0.002293646787991293,0.3847945523666631,0.009636647838485246,0.3309892926141202,-0.003710433084764678,0.00044243525735632546,-0.004040242499637922,0.00032959377584105306,0.002464294979167323,-0.0013004828318627943,-0.0021551734374491227,-0.003342214306360457,0.008568110458408334
17_1,-0.008197961907853577,-0.005767957435793353,-0.0059375253995637735,-0.004183437189245132,-0.023281881115221763,-0.009252067711359871,-0.011094781400763079,-0.005876406828078899,-0.008541010587906609,-0.22396426069609832,-0.06647290577848716,-0.0512748256607956,-0.009517391985273614,0.0009367481103085379,-0.03460805767053684,-0.004455515944218133,-0.001726421784947994,-0.0027676390004514368,-0.004464161278718652,-0.007711823883156961,-0.0018823987226052202,0.0054132955784809,0.025865076653154778,0.0019860928041989983,0.024556745920740204,-0.36706797938034097,-0.2325374564334163,-0.0048047176242754334,-0.01942333338043225,-0.0009794985158404987,0.011811999952503134,-0.02532793044374682,0.0025098106682380035,0.0010206543245294265,0.374140901545488,-0.00032168612285213993,0.3003655856434786,-0.009356957812448528,-0.004762716833956991,-0.008066120135018066,-0.004255594472178018,-0.013786660096657397,-0.014066301313341426,-0.006806449907966832,-0.0033582422111104312,0.0013218469757671073
17_3,-0.003231671666586059,-0.006054641295044367,-0.005730821560060529,-0.003227474426628636,-0.018304426101034346,-0.0076387371950873105,-0.00935707116998828,-0.0011681745004046126,-0.011649650745600338,-0.21555299662162397,-0.056066190331741816,-0.038459565519727276,0.0006685667802408314,0.0068906596222987485,-0.03545775671912144,-0.004452613389162904,0.001174829202005321,-0.012426426688059922,-0.005168333035645609,-0.008964542572541801,0.0016114321516882454,0.0067342742000068385,0.024612957358000388,0.0022921177244974106,0.01845183002381931,-0.3758125044258807,-0.2525461149245136,-0.004557797316527764,-0.02131006364345851,-0.0006191970417638146,0.005428850690904941,-0.03047857250864487,-0.0001611762574183713,0.003387692536299962,0.3655099367767482,-0.001634013626707055,0.2985259636778371,-0.006116362313698186,-0.004967581788059598,-0.00855135498660088,-0.0023152383764166403,-0.014290057609424728,-0.013150980956037749,-0.005702526236273206,-0.0024484778054791934,0.0037129596586793654
17_4,-0.004769624361113549,-0.004091901405415134,3.507092718276851e-05,-0.004626276636779986,8.951240051153185e-05,-0.0030236624588220757,0.000617421158780606,-0.004783661994456087,-0.015259560167152034,-0.23778577995544714,-0.07487722974938421,-0.060853137711813964,-0.003343832648371555,-0.009397609894791659,-0.030225449315833517,-0.0067831368415680795,-0.0031351911597912304,-0.0008448033399290954,-0.008305051690205293,-0.0077815205291721645,-0.002069337048910211,0.006398177179808946,0.026737935203429528,-0.004178987515776193,0.016006201530062738,-0.35013210123023447,-0.23021421815400328,-0.0006421722860881973,0.004543290782205527,-0.001250234720011911,0.006527725682196007,-0.029956855764695856,-0.002172364095514707,0.0011793814212558934,0.3766161835436941,-2.6153185687720627e-05,0.33886969941190054,-0.007945711447410221,-0.004137490767233498,-0.0010850601256726167,-0.003968377350539003,0.0024576348400447237,-0.007448752903947333,-0.0013565414132937611,-0.003812928814620844,0.004421168481094961
17_5,-0.007430563562776642,-0.006452611623658168,-0.0069384979262413085,-0.005861658129840236,-0.01772512173020212,-0.008813017662368928,-0.011840643956535392,-0.00441762757136598,-0.010478626085512277,-0.20132716772186512,-0.05255416251112457,-0.04469221278474711,0.004961758644753511,0.0061880014526108865,-0.02364169778124229,0.00021297322237475217,0.001634403987607972,-0.012454682982003758,0.000576105697090724,-0.003975169678819349,-0.0009526545187163079,0.008091550980804855,0.023894003654998313,-0.009310899213303523,0.015336653081659666,-0.3591650786480185,-0.216205754621654,-0.0020591799155503083,0.005078914403776982,-0.001357823376688564,0.01247571556083443,-0.03284881032403108,-0.0023606513559185248,0.0013344287294684888,0.3742348717319732,-0.002113313376988374,0.3280435904213846,-0.006418735500256768,-0.0048280287285176375,-0.00839689123606754,-0.005630178865486869,-0.01601321760697688,-0.014251909815306147,-0.006058925267473637,-0.0037627471676575067,0.0008227049586584474
18_1,-0.0020697682928101325,-0.004893789892433488,-0.005840671701933243,0.0013209575333644925,-0.012286235958610454,-0.007421832256198506,-0.013095005436371876,-0.0017755553235941797,-0.0017880701342109944,-0.20814382163757988,-0.05689742486583113,-0.025755939753431798,0.0050072555679597066,0.011736595601308217,0.05160257369250473,0.0016461291839980653,0.0012321539276026762,-0.009435414249742693,0.003488013565705687,-0.00415997899930378,0.005168407768409114,0.0055761940838043285,0.025159916644149866,-0.014674211995224968,0.02539186056588209,-0.2968507020652274,-0.20044384269187912,-0.0036875069022576147,0.0013540748910441107,7.401224825247439e-05,0.03237337342929921,-0.024371034533362205,0.002200590078060653,0.0032234449217625784,0.37161109365101896,0.0028472317804628753,0.30755136161658087,-0.00502556376123753,-0.003943183384895808,-0.0067496195364963865,0.0004729041465523048,-0.012885989830144409,-0.012944870255205432,-0.0062872832703762,-0.003716240555616408,0.004987782810250856
18_3,-0.00418731956774443,-0.002295673751170557,-0.004334379383258809,-0.0037292785863236406,-0.023147429377294786,-0.005847486726733531,-0.012598543369683742,-0.0010802494626271076,-0.00688835627495113,-0.23005102074149067,0.018069821540369818,-0.011638140077084951,-0.004681458837401246,-0.0033484971572888874,-0.01914625863515781,-0.006852678917679435,0.004806530096294388,0.000790076771746779,-0.0031387891667417193,-0.010931989772441393,0.008415016984804551,0.012737371959432952,0.03652464693940641,-0.004057923041493917,0.03417222816940554,-0.23265539092262358,-0.23564081149625365,-0.0015410596943122026,-0.012423366202694273,0.000920606311368496,0.01805327513458397,-0.034871925788946094,0.003012698077448799,0.005543307701807624,0.3820760363212846,0.006817271543723706,0.3543692128459426,-0.002573788603890515,-0.0019775857339268178,-0.006769243595731746,0.0006564575879412505,-0.012645638113534925,-0.011108420977947366,-0.004986662125130692,-0.0025733653782238864,0.006291790294308894
18_4,-0.007849690359297007,-0.0056685860348887375,0.0016693186768437283,-0.004309931674453589,-7.059128925647801e-06,-0.0013397461941100266,-0.007765502887398892,-0.0038599814741641296,0.00014630932367237513,-0.18843826014371268,-0.03557261414759382,-0.03568483965434619,0.007168618206849006,0.012481281071761156,-0.02342676074510778,-0.004697472712561752,0.007306973174084689,-0.010981160131925112,-0.004907313208980787,-0.007800084350270695,0.0047577604422929486,0.008443246447172077,0.027630151397943246,-0.0020299989194149143,0.02155934471725811,-0.29444380415608434,-0.1934735683761313,-0.0013035827923870728,0.009976667785095875,-0.0019116413139462689,0.024081642547230483,-0.023841277402299722,0.003265946239583528,0.003302131227621679,0.37445152941402327,0.008316772115398592,0.33843599993930323,-0.009365147803818042,-0.0028477674505272463,-0.0012309531706018635,-0.004228765819904573,-9.148100978022321e-05,-0.007520930746028041,-0.004077967851251884,-0.003811818890490545,0.0046170988971024965
18_5,-0.00455547611198816,-0.005149614689297963,-0.008112248632118915,-0.009344581189055656,-0.02286152029505025,-0.009904549965143391,-0.013991684343027645,-0.005159440106933291,-0.0056556950901612635,-0.2428992642781096,-0.04915476300013862,-0.011188978182030577,-0.0032027962412819228,-0.0006110199186497123,-0.01936571115676146,-0.004862616752083269,0.008073401164090195,0.0019249001376507391,-0.0024797458078040092,-0.00983271326948108,0.008279635271565989,0.017403291261195705,0.029325913335247155,-0.0063760817536224045,0.017486797363853217,-0.23457798977996952,-0.2089962107381682,-0.0010228717550428827,0.010193214654524928,0.002741398208557715,0.02126203009659425,-0.033479673869710916,0.008579990387445452,0.008382518899023392,0.3737028706801309,0.008689649750921815,0.3446893762328367,-0.0029795771103853915,-0.004297883094525075,-0.009084434562831615,-0.005186510581315086,-0.013098982622362651,-0.014445381628857286,-0.007478829508179085,-0.003475229765831445,0.007547276285675314
19_1,0.0012769344314594038,0.003489329881395994,0.004116794445703645,0.004766453436633844,0.017047739884659175,0.0048095913724626295,0.006890574850545902,0.0038296109901687836,0.008123576354541091,-0.20988940578744947,-0.06663599148946256,-0.06514039406319136,-0.01129580084492939,0.0023541464057959273,0.023881870672640197,-0.0017643840176063377,-0.011972767164700514,-0.015072639767619689,-0.007527205245423476,-0.013436417852564086,0.0002670810222236561,-0.0016846797399580338,0.020061588334069916,-0.0055958728084151525,0.012075040496275143,-0.3308540588121616,-0.20519614595289848,-0.0012746342526084222,-0.0012090504885108949,0.0014657016203032665,-0.01644283598628338,0.03059535208671044,-0.000846796105872086,-0.0020768533146264426,0.3254259276415213,0.01741471718491183,0.3075255965347182,0.00504306830639298,0.004639051236958897,0.011882659164405214,0.003972400058177922,0.006152136642327386,0.009477315283627481,0.004491402438778114,0.004855755787424623,0.001673714956808336
19_3,0.00071587715444423,0.004738093433093993,0.0053993985294909196,0.006041010653760206,0.017318559139084783,0.006098727158154166,0.008509573114004366,0.002265958292738621,0.007428491008891054,-0.22394988465971288,-0.06947206935644529,-0.06557311262790363,-0.009291154233919326,0.004127384411587588,-0.03150337721015699,-0.007766259234801072,-0.006853503640793802,-0.010928837080245618,-0.00999168117104719,-0.015397991116174585,-0.0037970877390273677,0.0012323739289254532,0.022153627200924418,-0.00649480968525909,0.011137789415053206,-0.34068151488929027,-0.25256092760218873,0.004195070515850607,-0.0005869121407013901,-0.0025667587842545143,-0.00767433525579549,0.031479627043822005,0.0017994461788719014,-0.004012277882181427,0.3296261399623383,0.020056739993584927,0.31010872807869244,0.005319361113925318,0.00571443832914148,0.012027815226595082,0.005296922866642837,0.008907744852706102,0.009952880303896966,0.006033561091970613,0.0016254414401230305,0.0022613674145402106
19_4,0.002016623508571303,0.0035477356232785444,0.004105359526012331,0.0054545193340542865,0.01802306000204861,0.00514923226648784,0.007374363677902391,0.0031304839489483217,0.00850563908749605,-0.2060439446401175,-0.06607668146361995,-0.06493851052421992,-0.009306298665257397,0.0037178300625003457,0.025611861070659207,-0.002946947800282674,-0.00616356502240218,-0.014231235512707963,-0.007030847843605764,-0.013014874361649345,0.0010083894318185425,-0.0012916288324436214,0.019484539320220207,-0.004405490512796926,-0.007957957348316289,-0.3306400000819976,-0.2070872794607065,-0.0010426351456020585,-0.0012240425088646627,0.0015448761138956292,-0.018410889662629236,0.030438797497133567,0.00022963131186819031,-0.0020654199772048836,0.32473933098837926,0.018113180579969815,0.3030848968090903,0.006604073744012562,0.0047360305457103,0.010432817060687952,0.0038593308807977978,0.007004475774345458,0.009549663679531072,0.005801046768161485,0.003407407630600799,0.0017558689490759156
19_5,0.0007904293488107144,0.0035492694916120994,0.0037898535577090705,0.004445246974009195,0.017342349600709926,0.004760602618848202,0.006700978272060916,0.00389054280994905,0.00868419134132364,-0.2073022897833551,-0.0668587490954725,-0.06510629444688978,-0.007652535896428118,0.0028426113615479826,0.023823176805790137,-0.002095531255989535,-0.007079207604931052,-0.013505571500952867,-0.007624174449649901,-0.01278119402997545,0.0007507144041810167,0.0010671715481281106,0.02513159758246942,-0.005894564689936684,0.012208216577826335,-0.32968123688110684,-0.20195079516241543,0.003936454785130058,-0.0017002774051800014,0.0012686847416221872,-0.016721393652143125,0.030277867643724848,-8.23043955841679e-05,-0.0020692466360824387,0.3240333925056911,0.017755434292979638,0.30531973332523205,0.004814624065520636,0.004765453521205155,0.011619350824210261,0.00391640110415063,0.007247403670425931,0.009523069053205675,0.005485614851680077,0.0054077550437810025,0.002146589721309206
1_1,0.03573338102289247,0.02922590166917613,0.02189115620917769,0.034840981405370466,0.02886610575908487,0.0199115418009036,0.030695686616331493,0.030877007120720886,0.028503542940472113,-0.05631111091802361,0.041934243147077874,0.018904591305201238,0.009980406858109836,-0.0032416348383030725,-0.009931361291243591,-0.005344267070705894,-0.001747555751797269,-0.01648137484168959,0.0015584668898970993,-0.004094095251990949,0.02315937031380594,0.008401061683759536,0.02547412374491064,0.034289672695240955,0.031077407388576485,-0.1513389270165215,-0.0829877999778177,0.018970028383756374,0.014146490489861033,0.02800836339154346,0.03951425675045027,0.038462453611828526,0.015387943708348034,-0.002006251615238602,-3.0881868691742143,0.033988904148175146,-2.4506275714976113,0.021198272714175567,0.029522365759885615,0.03098800034491097,0.026544769344713084,0.017361654653404616,0.028739986675860276,0.013783319885106046,0.02084042719045953,0.04874791308085117
1_3,0.03459269165638796,0.028231118121958686,0.020836637494121447,0.03374546516867332,0.02758131096529774,0.019961036432108222,0.029779374427590946,0.03001952670326317,0.028247009647057526,-0.05219022779846832,0.04314457869689406,0.017244707058438825,0.007395945913092009,-0.003304819078755555,-0.00978380770568593,-0.005280323674540864,-0.004753298911122838,0.01876028773845395,-0.0027970571051183528,-0.004415691807344977,0.022068792723982315,-0.0070132271659789315,0.0244528876538704,0.033192443342257155,0.04066711862963965,-0.15064584151209862,-0.03913286960396694,0.01829590459620282,0.013080763143964214,0.027232614635196658,0.03711269399114194,0.03725262425642727,0.014540933825456532,-0.0017278734909662822,-3.1258889163814856,0.03379997019692374,-2.4420559227121776,0.019807707991777907,0.028740468310566977,0.030227418164403292,0.02611088325861758,0.016179598500957484,0.02780659154295242,0.012833683391266719,0.020028143456428484,0.04713931408612957
1_4,0.03434454835209523,0.02782185860040744,0.02069946151703827,0.03345938014708107,0.027049129280749106,0.019771030303701857,0.02993209027047816,0.029717470805981888,0.027396782622467437,-0.054908304595886706,0.04269608348291029,0.01664721739250647,0.0005403735112257064,-0.003181469061260807,-0.00969475895820283,-0.001108051806203253,0.007494810607745473,0.018702947652464753,-0.002813185495342956,-0.0049459584347442305,0.0221809893904219,0.009255760130601101,0.02393997984768887,0.03296373662486027,0.02155966722472377,-0.13703468493067159,-0.06951313022147593,0.01788046762611275,0.012901072845115774,0.02709756735312752,0.03746002690094932,0.0362391725297732,0.013925492808200445,-0.0020766710227510298,-3.104727629988319,0.03352229870324844,-2.460860405567619,0.018739357897298657,0.028564325523457536,0.02986829872826457,0.025677820032595926,0.016108667433646667,0.02724735605518965,0.01314621931891956,0.019991029827557245,0.046573838742225794
1_5,0.035625441052114036,0.03008777037983873,0.022887937933391448,0.03572498398407753,0.028868732049709803,0.020537858467644006,0.03176567276911643,0.031197871250136414,0.027790450627325675,-0.07166440708456318,0.010095286845824648,0.020182277209988494,-0.011523766588904936,-0.0006523962638815407,-0.01011437174886847,-0.005960326991617081,0.00876264458734537,0.01839048775253043,0.0005718057035715179,-0.0022872996572932324,0.023884220916410768,0.009620795252677415,0.027156961148458735,0.03574541147226907,0.04229532659255187,-0.14960115635632823,-0.055382354330327954,0.021585539022990548,0.01269326140787288,0.02908444858957488,0.03936814794000738,0.03728820567369062,0.016130369287540407,-0.001982559695051642,-3.1048204482459165,0.03448209813430656,-2.409900688839686,0.021037813569434682,0.02989255553255565,0.030993995600091633,0.027361852154006345,0.01726945409933998,0.029110255457586963,0.014488301058649124,0.022226165818418523,0.049676853919675884
20_1,0.006608900881448278,0.004075114014804723,0.003122871939445158,0.004188755686339415,0.018029352874740674,0.0064144768470951385,0.008107172905780129,0.0031717609321023164,0.0078056622641973425,0.07411449156385497,0.012505794860795571,-0.026163859873105936,0.0006879097150346285,-0.00410396930713903,-0.005131611274340668,-0.00041992355750581506,0.00962426158259814,-0.0009623224615086643,0.0012136209065272709,-0.0034933950339798357,0.002315804657693959,-0.005380383399235233,-0.014532730752170623,-0.004574368281746561,-0.022026461433308955,-0.2548856452181891,0.08834118102582647,-0.00020508426779412598,-0.014735176829667218,-0.0025650760173882444,-0.017445229634634647,0.02372390837898075,-0.002209685871078704,-0.0028402442784578505,0.29927484162163903,0.006286872310770281,-0.8035357514257319,0.007789769676636939,0.004500271227298917,0.007176421216076103,0.0028108130243688703,0.010787703390503868,0.0125648701392219,0.0032677474481198772,0.0017912173475368935,0.0011666548728434443
20_3,0.005553933532044998,0.0037147314513900054,0.002899303243339717,0.0038993998773923537,0.01972670686395405,0.005089615587125798,0.0064635372847664805,0.0028596337825249753,0.007662105129758182,0.07483458680081245,0.011602728816855553,-0.027939018069712097,0.0005971265761842593,-0.001192076659904019,-0.008994395450199774,0.002026469817044893,0.009468673026359283,0.0008355254285038129,-0.008004744197282242,0.011684802982740595,-0.001683746592011805,-0.00532400041584893,-0.014299971808791232,-0.005078823987430223,-0.021928678108656407,-0.25664711390551825,0.08998068328794534,-0.0005054638689614123,-0.014543837205869029,-0.00404892480041114,-0.016516049235510533,0.023421036763470796,-0.002200828761135476,-0.002790541402125915,0.3015182590617882,0.0054618533171223735,-0.805234299237571,0.008873198306914893,0.004502610779727824,0.005498490116288136,0.0025944674445041943,0.011033337682373835,0.011889984693550536,0.003213850284631339,0.0016414225439045458,0.000611480676545864
20_4,0.006450838812970917,0.003798491071993758,0.0028431473942034545,0.0039041367361767497,0.017757462469854088,0.006252622577067471,0.0066373788610383355,0.0027583612426059344,0.007403958640781864,0.07051790720793587,0.011882490849078395,-0.026742887728078046,-0.001127910685068374,-0.0016365272483167713,-0.005733866616133486,-0.001072412498072284,0.002679901363316374,0.0005864600454239628,0.00028055887647816054,-0.0034614222267935852,1.6320463817736286e-05,-0.005561354099121439,-0.01455903821473295,-0.004845523634725875,-0.0212832790645914,-0.25627119324261344,0.08566423335336405,-0.00023706828015368871,-0.014354123273964781,-0.003947616364699709,-0.015173081739702273,0.024129436766958674,-0.0018268265052717868,-0.002787447457542716,0.29951720351102773,0.005342111321750938,-0.8154745491956037,0.00820128325365332,0.0048196974448708,0.0078703198276627,0.002671885157190968,0.01113348476173508,0.012380791952971476,0.0034255885680950656,0.001624090271040582,0.0013528636421521907
20_5,0.006452474473907974,0.0040278779415992465,0.002827346125502311,0.003736912997488843,0.01807503018078744,0.006392192566951743,0.006949220274354849,0.003034422860293755,0.006816254798874859,0.07171198571302138,0.012617839925901259,-0.026589995261234876,-0.0009066311083459416,-0.001295003353406138,-0.0034356383281787823,-0.0005824425067405149,-0.0021102792892205044,-0.003291130154187185,0.0012175177320050308,-0.0027547221474345605,-0.0016010814367995985,-0.005384512739859057,-0.014692859792641042,-0.00455059699238284,-0.021327139949811034,-0.2563082384106567,0.08760102986847972,-0.00038188538804086083,-0.014240861625168327,-0.0034573579057087804,-0.017119747168720226,0.023487848301871585,-0.002195632216146037,-0.00278087990809517,0.29860049333817196,0.005990969192802035,-0.8109177580961847,0.008667538703161,0.004700823693023375,0.005715715498938062,0.0032375839316154354,0.011242906470629609,0.012538562732160438,0.0032199117911251188,0.0017233334999933179,0.0016231192517559437
21_1,-0.004336751898575244,-0.005032263293987343,0.001792995390548753,0.005124576056863891,-0.020239701929559754,-0.010088796888756473,-0.0072529871426300335,0.0038070605602587393,-0.009741826426806158,-0.20099520301052773,-0.05707836530954749,-0.0510477603425669,-0.0019868880863788767,0.0036616488154345528,-0.019800369570163595,-0.003109711643813092,0.0029222311128253914,0.002584812761733644,-0.0008835942309111122,-0.0017488765956986914,-0.0011596411354630033,0.0050685128955700156,0.023741769812211495,0.016130830950179177,0.015339510392349327,-0.3277447622780594,-0.18799516677181355,-0.003246593977031673,0.008799642426924924,0.0032371171347383527,0.012088175113724467,-0.020727582951454996,0.0007353760958200252,0.0018964294282578487,0.3678330212081031,0.01927083079277276,0.32791452617260997,-0.00770720603220654,-0.003275156137463299,-0.0011473890969732666,0.002848084105897571,-0.01111604860924384,-0.013546026906168147,-0.002657485153510068,0.002298298029834008,-0.001126260193515186
21_3,-0.010848041661079428,-0.0006621026678378053,0.0024637510959306143,0.0060170814740280664,-0.022009134854786616,-0.010899781082518694,-0.008365379725621288,0.0035475484671001886,-0.009884305540552472,-0.21352566526008163,-0.06215606789863031,-0.05239723842950493,-0.0029581356265141624,-0.008179979505429057,-0.024415906311083976,-0.0024735733728723916,0.0025672159266376298,0.003890698886706948,-0.0009474010602499252,-0.0011080620712622358,-0.0021266540299573785,0.004558949414514141,0.026994157264982707,0.00662048947159876,0.014264437816186585,-0.34474459392333573,-0.21593990040907882,-0.00279395273623315,0.0025581378728181284,0.0022798619434042313,0.005837128278339043,-0.02937681077155985,-0.0007551291209190607,0.003354056657178043,0.36219709856725263,0.017812395691246104,0.32235546010106486,-0.010916482055256686,-0.0009665264177104137,-0.0003385027285638395,0.004248228082656103,-0.01241917889603289,-0.014482023984860166,-0.004207775690890797,0.0018427212631792473,0.0001920808490972586
21_4,-0.00463207912922925,-0.0066566424880153295,-0.005751023414552677,-0.0006773051849406899,-0.022655467152988534,-0.011028080876655072,-0.008024641137795798,0.001456983494422997,-0.011351939958676617,-0.21609221698877595,-0.0663534714313337,-0.05377175419831213,-0.0035087637109474847,-0.010991528811276342,-0.028008343968762686,-0.00574470520108,0.002549739580650123,0.0014648415018193605,-0.0034843437076659987,-0.0047463356292389855,-0.003463312583210511,0.005197647144661421,0.023209237203527862,-0.0023795661150427844,0.013416198468886257,-0.35455290912824555,-0.21979722717631564,-0.0036159113223258074,0.0014311707456090572,0.0024564557603792324,0.004907016251669156,-0.026779805366732246,-0.0019108738664394397,0.0031211942819510713,0.3631490788804239,0.01748529896132514,0.32739969047172596,-0.00785095169351972,-0.00421693160149501,-0.0067503288710141695,-0.0023761012962330063,-0.012215040427573624,-0.015319661323583623,-0.004069834202629356,0.0011638224664860279,-0.0026213824767173446
21_5,-0.004917831889446214,-0.006346116038149431,-0.005956890572415113,2.3068445046288603e-05,-0.022167514332860242,-0.009875528954209368,-0.00802668992127026,0.0034174361181626717,-0.011967838695030316,-0.21213335988777668,-0.067760836740248,-0.053628699252141615,-0.0031094463588999914,-0.009743743512373582,-0.026458325947633143,-0.005113903365535482,-0.036707970912886884,-0.0006621643570820909,-0.009980538695991534,0.001135878172248323,-0.003179924754791159,0.00611396998590659,0.02466123123773762,0.012742420034864534,0.013664923460173136,-0.35541579387258576,-0.23752929533556208,-0.003815302614735949,0.001326178892637921,0.0023703287612674706,0.0039839211493871785,-0.032123568507774584,-0.0033175101520162022,0.00290406415300992,0.36625180239229554,0.015724454906416302,0.32980838407617574,-0.007808981586955441,-0.004789119408643207,-0.006991941133582701,-0.0015974143446747578,-0.01217116482457593,-0.013192488414068533,-0.0044571261891921815,0.0015008276807959606,-0.0026675729529458164
22_1,-0.0031717260979357894,-0.0056347124982119535,0.0035804557768260373,0.0008293566793685841,-0.018587651327482545,-0.007529745175296359,-0.0017407674626961982,0.0029125395886307423,-0.037578991596280684,-0.19941175212124476,-0.05462455310845213,-0.051892263392456305,-0.0003830790059479732,0.005250568219189739,-0.01474374694037943,0.00012752717504176757,0.0037333221466897496,0.0032151164448586994,0.0025678201952302063,-1.4663394090791831e-05,0.005568030081549108,0.01831336938681624,0.029564012992507015,0.02037751815665095,0.02823788305996034,-0.33398965621689997,-0.1955785005108854,0.0018153862804133718,0.01356230877457068,0.002369844164856205,-0.002534847432967105,0.027892052099622627,-0.00307362964715215,0.004120867127934484,0.3708659774897707,0.02113957518532264,0.33988151276444334,-0.007538599025499669,-0.00263793956407679,-0.000918368175061311,0.0005161633851078245,-0.011054137726988832,-0.013179843283143505,-0.004195786419204941,0.002327205777965292,0.003044490293648853
22_3,-0.00469852000367799,0.002136691453743024,0.0027442239373041016,-0.0021537471316046383,-0.02516026167964162,-0.00872312433327134,-0.009203601734298853,-0.001695789836691571,-0.05474954439707694,-0.2355730795938319,-0.06616133099949026,-0.05612229294796214,-0.0067159669415702145,0.0026621261265771306,-0.024435008430797607,-0.0016498491466520318,0.0034256204461857176,-0.0032202329471186833,-0.0006120649225328462,-0.001913341534287804,0.0023147565620119767,0.008330705891716172,0.02857100495133901,-0.0048978497807252155,-0.008038223242924953,-0.3594338011964732,-0.2400100216880917,-0.0007567986503371562,0.004027196553620214,-0.0005661264221967244,-0.10843248497861127,0.03462780299059568,-0.00650716388168651,0.008967123682284497,0.3559157670210987,-0.0008440988192854681,0.33127211791830297,-0.006294831755841816,0.0008220722723604057,0.0005406978108790011,-0.0018583525373200291,-0.0145617246563936,-0.01574326633439355,-0.0050806238766530985,0.0008374932390316196,-0.003607838098221142
22_4,-0.011382121823221214,-0.0009307270221021188,0.002132438952270933,0.004756367264952851,-0.00098970522440314,-0.002428998562267517,0.008513450910164902,0.002173126729409939,-0.052692741103246156,-0.24334467078051522,-0.07358728872347582,-0.06342591805653348,-0.0031507527671537335,-0.009881350587165773,-0.023520053581489248,-0.0033877003108147745,-0.0008210799635271012,-9.227278893015836e-05,-0.0029962106073457583,-0.003983342058272017,0.006688887586238085,0.0070434964892559255,0.02899652255342945,-0.0022177059274329372,0.012049025998127277,-0.35794097877316977,-0.27411756171603396,-0.0002260079336048564,0.011599466706239379,0.0013615267240705766,-0.11508311364209858,0.03587609920520466,-0.002236401391361894,0.009409956900481686,0.35164942642513203,0.007297066128067799,0.336995053822481,-0.012564712517240598,-0.003221838731852313,0.003635900063689716,0.003485711458044958,0.000666240367652323,-0.007615082466432608,0.0028310828666466416,0.0023946425880250716,-0.0035236618892964837
22_5,-0.004999377813231121,-0.006025338571450025,-0.005726244288506844,-0.0029339626586725722,-0.020633496653004874,-0.009477932551281501,-0.0114515359713427,-0.001635617627306419,-0.009042799626755017,-0.20820728011686981,-0.061942442891506716,-0.050540858351547244,-0.0021366041606306102,-0.0072443831652582785,-0.02334492780566683,-0.0054908320142560575,-0.0005573340012203087,0.0002919612883857171,-0.004081024385152293,-0.004319331455365041,0.0037358235440027726,0.018995361712974695,0.029632290608806348,0.017078250043813376,-0.008519501795427004,-0.330885431895797,-0.20383299008110758,-0.00025134344249866153,0.010324249999179207,0.002702080337813685,0.009377100089380067,-0.010376133624609485,-0.002293645873845607,0.00418154880439935,0.3768527128061304,0.010044632334662039,0.34053291726806195,-0.010358165427105553,-0.0038054226014798704,-0.009005970697969486,-0.0032272505095613424,-0.010621970431775664,-0.01643880103996468,-0.004140621479369295,-0.002661817200855743,0.0005759964120737552
23_1,-0.0022181612087834503,-0.001801416956229017,-0.006954483152537097,-0.0014249659305332848,-0.0168888838801834,-0.004190327652129556,-0.009916720695498123,-0.0017632371535973692,-0.012874115898867474,-0.20910777573534467,-0.06713503379723366,-0.054513474565461295,-0.013730847702116149,-0.014412014289934173,-0.038326512262543966,-0.00685723344355032,-0.0058966077773394306,-0.0013900053293958727,-0.006463919691803657,-0.005829448748595122,6.111254217552337e-05,-0.003627174817550994,0.019383795017499508,-0.002759027289087079,0.010757327177573299,-0.3214344164708958,-0.21447979042713317,-0.0019310890758949372,0.0016133562575592457,0.0010699964065694716,0.002583670189568764,-0.024793934319992515,0.0014874263105052457,-0.003849945167411502,0.3693577312145404,-0.00020625210726668293,0.32671066612583977,-0.009998364031100286,-0.00039381165582250496,-0.006876957094320607,-0.0018850305527287113,-0.002985945013880483,-0.006596614870459145,-0.004570207177612669,-0.004260656222690213,0.0014764354554227706
23_3,-0.003931135321213997,-0.007505216682691504,-0.00731477824976396,-0.0033582034188672765,-0.024390883178838377,-0.01036194158315659,-0.010332507667295075,-0.0030897737711402264,-0.013473992888095743,-0.22311137362106023,-0.06974898348757332,-0.055416547295725184,-0.006917744138012191,-0.014394532026097901,-0.04060095752038267,-0.008361851396880338,-0.0059356965014955455,-0.002542338531666209,-0.007123456018441049,-0.007879158750797002,-0.0003968122754453884,-0.0038902681958587833,0.019377492520301454,-0.002769525869534981,0.010459362834826302,-0.3266186742650758,-0.22534533414637323,-0.002832803678922796,0.0012956501997054392,0.00112053349488458,0.0005889057313930604,-0.02559480261082236,-0.0005180270687950832,-0.004087306910546045,0.36847029965760675,0.0030616564679812885,0.3253731639548909,-0.009734329228864705,-0.006979585452444241,-0.006917485038284357,-0.002713584783825588,-0.013491629904367078,-0.014223984468373604,-0.004640195081940641,-0.004299891523821309,0.00144016483544876
23_4,-0.0033567026616075886,-0.006912501020085078,-0.0070672233768202,-0.004243534041857901,-0.024373002779837293,-0.007287485425886803,-0.01029544264196629,-0.0032439377462722204,-0.013921597541828057,-0.21091282008426776,-0.06944000467827173,-0.05532887575287921,-0.006703094623118123,-0.013617270105412478,-0.03887501757208151,-0.008579133122260153,-0.04106959280562949,-0.0027751538823957344,-0.007117889167336669,-0.006236093079597058,-0.0004913715279480834,-0.003616516610005465,0.020642972976025614,-0.0030670262025230635,0.014195830882450454,-0.32159628077185287,-0.21212117892914942,-0.0013742787919256989,0.0013355700161188351,0.0013887239831205135,-7.38619160503716e-05,-0.025722555282266465,-7.755480298434422e-05,-0.004022544960441288,0.36877216024357773,0.004843763339614452,0.32619940221409915,-0.009713934793632464,-0.00521552226278654,-0.006957805709042116,-0.0028373835770865523,-0.01358204639282046,-0.012205344773738894,-0.00489932240959301,-0.0043306782962061145,0.0014225442413366
23_5,-0.004054017797217073,-0.006719566566686073,-0.00819188177179452,-0.002519405779159885,-0.024284595076609128,-0.010367393637017169,-0.010321902705235494,-0.002859713952819661,-0.014138863138379575,-0.2289560323960299,-0.0696131932121542,-0.0550849611103519,-0.005809088216658467,-0.013387039144318508,-0.0391040890110368,-0.007066891898409832,-0.0046379708611458655,-0.0023042441605482453,-0.007617479516931756,-0.0002061964522661709,-0.0007574051528609666,-0.0037188432593700835,0.019742659844646012,-0.0033478739109670265,0.013242986313858326,-0.3291837382616296,-0.22631787117625077,-0.0026428540289808234,0.0013527926578457523,0.0016022848780300797,0.0006332123192998195,-0.026441632052496285,-0.0013858257514970868,-0.0041157520269269636,0.36937789460184,-0.0027513028626671657,0.32515958263438755,-0.00969868791140216,-0.007010544417164973,-0.007023786754686994,-0.0026324833530643062,-0.01407802173582922,-0.013467014025923082,-0.007100251372871203,-0.004425645842587131,0.001447424647016513
24_1,0.005261538200915959,0.0034305569428821382,0.005435372315376476,0.004504417554840737,0.02881318844655457,0.011225703660423605,0.012818148077934468,0.007594635821991417,0.029206402386635466,0.16442246774364022,0.03309771676622901,-0.01652537623751304,0.0018707834753907678,7.828541395930713e-05,-0.0011460562843440376,0.0030977696639022064,0.008764640003260197,0.0017422749180066588,0.0008750283029703146,0.0071764586473055106,0.0026017256301133435,0.0021804282621821994,0.08501703539193592,0.013806897270775938,0.011715612026362298,-0.1414461059855566,0.17348623418733564,0.005942346184601964,0.005002272736427427,0.001982300295815618,0.020471999661249334,0.041467459998029206,0.00207556660524046,-0.002443664744390393,0.3738761772432135,0.021133786274131577,0.43539158014267526,0.010411728776993225,0.003362222752155983,0.013877742908247512,0.0026461611576751387,0.016260905412247912,0.016728264565157736,0.006736174423649711,0.0051796867107582415,0.004254295780316336
24_3,0.0054735363872224245,0.0037826858843990722,0.005537893205459834,0.0049783013504943185,0.02825203332443907,0.011448431346163673,0.013052898079562747,0.008043643332360028,0.028102780874483466,0.16202017659895868,0.03221510413194647,-0.01696721193758046,0.0016947149234760206,-0.003845017864369854,-0.005245946123988574,-0.0029237259723012506,0.006254069279432002,0.004045691986325865,0.0008391271587196483,-0.0024834613138752324,0.0023322360650338938,0.0014505468229529706,0.08266049448746744,0.014619053205912034,0.012158100123719517,-0.1448844767692711,0.1709297752526612,0.006060789040232642,0.005536979340728172,0.00209949350343961,0.020124867360821135,0.03032208312943993,0.0019302337928392933,-0.0025153990422382808,0.37334540662487126,0.02116172191130614,0.43305932423162696,0.010732894088961192,0.0034016326432433587,0.01353575448388627,0.0036589248625569044,0.01633529812183686,0.01683369576108015,0.007241342428314761,0.0054926273064478835,0.005243560995040037
24_4,0.005495628947862142,0.003460462213971031,0.0054322989590280465,0.004532269441400553,0.02888964113599447,0.011285574281029814,0.012951329641713147,0.0077287343085424695,0.027936555663905367,0.164251259664365,0.03284721449234859,-0.01658890571448856,0.0025068609553804207,0.00012331182066436294,-0.001124136424863102,0.0031792994244890346,0.007439887480781032,0.0020293925334890265,0.0005215061794479076,0.003134416958040133,0.002846798242129314,0.0022579703613113,0.08539611323618923,0.013667334556482011,0.011657165609178182,-0.1416959515109345,0.17299044024106905,0.005958468907716304,0.0048819910490128455,0.001966928920421175,0.021404812181438932,0.0420668782843428,0.0021663477089144735,-0.002411869715317816,0.37808973703964405,0.02133986252385763,0.44164093311338026,0.010716519706556417,0.0034019200909332047,0.013891636902003415,0.0019444401941083184,0.01618148087429311,0.017200641042156677,0.006783983545792695,0.005072096860513825,-0.002716646194091927
24_5,0.00553573772606813,0.0034619883908842616,0.005448458884648346,0.004573325242294337,0.028974532542916476,0.011154032338927613,0.013195800747179475,0.007272528596587147,0.02882600939925207,0.16194503777882524,0.03252879512092686,-0.016936126547841716,0.0022274245382196104,0.00014170392383124617,-0.0014876153563152116,0.0030737567236892222,0.008026172528524993,0.0021853534129881924,0.0008683319760761998,0.006876120103537049,0.0027189402200505615,0.0021809531641037057,0.0775481308137998,0.013905443193706436,0.011750711498489544,-0.16284098599570407,0.17100665270857943,0.00579508604951597,0.0050693248883659356,0.001973310857611835,0.019802874398800723,0.0416312391048516,0.002099157572598574,-0.0024373303708010666,0.3764485508103445,0.021040093117898038,0.43503193691070235,0.01040721271784082,0.0034032373189348355,0.013112393838004313,0.002069514985534699,0.01604568439310438,0.016702780379691865,0.006732987626719983,0.004009400220681009,-0.0028658675215915055
2_1,-0.0019631481125731345,-0.0015987293767789927,-0.007475347892341998,0.004477845028155252,-0.02134382582148796,-0.0005509556671899671,-0.0003490054893251259,0.0029198120959777443,-0.00957693102097571,0.12334689334060393,0.028120438372588083,0.2178003900887895,0.0034413402325253165,-0.004674625723705959,-0.001566068158749393,0.0025140447026539576,0.01778445356535534,0.0021698169944398328,0.0070529512111764765,0.020038884029268275,0.0022083292915471772,-0.0013481779958882463,-0.042278722259449175,-0.020136420763327716,-0.11058467112993517,-0.13218405326377358,0.15327043159921053,0.019119803908631255,0.005193920198320503,-0.0008956756816747925,-0.09568126971084431,-0.028561384170778657,0.007921700353079191,-0.009872503568252295,0.1935934208077584,-0.070495274215834,0.207597062270911,-0.00936953519480009,-0.003707120718117166,0.007473565796346134,0.008627138779685763,-0.013554675205631491,-0.005296710941142333,-0.002401907731272895,0.0034464750345067972,0.002768223376083799
2_3,-0.012321341912129044,-0.004952858306217144,-0.005668686709338556,-0.008723317104439354,-0.028684732462138596,-0.012235107812043858,-0.017631662602851914,-0.013352866493538184,-0.07778078111681618,0.03494628340680171,0.00937350221794011,-0.024948111586689317,0.005394678657616938,-0.0044768516893329054,-0.0013415724106430286,0.0021887797848743444,-0.07004710182577203,-0.002670494104622947,-0.004652021557099764,0.011204597308990063,5.0672972957184416e-05,-0.00670838188745073,-0.026146082574064883,-0.019111724323302468,-0.1214328943464914,-0.33485425519932,0.057878936991440644,-0.004312436132551696,-0.026257663990191908,-0.009458045402598219,-0.14284690456648585,-0.03743151390474647,-0.011095627401313897,-0.008208824747982684,-0.07029766726938469,-0.16622421019770617,-0.4952907527112645,-0.010685830611966879,-0.008468218228648976,-0.012152073301643133,-0.012376143177687707,-0.017545723711258673,-0.024236752455831234,-0.006443569415369237,-0.006947378285968443,0.0003578077047303522
2_4,-0.009400788894900956,-0.007129432839487703,-0.01095939281643094,-0.008136251654915506,-0.040713243708901004,-0.014138779179692359,-0.020258958440591255,-0.009035587294790235,-0.020555864485383556,0.05932626805363035,-0.01772318855303346,0.1901899326597674,-0.003030078736834403,-0.001978565466456229,-0.005698103703548696,-0.0003108848192331141,-0.09902119808728166,0.002069403780328645,-0.00583251221761985,-0.0032619646857791284,-1.1397939409402895e-05,-0.07787658535715072,-0.1397767244642835,-0.08423220260781274,-0.17581119654175778,-0.31669583651947547,0.062453188792962154,0.008384123351477759,-0.02692792944557526,-0.007566925685225553,-0.21539806690848323,-0.062262787043236636,-0.004440175404542114,-0.0078411615037615,0.15814672093133467,-0.08270853607342336,0.1722873411948759,-0.013338234330858399,-0.002854507831707337,-0.015772943880040077,-0.009475789828011725,-0.023501541491356602,-0.02279398401489447,-0.009231872962551207,-0.005603479736267444,0.0016326330236766922
2_5,-0.009352553472206038,-0.007946357613519974,-0.008743520783781123,-0.007457545068970342,-0.04050252788000071,-0.010442132653723369,-0.02297287205389656,-0.012062542151115404,-0.09507153755706864,0.07785084146568534,0.01131674701985745,-0.027504957170850004,-0.019760878184974132,-0.0051221166773888615,-0.004158591226802584,-0.000508165798843931,-0.004491220828083914,-0.002326315218408966,0.004904575591828268,-0.002471505208028988,-0.0036023523470621165,-0.0051402055414754575,-0.013006955945248807,-0.021746617641664336,-0.13608222947200005,-0.3001298552596152,0.10888530314299912,-0.005761999625258377,-0.03568216235197068,-0.007698439220331683,-0.23996822100566154,-0.0606357575002044,-0.0016703272063203906,-0.008309293784442437,-0.12330155080651248,-0.22650520829830573,0.09948515401896749,-0.010709743800303815,-0.007939747927391133,-0.015225579418187606,-0.010856409466501526,-0.022741337457018205,-0.022465685525077994,-0.01035884799851062,-0.007623085875816463,-0.000815668341291961
3_1,0.007064494017843483,0.004349849006651347,0.004813879341433381,0.0030639731869148657,0.030023610468070092,0.010571383040942251,0.01103870542188312,0.002998149675036925,0.014662516170594756,0.14556465547104788,0.03431306412287692,-0.018847870513287165,0.00036403031832008334,-0.0020764071596979313,-0.005868114610970124,-0.0021847364806624673,0.0060205493031177644,0.0024933802914276354,0.0010142342322271285,-0.0023283658849193693,-0.001694756351279553,-0.006594576152839197,-0.03448845023813008,-0.004086495533499046,-0.014712087908773066,-0.19364248815394566,0.17007623242827474,0.005569984577382649,-0.006358002001277284,-0.005803276455355916,0.0006118787111350144,0.03556760920826557,-0.0007898228713112104,-0.0030414879708901177,0.3256536071148978,0.011887524476126577,0.3236404827851372,0.01089436295264086,0.004291641473620483,0.013348022387050962,0.0017497943178384724,0.016880999075072404,0.016803020575527846,0.005171512080640459,0.0007610000621811559,0.0008297703017672331
3_3,0.007164614685474837,0.004131765586267763,0.004716290061227241,0.0029964991186861183,0.029823678233390844,0.009711974970868547,0.011190330088603933,0.0027560580995157217,0.015433742566958925,0.14436717479445857,0.03431649469041225,-0.020920942465844538,0.0005337792247137776,-0.0020554059613002457,-0.005391349821900216,-0.0021739339587371577,0.0065553127468961124,0.001813887523350162,0.0008212699421219883,-0.0024452431924370886,-0.0009726235904407843,-0.002045149440140672,-0.035867806639943864,-0.0031688840150781964,-0.01406550255620179,-0.1760306081572415,0.16730890454504335,0.0040320959872173195,-0.006497232937172925,-0.006250212226650039,0.0031593275243295494,0.02925097345634991,-0.001023267158840444,0.0014640760414302372,0.3267721769647113,0.011802348334491886,0.34076795598742154,0.010645484993711598,0.0035176941496831773,0.012808487349185854,0.0017082904522860791,0.01673735469923593,0.016383926542328016,0.005480830661437576,0.000711334475351086,0.0007117033243932094
3_4,0.0070248060447596706,0.004020758052480261,0.005967100709669889,0.0027845927318106275,0.0298464561388405,0.009696600754212359,0.010985062985492422,0.004137272530960947,0.013603962870195756,0.14432719121517437,0.03349990478277491,-0.01805311100789853,0.00022660551114052295,-0.002103332336255326,-0.005918880802248311,-0.0024428740346536353,0.006034097821717652,0.002165627326230616,0.0009389020257335833,-0.002035736544631128,5.9979487931697626e-05,-0.006142030292772443,-0.034005417805745605,-0.0034572149361791426,-0.01510843639253629,-0.20719314407551792,0.16887410531890532,0.004093096651095573,-0.006514043967659873,-0.0022027043803955716,-0.009702301315031213,0.03612413219730657,-0.0014060433797048817,0.005675085245386677,0.3244856599499072,0.01276802686699531,0.32699527358888725,0.010797016274046474,0.004161925923836488,0.012792353516510865,0.001697386338061929,0.016478877156260827,0.016491272666845788,0.005026241553521492,0.0009522641113315071,0.0009138446517394685
3_5,0.007450742916824368,0.004275231874398367,0.004686190342129999,0.0034449015122762715,0.029740190383527335,0.010732797451446119,0.011386225258035471,0.0025340807724489748,0.015535029157694329,0.14758508104948778,0.035752164577338166,-0.01739061691878063,0.0005648115735773873,-0.0005892319486646731,-0.005303360206627206,-0.002220552583130178,0.005877529622976521,0.0020240370557458144,0.0008078737578853461,-0.0030498297420144148,-0.0016989481380715414,0.00030070013283568824,-0.034480729766805815,-0.002918479237535643,-0.013714451180185258,-0.17601081268195992,0.17355002666272426,0.0010493898372574827,-0.014411770503672906,-0.006221570641463024,-0.0035311281389778936,0.029254633228942506,-0.004008232799995562,0.003005264004088717,0.3274907920684345,0.011827037218641095,0.3396394925585908,0.010488261306540589,0.004172527328098439,0.014009642205689598,0.0015765522958774377,0.016759614796497888,0.016644418177346517,0.005476066825018918,0.0007137215901602957,0.0008793340917859892
4_1,0.007173831243237398,0.00401461962265752,0.005759282533910792,0.0036907914273624598,0.028247802436329197,0.010369555499464823,0.012438429694826031,0.001924923342561397,-0.04003477655217026,0.15220203018741776,0.04121631300395314,-0.012739722358052725,-0.00017214234813057785,0.00010715889125431431,-0.0060290786308656585,-0.0015167626254556713,0.006407532208180413,0.0011686504379204707,0.0015972311489350702,-0.002526589797627662,-0.0004290475699251234,-0.0038298301092252896,-0.03563293043439434,0.004515193582213655,-0.008272913808350095,-0.161613393064455,0.17974592989902524,0.003420958247650162,0.007247481873430761,-0.0062463765665246775,-0.035743502332831634,0.02561583908271808,-0.003949871924612872,0.007089780882793707,0.34332452717285655,0.018638909124216115,0.35517539646799307,0.010276214337254562,0.004890342276990142,0.013014321689155974,0.0028785996371134075,0.015770282664492173,0.016261484487210973,0.005972227165169408,0.0003552793172652235,0.0008812555778550109
4_3,0.0031043943312294387,0.0036595147302371646,0.005847091091423541,0.0026764078617203643,0.027109675270981622,0.00910754475485836,0.012262355240543346,-0.00032523954394848023,-0.032792181192507874,0.1501471126243413,0.04053978582479104,-0.011777443703070843,3.819521422882324e-05,0.00021211792437642371,-0.00642314871243258,-0.001293563723805298,0.005622442074706684,0.0010638194872776953,0.0016109566725814922,-0.0022726904059604787,0.0008034374599805993,-0.0037957505889970092,-0.028945019178352027,0.003717767325002492,-0.009255551794246605,-0.16750870651649202,0.17685938935264148,0.0034072846792498894,0.006204325252428612,-0.0057917257365024365,0.010000507114328497,-0.03854147257055907,-0.005726665870103157,0.011467873818205545,0.34815342305140684,0.023458869310527975,0.35729181332020826,0.009347336559977963,0.003906869807241385,0.01114395227044871,0.002242571891199216,0.014126133690740499,0.01411477475795886,0.005054108684224923,-0.0002376420992845845,0.0007295055891190525
4_4,0.007980017515865133,0.0038652686909141187,0.005742136304954004,0.003292027739354966,0.02985122536073571,0.009586739221368483,0.012316492709688596,0.001651043450629288,-0.028688723108375294,0.1505414278084848,0.037770042539605794,-0.013811245943059913,0.0005704797192727462,0.00041051412118242825,-0.005613613909826705,-0.002096957432089506,0.005706093460613386,0.0014385508568154593,0.0018371482674609967,-0.0027565887156520193,0.0007251173499235287,-0.004339204066882693,-0.0362164507123277,0.004168160363108539,-0.010560965386283873,-0.16423745993796962,0.1774875248765737,0.005513976728100387,0.005234821651234186,-0.006497832295757835,-0.06985050018457373,0.03167563027474974,-0.00501375440888038,0.007482316485891311,0.3314846683985568,0.01780905545528365,0.337475007392686,0.010527797367272834,0.004849891712746491,0.013119166315188863,0.0019709963741463277,0.01511815805489225,0.016407348311785936,0.005390323526117505,0.0008281324670150303,0.0004947836972569413
4_5,0.007615089132309473,0.004011486248191067,0.005921963402374396,0.0028294165524632847,0.029780579445299382,0.010056385054832122,0.013131902133191029,0.002086079215928982,-0.04561425780361801,0.15387423007620768,0.040686821046852714,-0.013051745198766559,-0.00016340471522675878,0.00031364014046686417,-0.005997483838220653,-0.0009324405151919066,0.005951975636234298,0.0015511219915042712,0.0013109926196229293,-0.0025381726518493627,-0.0001396817265851955,-0.0038385082065500644,-0.035520393820696904,0.0036241211604462987,-0.011742875659529885,-0.16438565080082157,0.18268924135483727,0.003128055601907496,0.007116579995086373,-0.005584433639958676,-0.04468301750842881,-0.018380400702029776,-0.007689891744897059,0.008351786071843717,0.3422173208549355,0.019317833749508437,0.3535078348278709,0.010705985956243265,0.00498995609138038,0.013616860495985011,0.0027354233515814296,0.016106199777146897,0.01567596783579738,0.005861991105365396,0.0002909050759119139,0.0008917373886919474
5_1,-0.02817078450677563,-0.038847311870766406,-0.030222331056607123,-0.026203464482756525,-0.039561189602758756,-0.019067282199272926,-0.027831779383093194,-0.02786172814968974,-0.06031590165567467,-0.09791271003667482,-0.06884652982636431,-0.07238344105012777,-0.008732840694346392,-9.328948512962347e-05,-0.01267290262197465,-0.003693316409589493,-0.00102592524622082,-0.016205384100607432,-0.008321414621847174,-0.0046597911667774225,-0.02152938626253919,-0.0016561153998029844,-0.08281184560007507,-0.034882842982462275,-0.029788819541609297,-0.1449184067914899,-0.11343054911242618,-0.02551821291868531,-0.09063869919108909,-0.03203041986420485,-0.11708227133550203,-0.060422948212975405,-0.014612334020039594,-0.0031451919612594877,-4.095126409957244,-0.025734859178869997,-3.0939612034795854,-0.02510489434473621,-0.031819747566611996,-0.02745519267040093,-0.02960145588718349,-0.028004439381127386,-0.03612363548539005,-0.01831557066788112,-0.028563729106960457,-0.05549080918674545
5_3,-0.028282391338693456,-0.03254999708330854,-0.029419106342519732,-0.027978870051092532,-0.03948768451682741,-0.019312280988172125,-0.027917554277021403,-0.027959595635017407,-0.059995900766384024,-0.09578075383980351,-0.06795272031359292,-0.07234272992873059,-0.00886976105067903,-0.0025721972980609982,-0.012464017535773558,-0.004652671043695437,0.007962192440628693,-0.007495813951458662,-0.008168200943756556,-0.004429198650372015,-0.015007694018483243,-0.028766371005335346,-0.08247110775930833,-0.03548725995563739,-0.02952674586461728,-0.1434943868672687,-0.11149660464370552,-0.02444774629621943,-0.09120597076389085,-0.032155389744921846,-0.10553832724540074,-0.06057836931409576,-0.014576028651218842,-0.003345789583843016,-4.061924687612502,-0.027584695221096203,-3.0889781962506295,-0.01826213691234883,-0.031729649218505004,-0.02931160901279504,-0.028683398424678246,-0.022919919629624162,-0.03612472042732217,-0.018325459435878166,-0.02859596172776868,-0.0554113298928688
5_4,-0.028560267015960393,-0.03866262481802288,-0.030629799669494973,-0.026588444483550175,-0.040126908699496706,-0.019133474095714417,-0.02799509983982302,-0.028114918084215203,-0.05584802831583578,-0.09888704365419154,-0.06999325978181824,-0.07306520871990618,0.0026447225651154422,-0.002369507640952345,-0.011566296340083423,-0.003652307322164719,-0.007540275872345462,-0.01656470625457379,-0.008468792946380747,-0.004719237745416231,-0.02126152012991128,-0.01158749667933128,-0.09038621767643586,-0.034453274969434455,-0.030840819551018653,-0.14409889829128747,0.0007705824902816168,-0.024824360647195703,-0.08686508329734466,-0.03241231966330107,-0.1122887458201368,-0.060383367547194505,-0.014514234239044277,-0.002995768565652893,-4.123780885577004,-0.02535448722952086,-3.172063775855811,-0.025694515562022943,-0.032136661131352585,-0.02760460158413448,-0.02900257287597358,-0.028285453682805894,-0.03678823151096215,-0.018532217679801177,-0.02845964755837347,-0.05543594196526822
5_5,-0.02810451929161639,-0.03931422746033263,-0.029633909633722734,-0.02645999801637148,-0.0379713285882283,-0.019703231103127095,-0.027522131901718268,-0.02796437646843719,-0.04322603964966943,-0.09217484760580462,-0.06792798789141971,-0.07291874443713567,-0.003562188536040713,0.00018631754684446392,-0.013599882153117327,-0.004078157234902978,-0.007559715128450806,-0.016229122827435168,-0.008157613554694099,-0.005306877996106239,-0.022091400179000027,-0.014892848004691645,-0.08306781579123138,-0.035005064658713544,-0.029872854188373692,-0.1421187063670694,-0.1092381596729018,-0.026035611628330246,-0.09276118033781705,-0.03185665801170962,-0.04603644852977341,-0.05631470735144751,-0.014010060332799097,-0.0027809184047241217,-4.158291905020999,-0.02806020344918317,-3.140905304916093,-0.02570248059834042,-0.03136628242750257,-0.027618675145885726,-0.031176323251819443,-0.02650690610146765,-0.03676737051182752,-0.018611849630069184,-0.028252036942938583,-0.05517497180517907
6_1,-0.003273971269850671,-0.002472331236525737,0.0008651794887495402,-0.0026993425133813795,0.013179302685762017,0.006704973513437051,0.004329413064229755,-0.004550408935809957,0.017196101861628732,0.1641240052257513,0.050369405672026336,-0.0068534171485382205,0.0007494039989634058,-0.003055905104319814,-0.005282798067843277,-0.0009298214085225551,0.002989665901541592,0.003048924495515408,0.0014484138548598662,-0.0007513151542797836,-0.0017789610233319793,0.001346792556337707,-0.029121879033854707,-0.00207916274168618,0.01839613373670856,-0.113448782212132,0.18591886007228814,0.0106635038968707,-0.013086084235044444,-0.0034256922382984185,0.00588247613461813,0.03312716985690823,-0.0005164046701661867,0.005781283053268386,0.3735738774212487,0.020409926898581766,0.4073590772552546,-0.0035268389275569714,-0.0021309500079065447,-0.0002823713827782211,-0.003138384025278045,0.007567602099733678,0.007047221989132857,0.0020247622401685208,-0.0030200708372438915,0.005163157371523683
6_3,-0.0027572197509150016,-0.0029330499690001146,0.0007554081219355317,-0.0027348483448670314,0.009739873061928098,-0.00132774579605175,0.0031750462544807836,-0.004918925310859824,0.019569931192442856,0.1595664236761314,0.04718676630867857,-0.007213975108998725,0.0009140135911627333,-0.00014039856918604632,-0.002583188498275972,0.0024689883993857607,0.004881032418523252,0.001157088070113455,-0.00031505621166488443,0.007833913344682702,-0.0014889497526613508,-0.011077401188854688,-0.034551487254802886,-0.002066264073968162,0.014044986457101432,-0.1709367698627843,0.17716388538450534,0.013247841304915138,-0.014071960605772597,-0.006266613782841279,0.0011495273251626579,0.029863242880183955,-0.00560216962998524,0.007789304416400388,0.3754092920153756,0.01815686219903923,0.4030867799980254,-0.005342393928887603,-0.0034030867535245536,0.0010518668936370496,-0.003907910360021031,0.008936646754483135,-0.005390278925637212,-0.0005937730660544378,-0.0034603760287276316,0.0038700413169713184
6_4,-0.008550302078222325,-0.004475323640680186,0.002134638280986167,-0.0028272202757042364,0.007386745001076729,-0.002948509371225221,-0.006857059518667961,-0.0023942217781425116,0.01883983466350281,0.15201952569729102,0.04963086512608849,-0.005089719363612409,-0.017160740787064564,-0.00021142561812806076,-0.005288246709350994,0.0021589709386765628,-0.07183230077230553,0.0028425218069084417,0.0004491352811299353,0.0074025368522004096,-0.0021602254268272515,0.0008095994278893866,-0.027499608900386212,-0.0013377123235437528,0.01728729888936697,-0.18308393617138474,0.16932241669238413,0.023687154555205186,-0.011936513402167205,-0.005211053496076691,-0.0018345498520143328,0.028687535862144103,-0.005659985543233363,0.005578484694394949,0.3768160149702788,0.01873725359862786,0.40053275791127546,-0.007163641115403841,-0.0032605048310755387,0.0010853405485338832,-0.0030812274536974322,0.005098637788316917,-0.0039778954255784245,-0.005536498728629504,-0.0039890359204637895,0.003935512799457194
6_5,0.0041011405033570016,-0.0008788171156185749,0.0015651878065384218,-0.0007516105452265248,0.024078299541996376,0.009524924864195964,0.00621407707106113,-0.0032381015347484974,0.02089962955587349,0.1571112490618391,0.047216908543211644,-0.010556645153081188,0.0013979255281637594,-0.0014594221949236572,-0.0055108970963355965,-0.0018276924171661164,0.005955298483848322,0.0020486096975639682,0.0005629828614008168,-0.0024683708233829834,-0.003227253725803648,0.0002931182196160262,-0.03366426040817699,-0.00529139047145263,0.011887679938266154,-0.17124288373752436,0.17271261267208352,0.0097402206227734,-0.013765535460321195,-0.005992975236903683,-0.002384971154398969,0.03496325037441386,-0.0011885963766585488,0.008604889949146472,0.35121874620504884,0.01744481928949226,0.38687126058220017,0.005518379288033622,-4.8587390112045967e-05,0.0019890237432367273,-0.0012273566404108966,0.012261234534278152,0.013195314344809571,0.002820870527087469,-0.0007231629973689096,0.0005079010580135895
7_1,-0.007695456653647273,-0.007933948990685299,-0.01151520158080773,-0.007080601122683658,0.003954287234481331,-0.01021766434436657,-0.012862513202448704,-0.0046541444043777065,0.010076166995307473,0.13481029819294776,0.030272198615622758,-0.019943099159647013,-0.007359879110825535,-0.0006503812655459532,-0.006616883687888329,0.0020869352200572327,0.0014062587893866108,-0.0023620748762509212,0.0010491382371121045,-0.0038712626314908673,-0.0009143878078380389,-0.010320663709326782,-0.04687411764255075,-0.0021406979390039414,0.01650817470130814,-0.18941820138120713,0.16021579506283865,0.014345962851239858,-0.012675692951114927,-0.008736694375996593,-0.016779086466174337,0.025215974192521834,-0.009374407647408088,-0.004890768238710944,0.3635728718531721,0.017964594401977518,0.27341023559826416,-0.008354306134866873,-0.006045276859468725,-0.009559220750851919,-0.004965675419970866,0.004757100890875813,-0.016536821011658653,-0.003973790085028382,-0.0065870003241146466,-0.0009317815484659117
7_3,-0.008932878577712793,-0.006201235465635133,-0.00022771657683750906,-0.004083628924049068,0.0036917825345029283,0.000598633949789714,0.0033027101383823025,-0.0043530532885360735,0.00547759711025628,0.15246152119561404,0.035493916188170806,-0.02064627934851003,-0.023505514606394846,-0.004368951471379423,-0.007791858362120212,-0.005551808034152893,0.004638711869480917,0.0001647055821109722,-0.00022599394051477692,-0.0034913134219288363,0.0018446714905131364,-0.009028600997901027,0.06043241068908927,-0.003745015765575095,0.011749244408550802,-0.18916034760311082,0.17144673810728833,0.011490665002126671,-0.008202363778821432,-0.005264644678942597,-0.01660893249267586,0.03502607417243297,-0.007742644179037596,-0.0038333689034872644,0.3998058582761032,0.01745696703279571,0.35008280885559245,-0.009704089209833136,-0.005350864889783635,-0.002237747142323769,-0.004779598031283609,0.004182853964330099,-0.009549626271055114,-0.003578724963677931,-0.004828516326985061,0.0007157612667623826
7_4,-0.007816878135190877,-0.0062948950272002325,-0.009003028830546276,-0.00820953231589185,-0.02701492440473686,-0.003664443592402989,-0.009998169673989468,-0.003576453392785274,0.013338349945509883,0.13970613978906724,0.031116514259028387,-0.021843680156912182,-0.0010928640656369011,-0.0023004050412453645,-0.006841654599468837,-0.0021560854605699,0.0027551149109429187,0.002880892828844182,-0.0005791297768601512,-0.0031598004490396,-0.0022234555115970673,-0.011079985166342406,-0.05319697038032183,-0.004015846755814188,0.016882996800699723,-0.19250333976847056,0.15479739598591125,0.018791528211843746,-0.012919912663082941,-0.007602754161561356,-0.008179645150731005,0.004775880278921362,-0.006029924439896064,-0.0058022195134429634,0.36235834997738836,0.0169003751937405,0.3064720538482167,-0.00859866586401885,-0.005838696495168399,-0.010581246023198373,-0.0052866886464970906,-0.01245240687888899,-0.009718229943950786,-0.004256368937934253,-0.005079259534352389,-0.0016837958806842671
7_5,-0.011010098294663446,-0.006443136329598069,-0.007294459489800127,-0.003453951858690572,0.0051888013051314096,0.0015531945174411805,-0.00825321912147473,-0.0035331364120973277,0.008395524121772982,0.14685709289438437,0.03319042570399802,-0.022574103505260318,0.0003027477690533917,6.078157997622731e-05,-0.00660891040910471,-0.0016269376099204255,0.0032603486023769545,0.0002927635819143863,5.2214214207118635e-05,-0.00370009787737441,-0.0016082674081926173,-0.009224398329674834,-0.052652767774799054,-0.0026153675220852764,0.010032787260124468,-0.18213981089581063,0.16506960271367005,0.018792425150682694,-0.012933408026287067,-0.008138279051194857,-0.00413589487123298,0.030399884488527987,-0.00919336332209482,-0.004432027483298498,0.41053431909717425,0.01785096882273605,0.3080762710646727,-0.009208907965954416,-0.005709131040248867,-0.012048377834800122,-0.004833218270826362,0.004084457711539829,-0.007539379685329992,-0.00431665875437098,-0.004735274125930136,-0.0005673983715238107
8_1,0.005097028777561441,0.002927559588078925,0.004783377906265046,0.003994516643557496,0.026301766225051183,0.008102297633051354,0.011878923326412409,0.0010119514325972777,0.017546143012147658,0.14972622224721985,0.04102581803694117,-0.01139439141899228,0.0006419316685034389,-0.0025037241034353013,-0.00533164409307578,-0.001540258634759688,0.006001480028556603,0.0037415791162540707,0.001050422704233723,-0.002966555262231058,0.0020693734969673885,0.002032952344749945,-0.03691419671280765,-0.003104823346525966,0.005741276120178803,-0.1718430922311464,0.16892799511799356,0.004342623849185063,0.004595538760753215,-0.004203378963475999,0.002289029740552012,0.03408052288228732,-0.00012369420808254367,-0.003824576737023675,0.3262335026569308,0.009612195661010311,0.31741997875128547,0.00663196219133918,0.004097588607204992,0.012743116972370749,0.0019748254983255917,0.013523521832120047,0.014863376411073733,0.004969574348461931,0.000338487243757241,0.0052305124236342575
8_3,0.005237340717500025,0.0033906714784227095,0.0044502088617341335,0.0036295337475389052,0.02353695032914364,0.008452272373680004,0.01151782910764575,0.0008807330719266258,0.02008506477325927,0.14157537078559335,0.03912096168897839,-0.013135386860522562,0.0005670551722947467,-0.0023906711160948976,-0.005421958558743632,-0.0022362883221322943,0.0053755695656491,-0.0006376114505316346,0.00028095674113741545,-0.0027693248645526123,-0.0001914766188211613,0.0024907776235832593,-0.04289396532112275,-0.00393068661150289,0.008433701157065026,-0.17905595003087285,0.15939567113182407,0.0035968566786756806,0.0005522372444025833,0.002585743931605451,0.0010434711746265006,0.03306741306465643,-0.00042189917031724506,-0.004090653778617425,0.3149383885828715,0.008445951469267179,0.27006511936176025,0.005548468990549763,0.005180023893639473,0.01291906096498642,0.002162894181625075,0.012870464283553698,0.014614001247824533,0.004655634993182047,0.0002771876239926266,0.004965354221004288
8_4,0.004834617435761941,0.0027820038995651497,0.004487245172379651,0.0038843214033895445,0.02272748643954025,0.007599851673305729,0.011448090151938897,0.0005912652711150539,0.01567375600466092,0.1379454246157543,0.0375032516950622,-0.01312348481877262,0.0005854201652123186,-0.0025562502046460184,-0.005664720082515527,-0.002993327930560886,0.005367776916070703,0.003679181804011402,-4.1843921248943165e-05,-0.0036276377953343326,-0.0015932144886449842,-0.008990399131482994,-0.04803365412592719,-0.004023867146393728,0.006678208817167167,-0.18067664244999346,0.1551952781425112,0.003293112575465335,0.003711455274647404,-0.0030096932791018184,0.0006957620440036122,0.03280697729969933,-0.0009881434439571023,-0.004460895087613493,0.3115910800425543,0.007930725509871927,0.26040564953698037,0.004734945504175769,0.003980889642321906,0.012384417276611673,0.001920220928846301,0.012861431802688105,0.0145522746377485,0.004230678477605448,-4.384838207562283e-05,-0.0015397552632707649
8_5,0.005227749737787048,0.0035302533875585375,0.005141968227067469,0.003393124982711858,0.024634763144574176,0.00861319972203097,0.011595453051500566,0.0012464466116518407,0.01975783839230089,0.1523029547176951,0.044244868436051944,-0.009785781305487929,0.0018490815881559688,-0.0023240911691892597,-0.004651358851760779,-0.0009107742881111038,0.006447544140159076,0.00108813283528055,0.001757666029810642,-0.002213747133199864,-0.0007241848447877779,-0.0005481952414532939,-0.03584721323504882,-0.0028208499957030676,0.01409424897777235,-0.16565193148557136,0.16653793826308103,0.0033316755552255236,0.002076313274732829,0.0017504697451387065,0.001480870719851749,0.03466126848128116,0.00010868336108667972,-0.004229103373208478,0.32583710401110877,0.010172279123172224,0.3474814085357159,0.00616274711158731,0.003734103537456364,0.01396681008019379,0.0019743406551920835,0.013999947958913102,0.014667706127110687,0.004504814675713163,0.0007851303510281495,0.0007810396957356946
9_1,0.003535294082398648,0.002599559680522572,0.0029737509476515877,0.004030970809512454,0.023088399018861033,0.008064344937563927,0.011222830948088352,0.0005010943956220015,0.022803497391074293,0.15133742984432108,0.03930360531966371,-0.011370889902827927,0.001625367222320538,-0.004697352905242747,-0.006397520072169179,-0.0036650744938602512,0.003794220198730226,0.0011504387509190612,-0.00015402154845747115,-0.004367288882238188,-0.0005670443271278841,-0.00036554284075677107,0.034003561137385334,-0.013862994850678876,0.012300715213599125,-0.15358850489868808,0.16154380891713102,-0.007900548248188916,0.0007592949260307543,0.0015727770434590723,0.008880360054850918,0.03656877855244394,0.0008693767205464132,-0.00268990918618684,0.3563848413544177,0.017633699099414542,0.41346065426658785,0.004566134773761601,0.003129946328485393,0.010516108684236709,0.0018841628754172955,0.012090025795945744,0.014211343246077068,0.006049166669604379,-0.00039977378812966014,0.0027310410066533628
9_3,0.006426101157422406,0.00437177935615908,0.007671039247366856,0.005532197376722089,0.02957588489684097,0.010062569309479335,0.015268975149252668,0.011882938812082687,0.026714402407081967,0.16009246681829153,0.04577509429211599,-0.01051372726837066,-0.02641059005623745,0.004673798609521641,-0.001450760840695244,0.004525998458753613,0.005168788285065723,0.001495144338997244,0.002170042466063966,0.009779417704793406,0.0017766630361970399,0.004073747862316817,0.07464855293460511,0.0063684371953532035,0.011607528580088825,-0.14116846745553782,0.17383338559837114,0.005098904223187928,0.007416734623368844,0.0020902434836683253,0.013623668590902374,0.0401474996667218,0.0014695760085434973,-0.002733232703006255,0.3738033209106002,0.018377605241939644,0.4643020381090432,0.009076405807176629,0.00551256950188669,0.015886947979067794,0.004597569526068698,0.015050112144155083,0.016887053513333677,0.008094222614046253,0.011088828773228181,0.006320113253503041
9_4,0.005230817980341067,0.002878982261873422,0.0037174104595744752,0.004539430714226417,0.025057231338785676,0.009087791531704383,0.013053483409478242,0.007742521061720819,0.02033007018795847,0.1560167175866765,0.04096716611945607,-0.010911249884377488,0.0013187606180652019,-0.00032326815013301576,-0.005010187888038733,-0.0022005524952588367,0.004703972134620476,0.0004883932024040975,0.0009406641875976239,-0.0017006041847899137,0.001763474602967397,0.0071733442930975826,0.04265947170438774,-0.00825118436337658,0.012055053124734766,-0.14955362092658225,0.16818769923496626,-0.008510774392422841,-0.006683007441829929,0.0019350724282364011,0.009756547908620431,0.03743274315019013,0.0010054502917916227,-0.0027800578362751054,0.3602200051424112,0.017810803220018327,0.4254471157235066,0.007157872077546233,0.0031088508805581375,0.011142411555501951,0.00371085272497619,0.012173897610352882,0.015250863113987554,0.0066109067873689215,0.005207066465683355,0.002795648630807126
9_5,0.004590401904270628,0.003333031319038164,0.006291868011020344,0.004220698967978911,0.02507592592387339,0.009658287502177804,0.012389682792993536,0.008490161525351722,0.02484429606020353,0.1526697143719869,0.04133782224973063,-0.010572966742049291,0.00022308019354713802,-0.002832344628366235,-0.0007422156698169142,0.0028357338526591737,-0.02331164142579966,-0.0025098929772951963,0.0011916831994482943,-0.0011949185854527818,0.0018297929721736873,0.006619179840808025,0.04321062042841602,-0.011115949323233626,0.012228584042945431,-0.15092100364980032,0.1650280446280582,-0.006884704415497787,0.0013953755307150983,0.0020170696443448273,0.009012324472912956,0.037662836993663656,0.0001979292522981475,-0.0028065289409250098,0.35959162714268983,0.0180087550791274,0.41969204206845684,0.0056677871103900145,0.005174506010824281,0.011400590207436001,0.0020350982069572985,0.014109717653749685,0.015285362895901213,0.006239601536864391,0.002000752862151232,0.004179550414277753
